15.656284
-14.173016
74.116731
44.347383
57.908901
48.386600
-242.559616
-29.652617
3.116731
-78.091099
96.348154
17.285106
-48.861514
-25.790332
-94.640708
-110.486823
-139.959292
-155.805407
-234.600000
5.111922
-271.404152
-305.421024
-227.617054
-315.000000
138.708718
-172.834167
-172.834167
242.559616
-290.432822
68.391540
-153.579529
-136.853293
-43.289764
-43.289764
-3.354230
-3.354230
-29.904230
-29.904230
-163.146707
23.366364
16.150991
-15.201918
74.650927
44.504186
58.246805
50.573564
-228.490377
-29.495814
3.650927
-77.753195
157.500000
-18.434890
4.934890
-94.347441
-78.009700
-140.252559
-123.914818
-234.600000
111.586622
-313.511140
-411.112986
-315.000000
42.912902
-231.710166
-231.710166
228.490377
-326.946032
42.818685
-164.951550
-138.628118
-48.975775
-48.975775
-16.140658
-16.140658
-42.690658
-42.690658
-161.371882
15.746088
-14.359791
74.213703
44.375848
57.970240
48.783598
-243.143389
-29.624152
3.213703
-78.029760
157.500000
-18.312693
4.812693
-94.587471
-79.565776
-140.012529
-124.990834
-234.600000
104.540070
-309.096680
-402.303333
-315.000000
146.420914
-176.982152
-176.982152
243.143389
-263.030256
48.701169
-120.125947
-142.904308
-101.565694
-101.565694
-13.199415
-13.199415
-39.749415
-39.749415
-157.095692
-130.898844
150.005441
-130.898844
