16.551354
-15.614637
70.796968
41.761782
56.640285
48.622680
-235.963493
-29.270406
2.936261
-79.189729
110.718182
66.589971
-44.980731
-22.042701
-92.857146
-100.132211
-137.914181
-145.189245
-230.771327
18.729444
-264.050901
-304.735714
-196.741746
-308.118612
129.746770
-164.760799
-164.760799
235.963493
-277.445158
84.098514
-141.807286
-135.637872
-41.541437
-41.541437
4.253975
4.253975
-20.775312
-20.775312
-164.362128
49.662762
29.032708
-40.608644
87.360877
45.166123
66.656341
99.099161
-247.476260
-28.060724
13.352122
-75.473381
-13.607995
-109.854920
-77.270634
-115.280821
-95.458500
-179.285939
-159.463618
-294.566760
97.584206
-352.506324
-446.864948
-377.714766
65.232150
-236.085693
-236.085693
247.476260
-353.466164
94.075128
-165.728442
-138.074960
-44.876827
-44.876827
9.311554
9.311554
-18.510659
-18.510659
-161.925040
14.268531
-14.716613
74.612296
43.500922
57.759776
46.650054
-241.267694
-31.522030
0.710564
-80.083873
168.818561
-8.058691
15.932052
-92.401083
-73.170987
-139.525956
-120.295860
-231.927039
119.859485
-313.326332
-415.471301
-313.804875
138.035517
-172.421976
-172.421976
241.267694
-250.735365
43.903935
-108.098875
-142.636490
-106.259779
-106.259779
-15.477867
-15.477867
-41.480011
-41.480011
-157.363510
-151.757655
176.392590
-151.757655
