24.647209
-15.623196
69.575269
40.051509
56.271484
40.062482
-244.584472
-38.083897
-5.071508
-93.141532
151.002597
38.574740
-16.593667
7.628811
-91.168959
-107.543114
-138.749028
-155.123184
-229.917987
12.255269
-274.921567
-313.283926
-267.373400
-315.000000
125.360779
-173.418860
-173.418860
244.584472
-276.754601
62.631513
-138.991661
-137.762940
-57.197404
-57.197404
-10.259054
-10.259054
-37.791269
-37.791269
-162.237060
-3.788031
20.078856
-18.148985
84.636577
48.513305
64.436332
71.119024
-207.615853
-17.390858
18.028697
-63.480418
-0.834104
-91.066558
-65.933349
-95.398892
-96.670054
-144.767902
-146.039065
-240.166794
74.516842
-317.225961
-394.802398
-315.000000
0.786066
-225.734335
-225.734335
207.615853
-288.315565
17.002369
-153.501944
-138.601652
-54.964839
-54.964839
-32.997426
-32.997426
-58.037418
-58.037418
-161.398348
17.970670
-14.917540
82.054662
47.122906
67.500714
61.029463
-237.857927
-20.397751
15.543104
-79.825398
155.700417
-23.480547
2.141244
-95.490609
-42.735487
-145.819338
-93.064216
-241.309948
172.424912
-308.224615
-438.784948
-315.000000
168.817891
-179.481243
-179.481243
237.857927
-277.709037
110.583451
-134.102097
-143.606940
-98.715287
-98.715287
21.604875
21.604875
-6.997484
-6.997484
-156.393060
-101.004531
168.103194
-101.004531
