24.671115
-15.690283
69.563613
40.029871
56.262191
40.142245
-244.731321
-38.105535
-5.083164
-93.150825
134.717058
-6.907073
-24.744459
-0.505936
-91.049640
-115.755099
-138.661224
-163.366683
-229.710865
-0.748737
-278.373045
-309.957469
-286.211658
-314.792878
128.914025
-175.425584
-175.425584
244.731321
-279.970778
43.084486
-141.773654
-138.197124
-58.588401
-58.588401
-20.032568
-20.032568
-47.564783
-47.564783
-161.802876
-23.460080
10.530180
1.693208
74.288223
45.457531
57.888592
28.881012
-191.017461
-20.446632
7.680344
-70.028158
167.420738
-4.058221
15.313156
-74.386335
-75.968060
-112.437415
-114.019140
-186.823750
91.668771
-281.655971
-364.607011
-261.656956
-6.918978
-223.158423
-223.158423
191.017461
-273.795340
-19.357754
-157.958272
-139.297148
-57.193003
-57.193003
-51.177488
-51.177488
-76.217479
-76.217479
-160.702852
18.544643
-16.128668
82.636982
47.275618
67.867138
63.540922
-241.580515
-20.245039
16.125423
-79.458974
138.086174
-32.461696
-6.491849
-97.526173
-47.016903
-148.538587
-98.029317
-246.064760
163.911460
-308.957680
-434.905172
-319.754812
177.871445
-186.025989
-186.025989
241.580515
-294.024798
114.666364
-150.126573
-143.898225
-92.024898
-92.024898
23.646331
23.646331
-4.956027
-4.956027
-156.101775
-93.774907
138.697940
-93.774907
