15.800000
15.800000
76.000000
76.000000
15.800000
15.800000
76.000000
76.000000
100.000000
100.000000
100.000000
68.950000
68.950000
68.950000
0.000000
2.400000
2.400000
2.400000
2.400000
2.400000
155.000000
80.115858
400.000000
400.000000
50.000000
50.000000
50.000000
50.000000
50.000000
50.000000
155.000000
155.000000
350.000000
15.800000
15.800000
76.000000
76.000000
15.800000
15.800000
76.000000
76.000000
25.000000
25.000000
64.130915
68.950000
68.950000
68.950000
0.000000
2.400000
2.400000
2.400000
2.400000
2.400000
155.000000
155.000000
400.000000
400.000000
50.000000
50.000000
50.000000
50.000000
50.000000
50.000000
155.000000
155.000000
350.000000
15.800000
15.800000
76.000000
76.000000
15.800000
15.800000
76.000000
76.000000
100.000000
100.000000
100.000000
68.950000
68.950000
85.559948
0.000000
2.400000
2.400000
2.400000
2.400000
2.400000
155.000000
70.123876
400.000000
400.000000
50.000000
50.000000
50.000000
50.000000
50.000000
50.000000
155.000000
155.000000
350.000000
