  6  31  1  7  29  1  7  29  1  7  29  1
  67  138  1  2090  152  1  2090  152  1  2090  152  1
  117  140  1  1971  2047  1  1971  2047  1  1971  2047  1
  123  144  1  117  143  1  117  143  1  117  143  1
  294  346  1  314  381  1  314  381  1  314  381  1
  1682  1683  1  1644  1971  1  1644  1971  1  1644  1971  1
  1682  2029  1  1971  2047  1  1971  2047  1  1971  2047  1
  1882  2333  1  2029  2064  1  2029  2064  1  2029  2064  1
  1883  2064  1  1971  2047  1  1971  2047  1  1971  2047  1
  2029  2064  1  1971  2047  1  1971  2047  1  1971  2047  1
  2197  2274  1  2029  2064  1  2029  2064  1  2029  2064  1
  1384  92  1  68  78  1  68  78  1  68  78  1
  6  31  1  7  29  1  7  29  1  7  29  1
  67  138  1  2090  152  1  2090  152  1  2090  152  1
  117  140  1  1971  2047  1  1971  2047  1  1971  2047  1
  123  144  1  117  143  1  117  143  1  117  143  1
  294  346  1  314  381  1  314  381  1  314  381  1
  1682  1683  1  1644  1971  1  1644  1971  1  1644  1971  1
  1682  2029  1  1971  2047  1  1971  2047  1  1971  2047  1
  1882  2333  1  2029  2064  1  2029  2064  1  2029  2064  1
  1883  2064  1  1971  2047  1  1971  2047  1  1971  2047  1
  2029  2064  1  1971  2047  1  1971  2047  1  1971  2047  1
  2197  2274  1  2029  2064  1  2029  2064  1  2029  2064  1
  1384  92  1  68  78  1  68  78  1  68  78  1
