  psseraw:file=IEEE24busPsse30.raw&lowx=adjust
 -1  3  7  -1 0.0 0.25070214 7 -1 -1 -0.14557707 -6
 -1  3  7  -1 0.0 0.25070214 8 -1 -1 -0.10512507 -6
 -2  11  8  9  -2  -2  -2  -2  -2  -2  -2
 -2  12  8  10  -2  -2  -2  -2  -2  -2  -2
 -2  6  3  9 0.007529497 0.2597844  18  14  16 0.007529497 2.75
 -2  6  3  9 0.007529497 0.2597844 7 -1 -1 -0.15023625 -6
 -2  6  3  9 0.007529497 0.2597844 8 -1 -1 -0.10954815 -6
 -2  7  4  9 0.0 0.26874948 7 -1 -1 -0.15488178 -6
 -2  7  4  9 0.0 0.26874948 8 -1 -1 -0.1138677 -6
 -2  35  11  9 0.0 0.42576516 3 -1 -1 -0.004937947 -6
 -2  35  11  9 0.0 0.42576516 4 -1 -1 -0.008131802 -6
 -2  35  11  9 0.0 0.42576516 7 -1 -1 -0.20818192 -6
 -2  35  11  9 0.0 0.42576516 8 -1 -1 -0.16370845 -6
 -2  35  11  9 0.0 0.42576516 9 -1 -1 -0.04080504 -6
 -2  36  9  12 0.12082529 0.37563646  18  14  16 0.12082529 2.75
 -2  36  9  12 0.12082529 0.37563646 7 -1 -1 -0.19579208 -6
 -2  36  9  12 0.12082529 0.37563646 8 -1 -1 -0.15207767 -6
 -2  36  9  12 0.12082529 0.37563646 9 -1 -1 -0.027766705 -6
 -2  8  10  5 0.0 0.27469462 7 -1 -1 -0.15794241 -6
 -2  8  10  5 0.0 0.27469462 8 -1 -1 -0.11675221 -6
 -2  9  10  6 0.0 0.30849308 7 -1 -1 -0.17541748 -6
 -2  9  10  6 0.0 0.30849308 8 -1 -1 -0.1330756 -6
 -2  37  11  10 0.0 0.54248554 3 -1 -1 -0.0040644407 -6
 -2  37  11  10 0.0 0.54248554 4 -1 -1 -0.011851072 -6
 -2  37  11  10 0.0 0.54248554 5 -1 -1 -0.008784533 -6
 -2  37  11  10 0.0 0.54248554 6 -1 -1 -0.009721458 -6
 -2  37  11  10 0.0 0.54248554 7 -1 -1 -0.24833894 -6
 -2  37  11  10 0.0 0.54248554 8 -1 -1 -0.20065606 -6
 -2  37  11  10 0.0 0.54248554 9 -1 -1 -0.020810485 -6
 -2  37  11  10 0.0 0.54248554 10 -1 -1 -0.038258553 -6
 -2  38  12  10 0.2950492 0.41477793  18  14  16 0.2950492 2.75
 -2  38  12  10 0.2950492 0.41477793 7 -1 -1 -0.21924222 -6
 -2  38  12  10 0.2950492 0.41477793 8 -1 -1 -0.17385328 -6
 -2  38  12  10 0.2950492 0.41477793 9 -1 -1 -0.010534823 -6
 -2  38  12  10 0.2950492 0.41477793 10 -1 -1 -0.011147618 -6
 -2  2  3  1 0.0 0.26759207 7 -1 -1 -0.15428048 -6
 -2  2  3  1 0.0 0.26759207 8 -1 -1 -0.11331159 -6
 -2  34  24  3  -2  -2  -2  -2  -2  -2  -2
 -2  4  2  4 0.0 0.3536712 4 -1 -1 -0.045799077 -6
 -2  4  2  4 0.0 0.3536712 7 -1 -1 -0.17221242 -6
 -2  4  2  4 0.0 0.3536712 8 -1 -1 -0.13005936 -6
 -2  4  2  4 0.0 0.3536712 9 -1 -1 -0.005600333 -6
 -2  13  11  13 0.54298615 0.2914977  18  14  16 0.54298615 2.75
 -2  13  11  13 0.54298615 0.2914977 7 -1 -1 -0.16663545 -6
 -2  13  11  13 0.54298615 0.2914977 8 -1 -1 -0.12486225 -6
 -2  14  11  14  -2  -2  -2  -2  -2  -2  -2
 -2  15  12  13 0.0 0.40342766 7 -1 -1 -0.2109778 -6
 -2  15  12  13 0.0 0.40342766 8 -1 -1 -0.16636634 -6
 -2  15  12  13 0.0 0.40342766 9 -1 -1 -0.021838784 -6
 -2  15  12  13 0.0 0.40342766 12 -1 -1 -0.004244745 -6
 -2  16  12  23 0.57056785 0.27224737  18  14  16 0.57056785 2.75
 -2  16  12  23 0.57056785 0.27224737 7 -1 -1 -0.15666825 -6
 -2  16  12  23 0.57056785 0.27224737 8 -1 -1 -0.11557913 -6
 -2  3  1  5 0.0 0.2972378 7 -1 -1 -0.16959143 -6
 -2  3  1  5 0.0 0.2972378 8 -1 -1 -0.12764639 -6
 -2  5  2  6 0.0 0.27595103 7 -1 -1 -0.15860802 -6
 -2  5  2  6 0.0 0.27595103 8 -1 -1 -0.11734301 -6
 -2  1  1  2 0.0 0.25682753 7 -1 -1 -0.14873785 -6
 -2  1  1  2 0.0 0.25682753 8 -1 -1 -0.108089685 -6
 -2  22  15  24  -2  -2  -2  -2  -2  -2  -2
 -2  17  23  13 0.48345613 0.25984436  18  14  16 0.48345613 2.75
 -2  17  23  13 0.48345613 0.25984436 7 -1 -1 -0.15030104 -6
 -2  17  23  13 0.48345613 0.25984436 8 -1 -1 -0.10954332 -6
 -2  18  14  16 0.0 0.34317464 3 -1 -1 -0.0021993518 -6
 -2  18  14  16 0.0 0.34317464 7 -1 -1 -0.18710297 -6
 -2  18  14  16 0.0 0.34317464 8 -1 -1 -0.14419162 -6
 -2  18  14  16 0.0 0.34317464 9 -1 -1 -0.009680688 -6
 -2  31  20  23 0.0 0.25210762 7 -1 -1 -0.1463331 -6
 -2  31  20  23 0.0 0.25210762 8 -1 -1 -0.10577452 -6
 -2  32  20  23 0.0 0.25210762 7 -1 -1 -0.1463331 -6
 -2  32  20  23 0.0 0.25210762 8 -1 -1 -0.10577452 -6
 -2  19  16  15 0.0 0.25172877 7 -1 -1 -0.14613461 -6
 -2  19  16  15 0.0 0.25172877 8 -1 -1 -0.10559416 -6
 -2  20  15  21 0.10469484 0.25288385  21  21  15 0.10469484 2.75
 -2  20  15  21 0.10469484 0.25288385 7 -1 -1 -0.14673132 -6
 -2  20  15  21 0.10469484 0.25288385 8 -1 -1 -0.106152534 -6
 -2  21  21  15 0.10469484 0.25288385  20  15  21 0.10469484 2.75
 -2  21  21  15 0.10469484 0.25288385 7 -1 -1 -0.14673132 -6
 -2  21  21  15 0.10469484 0.25288385 8 -1 -1 -0.106152534 -6
 -2  23  16  17 0.1266017 0.26679826  20  15  21 0.06330085 2.75
 -2  23  16  17 0.1266017 0.26679826  21  21  15 0.06330085 2.75
 -2  23  16  17 0.1266017 0.26679826 7 -1 -1 -0.15389681 -6
 -2  23  16  17 0.1266017 0.26679826 8 -1 -1 -0.11290145 -6
 -2  24  16  19 0.23130608 0.2505406  18  14  16 0.23130608 2.75
 -2  24  16  19 0.23130608 0.2505406 7 -1 -1 -0.1455307 -6
 -2  24  16  19 0.23130608 0.2505406 8 -1 -1 -0.10500991 -6
 -1  11  23  -1 0.9976008 0.0  10  7  8 0.08746004 1.95
 -1  11  23  -1 0.9976008 0.0  23  16  17 0.851424 3.0
 -1  11  23  -1 0.9976008 0.0  24  16  19 0.058716774 3.0
 -2  16  12  23 0.9051161 0.0  10  7  8 0.08863902 1.95
 -2  16  12  23 0.9051161 0.0  23  16  17 0.81647706 3.0
 -2  17  23  13 1.2147648 0.0  10  7  8 0.08819246 1.95
 -2  17  23  13 1.2147648 0.0  23  16  17 0.8763664 3.0
 -2  17  23  13 1.2147648 0.0  24  16  19 0.250206 3.0
 -2  31  20  23 1.0033593 0.0  10  7  8 0.08747196 1.95
 -2  31  20  23 1.0033593 0.0  23  16  17 0.85056996 3.0
 -2  31  20  23 1.0033593 0.0  24  16  19 0.06531739 3.0
 -2  32  20  23 1.0033593 0.0  10  7  8 0.08747196 1.95
 -2  32  20  23 1.0033593 0.0  23  16  17 0.85056996 3.0
 -2  32  20  23 1.0033593 0.0  24  16  19 0.06531739 3.0
 -2  15  12  13 0.89523244 0.0  10  7  8 0.09310508 1.95
 -2  15  12  13 0.89523244 0.0  23  16  17 0.78390884 3.0
 -2  15  12  13 0.89523244 0.0  24  16  19 0.018218517 3.0
 -2  36  9  12 0.86842585 0.0  10  7  8 0.09283662 1.95
 -2  36  9  12 0.86842585 0.0  23  16  17 0.7755892 3.0
 -2  38  12  10 0.8907192 0.0  10  7  8 0.089826345 1.95
 -2  38  12  10 0.8907192 0.0  23  16  17 0.80089283 3.0
 -2  13  11  13 0.9220755 0.0  10  7  8 0.090090275 1.95
 -2  13  11  13 0.9220755 0.0  23  16  17 0.83198524 3.0
 -2  29  19  20 0.9157486 0.0  10  7  8 0.08764696 1.95
 -2  29  19  20 0.9157486 0.0  23  16  17 0.82810163 3.0
 -2  30  19  20 0.9157486 0.0  10  7  8 0.08764696 1.95
 -2  30  19  20 0.9157486 0.0  23  16  17 0.82810163 3.0
 -2  6  3  9 1.1168706 0.0  10  7  8 0.08663201 1.95
 -2  6  3  9 1.1168706 0.0  23  16  17 0.9230375 3.0
 -2  6  3  9 1.1168706 0.0  24  16  19 0.1072011 3.0
 -2  7  4  9 0.985605 0.0  10  7  8 0.08763003 1.95
 -2  7  4  9 0.985605 0.0  23  16  17 0.84410644 3.0
 -2  7  4  9 0.985605 0.0  24  16  19 0.053868532 3.0
 -2  11  8  9 0.9820833 0.0  10  7  8 0.09259176 1.95
 -2  11  8  9 0.9820833 0.0  23  16  17 0.8396039 3.0
 -2  11  8  9 0.9820833 0.0  24  16  19 0.049887657 3.0
 -2  35  11  9 0.98367906 0.0  10  7  8 0.09436202 1.95
 -2  35  11  9 0.98367906 0.0  23  16  17 0.7730353 3.0
 -2  35  11  9 0.98367906 0.0  24  16  19 0.11628175 3.0
 -2  8  10  5 1.0065956 0.0  10  7  8 0.08783436 1.95
 -2  8  10  5 1.0065956 0.0  23  16  17 0.8563919 3.0
 -2  8  10  5 1.0065956 0.0  24  16  19 0.062369347 3.0
 -2  9  10  6 0.87943244 0.0  10  7  8 0.0957768 1.95
 -2  9  10  6 0.87943244 0.0  23  16  17 0.78052497 3.0
 -2  9  10  6 0.87943244 0.0  24  16  19 0.0031306744 3.0
 -2  12  8  10 1.0449195 0.0  10  7  8 0.11026025 1.95
 -2  12  8  10 1.0449195 0.0  23  16  17 0.86655307 3.0
 -2  12  8  10 1.0449195 0.0  24  16  19 0.068106174 3.0
 -2  37  11  10 1.061914 0.0  10  7  8 0.090987444 1.95
 -2  37  11  10 1.061914 0.0  23  16  17 0.786253 3.0
 -2  37  11  10 1.061914 0.0  24  16  19 0.18467355 3.0
 -2  14  11  14 1.3257031 0.0  10  7  8 0.09147787 1.95
 -2  14  11  14 1.3257031 0.0  23  16  17 0.7289479 3.0
 -2  14  11  14 1.3257031 0.0  24  16  19 0.5052774 3.0
 -2  24  16  19 1.7517626 0.0  10  7  8 0.09701443 1.95
 -2  24  16  19 1.7517626 0.0  18  14  16 1.3885622 2.75
 -2  24  16  19 1.7517626 0.0  23  16  17 0.266186 3.0
 -2  2  3  1 0.9997511 0.0  10  7  8 0.08949494 1.95
 -2  2  3  1 0.9997511 0.0  23  16  17 0.8514602 3.0
 -2  2  3  1 0.9997511 0.0  24  16  19 0.05879593 3.0
 -2  34  24  3 3.9028563 0.002041161  10  7  8 0.094328165 1.95
 -2  34  24  3 3.9028563 0.002041161  18  14  16 0.07307911 2.75
 -2  34  24  3 3.9028563 0.002041161  23  16  17 2.0583296 3.0
 -2  34  24  3 3.9028563 0.002041161  24  16  19 0.886848 3.0
 -2  34  24  3 3.9028563 0.002041161  25  17  18 0.7902715 3.0
 -2  34  24  3 3.9028563 0.002041161 3 -1 -1 -0.002041161 -6
 -2  4  2  4 1.0231364 0.0  10  7  8 0.093937635 1.95
 -2  4  2  4 1.0231364 0.0  23  16  17 0.8646543 3.0
 -2  4  2  4 1.0231364 0.0  24  16  19 0.06454444 3.0
 -2  3  1  5 1.0862441 0.0  10  7  8 0.091582775 1.95
 -2  3  1  5 1.0862441 0.0  23  16  17 0.9032271 3.0
 -2  3  1  5 1.0862441 0.0  24  16  19 0.09143424 3.0
 -2  5  2  6 1.0631361 0.0  10  7  8 0.08871269 1.95
 -2  5  2  6 1.0631361 0.0  23  16  17 0.8915436 3.0
 -2  5  2  6 1.0631361 0.0  24  16  19 0.08287978 3.0
 -2  18  14  16 1.9894652 0.0  10  7  8 0.09161496 1.95
 -2  18  14  16 1.9894652 0.0  23  16  17 0.46922946 3.0
 -2  18  14  16 1.9894652 0.0  24  16  19 1.4286208 3.0
 -2  19  16  15 1.3542337 0.0  10  7  8 0.08769226 1.95
 -2  19  16  15 1.3542337 0.0  23  16  17 1.2186723 3.0
 -2  19  16  15 1.3542337 0.0  24  16  19 0.008500099 3.0
 -2  19  16  15 1.3542337 0.0  25  17  18 0.039369106 3.0
 -2  23  16  17 2.358391 0.00759238  10  7  8 0.09765172 1.95
 -2  23  16  17 2.358391 0.00759238  19  16  15 0.29561353 2.75
 -2  23  16  17 2.358391 0.00759238  20  15  21 0.9189141 2.75
 -2  23  16  17 2.358391 0.00759238  21  21  15 0.9189141 2.75
 -2  23  16  17 2.358391 0.00759238  22  15  24 0.12729764 3.0
 -2  23  16  17 2.358391 0.00759238 24 -1 -1 -0.00759238 -6
 -2  1  1  2 0.9986286 0.0  10  7  8 0.087435246 1.95
 -2  1  1  2 0.9986286 0.0  23  16  17 0.8518181 3.0
 -2  1  1  2 0.9986286 0.0  24  16  19 0.059375286 3.0
 -2  22  15  24 3.9023414 0.0  10  7  8 0.093854666 1.95
 -2  22  15  24 3.9023414 0.0  18  14  16 0.07279658 2.75
 -2  22  15  24 3.9023414 0.0  23  16  17 2.0583725 3.0
 -2  22  15  24 3.9023414 0.0  24  16  19 0.88705015 3.0
 -2  22  15  24 3.9023414 0.0  25  17  18 0.79026747 3.0
 -1  22  15  24 0.26339912 4.5192242E-4  18  14  16 0.26339912 2.75
 -1  22  15  24 0.26339912 4.5192242E-4 3 -1 -1 -4.5192242E-4 -6
 -2  19  16  15 0.7056701 4.6926737E-4  18  14  16 0.25983024 2.75
 -2  19  16  15 0.7056701 4.6926737E-4  23  16  17 0.44583988 3.0
 -2  19  16  15 0.7056701 4.6926737E-4 3 -1 -1 -4.6926737E-4 -6
 -2  20  15  21 0.33043098 4.683733E-4  18  14  16 0.25994468 2.75
 -2  20  15  21 0.33043098 4.683733E-4  23  16  17 0.07048631 3.0
 -2  20  15  21 0.33043098 4.683733E-4 3 -1 -1 -4.683733E-4 -6
 -2  21  21  15 0.33043098 4.683733E-4  18  14  16 0.25994468 2.75
 -2  21  21  15 0.33043098 4.683733E-4  23  16  17 0.07048631 3.0
 -2  21  21  15 0.33043098 4.683733E-4 3 -1 -1 -4.683733E-4 -6
 -2  2  3  1 0.29043317 0.2507  18  14  16 0.29043317 2.75
 -2  2  3  1 0.29043317 0.2507 3 -1 -1 -0.12675154 -6
 -2  2  3  1 0.29043317 0.2507 24 -1 -1 -0.123948455 -6
 -2  6  3  9  -2  -2  -2  -2  -2  -2  -2
 -2  18  14  16 1.1120186 0.017766058  24  16  19 1.1120186 3.0
 -2  18  14  16 1.1120186 0.017766058 3 -1 -1 -0.010495305 -6
 -2  18  14  16 1.1120186 0.017766058 24 -1 -1 -0.0072707534 -6
 -2  23  16  17 1.1409509 4.8953295E-4  18  14  16 0.31895256 2.75
 -2  23  16  17 1.1409509 4.8953295E-4  19  16  15 0.82199836 2.75
 -2  23  16  17 1.1409509 4.8953295E-4 3 -1 -1 -4.8953295E-4 -6
 -2  24  16  19 1.3625016 1.1199713E-4  18  14  16 1.3625016 2.75
 -2  24  16  19 1.3625016 1.1199713E-4 3 -1 -1 -1.1199713E-4 -6
 -2  27  18  21 0.26286507 4.6384335E-4  18  14  16 0.26286507 2.75
 -2  27  18  21 0.26286507 4.6384335E-4 3 -1 -1 -4.6384335E-4 -6
 -2  28  18  21 0.26286507 4.6384335E-4  18  14  16 0.26286507 2.75
 -2  28  18  21 0.26286507 4.6384335E-4 3 -1 -1 -4.6384335E-4 -6
 -2  33  21  22 0.26050544 4.6783686E-4  18  14  16 0.26050544 2.75
 -2  33  21  22 0.26050544 4.6783686E-4 3 -1 -1 -4.6783686E-4 -6
 -2  1  1  2 0.27675772 0.0362705  18  14  16 0.27675772 2.75
 -2  1  1  2 0.27675772 0.0362705 3 -1 -1 -0.019730806 -6
 -2  1  1  2 0.27675772 0.0362705 24 -1 -1 -0.016539693 -6
 -2  3  1  5 0.26576352 0.0020205975  18  14  16 0.26576352 2.75
 -2  3  1  5 0.26576352 0.0020205975 3 -1 -1 -0.0020205975 -6
 -2  7  4  9 0.2744043 0.00949657  18  14  16 0.2744043 2.75
 -2  7  4  9 0.2744043 0.00949657 3 -1 -1 -0.006368041 -6
 -2  7  4  9 0.2744043 0.00949657 24 -1 -1 -0.0031285286 -6
 -2  11  8  9 0.26632714 0.0028235316  18  14  16 0.26632714 2.75
 -2  11  8  9 0.26632714 0.0028235316 3 -1 -1 -0.0028235316 -6
 -2  35  11  9 0.03575015 0.04945296  18  14  16 0.03575015 2.75
 -2  35  11  9 0.03575015 0.04945296 3 -1 -1 -0.026310086 -6
 -2  35  11  9 0.03575015 0.04945296 24 -1 -1 -0.023142874 -6
 -2  36  9  12 0.59441495 0.038912177  18  14  16 0.59441495 2.75
 -2  36  9  12 0.59441495 0.038912177 3 -1 -1 -0.021049201 -6
 -2  36  9  12 0.59441495 0.038912177 24 -1 -1 -0.017862976 -6
 -2  14  11  14 0.0 0.018242776 3 -1 -1 -0.010733247 -6
 -2  14  11  14 0.0 0.018242776 24 -1 -1 -0.0075095296 -6
 -2  25  17  18 0.25601172 4.736185E-4  18  14  16 0.25601172 2.75
 -2  25  17  18 0.25601172 4.736185E-4 3 -1 -1 -4.736185E-4 -6
 -2  26  17  22 0.25838184 4.6926737E-4  18  14  16 0.25838184 2.75
 -2  26  17  22 0.25838184 4.6926737E-4 3 -1 -1 -4.6926737E-4 -6
 -2  29  19  20 0.20747542 5.26011E-4  18  14  16 0.20747542 2.75
 -2  29  19  20 0.20747542 5.26011E-4 3 -1 -1 -5.26011E-4 -6
 -2  30  19  20 0.20747542 5.26011E-4  18  14  16 0.20747542 2.75
 -2  30  19  20 0.20747542 5.26011E-4 3 -1 -1 -5.26011E-4 -6
 -2  4  2  4 0.26821232 0.0306499  18  14  16 0.26821232 2.75
 -2  4  2  4 0.26821232 0.0306499 3 -1 -1 -0.012998819 -6
 -2  4  2  4 0.26821232 0.0306499 4 -1 -1 -0.0078677535 -6
 -2  4  2  4 0.26821232 0.0306499 24 -1 -1 -0.009783328 -6
 -2  5  2  6 0.26484132 2.9700994E-4  18  14  16 0.26484132 2.75
 -2  5  2  6 0.26484132 2.9700994E-4 3 -1 -1 -2.9700994E-4 -6
 -2  8  10  5 0.27532768 0.005367279  18  14  16 0.27532768 2.75
 -2  8  10  5 0.27532768 0.005367279 3 -1 -1 -0.0043070912 -6
 -2  8  10  5 0.27532768 0.005367279 24 -1 -1 -0.0010601878 -6
 -2  12  8  10 0.26426172 0.001989603  18  14  16 0.26426172 2.75
 -2  12  8  10 0.26426172 0.001989603 3 -1 -1 -0.001989603 -6
 -2  13  11  13 0.76116014 0.0084712505  18  14  16 0.76116014 2.75
 -2  13  11  13 0.76116014 0.0084712505 3 -1 -1 -0.0058562756 -6
 -2  13  11  13 0.76116014 0.0084712505 24 -1 -1 -0.002614975 -6
 -2  37  11  10 0.009596348 0.00913918  18  14  16 0.009596348 2.75
 -2  37  11  10 0.009596348 0.00913918 3 -1 -1 -0.0061896443 -6
 -2  37  11  10 0.009596348 0.00913918 24 -1 -1 -0.0029495358 -6
 -2  15  12  13 0.2927823 0.020136237  18  14  16 0.2927823 2.75
 -2  15  12  13 0.2927823 0.020136237 3 -1 -1 -0.011678219 -6
 -2  15  12  13 0.2927823 0.020136237 24 -1 -1 -0.008458018 -6
 -2  16  12  23 1.114872 0.003389597  18  14  16 1.114872 2.75
 -2  16  12  23 1.114872 0.003389597 3 -1 -1 -0.003320098 -6
 -2  16  12  23 1.114872 0.003389597 24 -1 -1 -6.9499016E-5 -6
 -1  34  24  3 0.26403046 0.0043882728  18  14  16 0.26403046 2.75
 -1  34  24  3 0.26403046 0.0043882728 3 -1 -1 -0.0043882728 -6
 -2  2  3  1 0.29209042 0.13403201  18  14  16 0.29209042 2.75
 -2  2  3  1 0.29209042 0.13403201 3 -1 -1 -0.13403201 -6
 -2  6  3  9  -2  -2  -2  -2  -2  -2  -2
 -2  1  1  2 0.27762341 0.024842262  18  14  16 0.27762341 2.75
 -2  1  1  2 0.27762341 0.024842262 3 -1 -1 -0.024842262 -6
 -2  3  1  5 0.26640844 0.005957544  18  14  16 0.26640844 2.75
 -2  3  1  5 0.26640844 0.005957544 3 -1 -1 -0.005957544 -6
 -2  7  4  9 0.27509642 0.0104215145  18  14  16 0.27509642 2.75
 -2  7  4  9 0.27509642 0.0104215145 3 -1 -1 -0.0104215145 -6
 -2  11  8  9 0.266994 0.0068772435  18  14  16 0.266994 2.75
 -2  11  8  9 0.266994 0.0068772435 3 -1 -1 -0.0068772435 -6
 -2  35  11  9 0.036679983 0.030504584  18  14  16 0.036679983 2.75
 -2  35  11  9 0.036679983 0.030504584 3 -1 -1 -0.030504584 -6
 -2  36  9  12 0.595037 0.025231302  18  14  16 0.595037 2.75
 -2  36  9  12 0.595037 0.025231302 3 -1 -1 -0.025231302 -6
 -2  19  16  15 0.7062311 0.004406631  18  14  16 0.26045656 2.75
 -2  19  16  15 0.7062311 0.004406631  23  16  17 0.44577456 3.0
 -2  19  16  15 0.7062311 0.004406631 3 -1 -1 -0.004406631 -6
 -2  20  15  21 0.33102036 0.0044059157  18  14  16 0.26057434 2.75
 -2  20  15  21 0.33102036 0.0044059157  23  16  17 0.070446014 3.0
 -2  20  15  21 0.33102036 0.0044059157 3 -1 -1 -0.0044059157 -6
 -2  21  21  15 0.33102036 0.0044059157  18  14  16 0.26057434 2.75
 -2  21  21  15 0.33102036 0.0044059157  23  16  17 0.070446014 3.0
 -2  21  21  15 0.33102036 0.0044059157 3 -1 -1 -0.0044059157 -6
 -2  4  2  4 0.2688992 0.026127279  18  14  16 0.2688992 2.75
 -2  4  2  4 0.2688992 0.026127279 3 -1 -1 -0.017037153 -6
 -2  4  2  4 0.2688992 0.026127279 4 -1 -1 -0.009090126 -6
 -2  5  2  6 0.26546097 0.004242003  18  14  16 0.26546097 2.75
 -2  5  2  6 0.26546097 0.004242003 3 -1 -1 -0.004242003 -6
 -2  8  10  5 0.27602887 0.008249819  18  14  16 0.27602887 2.75
 -2  8  10  5 0.27602887 0.008249819 3 -1 -1 -0.008249819 -6
 -2  12  8  10 0.26488686 0.00592041  18  14  16 0.26488686 2.75
 -2  12  8  10 0.26488686 0.00592041 3 -1 -1 -0.00592041 -6
 -2  13  11  13 0.7621949 0.009809792  18  14  16 0.7621949 2.75
 -2  13  11  13 0.7621949 0.009809792 3 -1 -1 -0.009809792 -6
 -2  14  11  14 0.0 0.014723182 3 -1 -1 -0.014723182 -6
 -2  37  11  10 0.009947062 0.010132313  18  14  16 0.009947062 2.75
 -2  37  11  10 0.009947062 0.010132313 3 -1 -1 -0.010132313 -6
 -2  15  12  13 0.29362798 0.015671134  18  14  16 0.29362798 2.75
 -2  15  12  13 0.29362798 0.015671134 3 -1 -1 -0.015671134 -6
 -2  16  12  23 1.1156092 0.0072758794  18  14  16 1.1156092 2.75
 -2  16  12  23 1.1156092 0.0072758794 3 -1 -1 -0.0072758794 -6
 -2  38  12  10 0.61904 0.010941267  18  14  16 0.61904 2.75
 -2  38  12  10 0.61904 0.010941267 3 -1 -1 -0.010941267 -6
 -2  18  14  16 1.1119552 0.014503241  24  16  19 1.1119552 3.0
 -2  18  14  16 1.1119552 0.014503241 3 -1 -1 -0.014503241 -6
 -2  23  16  17 1.1330509 0.0044263005  18  14  16 0.31711388 2.75
 -2  23  16  17 1.1330509 0.0044263005  19  16  15 0.81593704 2.75
 -2  23  16  17 1.1330509 0.0044263005 3 -1 -1 -0.0044263005 -6
 -2  24  16  19 1.3624406 0.0040500164  18  14  16 1.3624406 2.75
 -2  24  16  19 1.3624406 0.0040500164 3 -1 -1 -0.0040500164 -6
 -2  27  18  21 0.26349187 0.0044008493  18  14  16 0.26349187 2.75
 -2  27  18  21 0.26349187 0.0044008493 3 -1 -1 -0.0044008493 -6
 -2  28  18  21 0.26349187 0.0044008493  18  14  16 0.26349187 2.75
 -2  28  18  21 0.26349187 0.0044008493 3 -1 -1 -0.0044008493 -6
 -2  33  21  22 0.26113343 0.0044054985  18  14  16 0.26113343 2.75
 -2  33  21  22 0.26113343 0.0044054985 3 -1 -1 -0.0044054985 -6
 -2  9  10  6 0.32038283 0.016428888  18  14  16 0.32038283 2.75
 -2  9  10  6 0.32038283 0.016428888 3 -1 -1 -0.016428888 -6
 -2  17  23  13 1.0085354 0.0069141984  18  14  16 1.0085354 2.75
 -2  17  23  13 1.0085354 0.0069141984 3 -1 -1 -0.0069141984 -6
 -2  31  20  23 0.17510486 0.004499793  18  14  16 0.17510486 2.75
 -2  31  20  23 0.17510486 0.004499793 3 -1 -1 -0.004499793 -6
  psseraw:file=IEEE24busPsse30.raw&lowx=adjust
 -1  3  7  -1 0.0 0.25070214 7 -1 -1 -0.14557707 -6
 -1  3  7  -1 0.0 0.25070214 8 -1 -1 -0.10512507 -6
 -2  11  8  9  -2  -2  -2  -2  -2  -2  -2
 -2  12  8  10  -2  -2  -2  -2  -2  -2  -2
 -2  6  3  9 0.007529497 0.2597844  18  14  16 0.007529497 2.75
 -2  6  3  9 0.007529497 0.2597844 7 -1 -1 -0.15023625 -6
 -2  6  3  9 0.007529497 0.2597844 8 -1 -1 -0.10954815 -6
 -2  7  4  9 0.0 0.26874948 7 -1 -1 -0.15488178 -6
 -2  7  4  9 0.0 0.26874948 8 -1 -1 -0.1138677 -6
 -2  35  11  9 0.0 0.42576516 3 -1 -1 -0.004937947 -6
 -2  35  11  9 0.0 0.42576516 4 -1 -1 -0.008131802 -6
 -2  35  11  9 0.0 0.42576516 7 -1 -1 -0.20818192 -6
 -2  35  11  9 0.0 0.42576516 8 -1 -1 -0.16370845 -6
 -2  35  11  9 0.0 0.42576516 9 -1 -1 -0.04080504 -6
 -2  36  9  12 0.12082529 0.37563646  18  14  16 0.12082529 2.75
 -2  36  9  12 0.12082529 0.37563646 7 -1 -1 -0.19579208 -6
 -2  36  9  12 0.12082529 0.37563646 8 -1 -1 -0.15207767 -6
 -2  36  9  12 0.12082529 0.37563646 9 -1 -1 -0.027766705 -6
 -2  8  10  5 0.0 0.27469462 7 -1 -1 -0.15794241 -6
 -2  8  10  5 0.0 0.27469462 8 -1 -1 -0.11675221 -6
 -2  9  10  6 0.0 0.30849308 7 -1 -1 -0.17541748 -6
 -2  9  10  6 0.0 0.30849308 8 -1 -1 -0.1330756 -6
 -2  37  11  10 0.0 0.54248554 3 -1 -1 -0.0040644407 -6
 -2  37  11  10 0.0 0.54248554 4 -1 -1 -0.011851072 -6
 -2  37  11  10 0.0 0.54248554 5 -1 -1 -0.008784533 -6
 -2  37  11  10 0.0 0.54248554 6 -1 -1 -0.009721458 -6
 -2  37  11  10 0.0 0.54248554 7 -1 -1 -0.24833894 -6
 -2  37  11  10 0.0 0.54248554 8 -1 -1 -0.20065606 -6
 -2  37  11  10 0.0 0.54248554 9 -1 -1 -0.020810485 -6
 -2  37  11  10 0.0 0.54248554 10 -1 -1 -0.038258553 -6
 -2  38  12  10 0.2950492 0.41477793  18  14  16 0.2950492 2.75
 -2  38  12  10 0.2950492 0.41477793 7 -1 -1 -0.21924222 -6
 -2  38  12  10 0.2950492 0.41477793 8 -1 -1 -0.17385328 -6
 -2  38  12  10 0.2950492 0.41477793 9 -1 -1 -0.010534823 -6
 -2  38  12  10 0.2950492 0.41477793 10 -1 -1 -0.011147618 -6
 -2  2  3  1 0.0 0.26759207 7 -1 -1 -0.15428048 -6
 -2  2  3  1 0.0 0.26759207 8 -1 -1 -0.11331159 -6
 -2  34  24  3  -2  -2  -2  -2  -2  -2  -2
 -2  4  2  4 0.0 0.3536712 4 -1 -1 -0.045799077 -6
 -2  4  2  4 0.0 0.3536712 7 -1 -1 -0.17221242 -6
 -2  4  2  4 0.0 0.3536712 8 -1 -1 -0.13005936 -6
 -2  4  2  4 0.0 0.3536712 9 -1 -1 -0.005600333 -6
 -2  13  11  13 0.54298615 0.2914977  18  14  16 0.54298615 2.75
 -2  13  11  13 0.54298615 0.2914977 7 -1 -1 -0.16663545 -6
 -2  13  11  13 0.54298615 0.2914977 8 -1 -1 -0.12486225 -6
 -2  14  11  14  -2  -2  -2  -2  -2  -2  -2
 -2  15  12  13 0.0 0.40342766 7 -1 -1 -0.2109778 -6
 -2  15  12  13 0.0 0.40342766 8 -1 -1 -0.16636634 -6
 -2  15  12  13 0.0 0.40342766 9 -1 -1 -0.021838784 -6
 -2  15  12  13 0.0 0.40342766 12 -1 -1 -0.004244745 -6
 -2  16  12  23 0.57056785 0.27224737  18  14  16 0.57056785 2.75
 -2  16  12  23 0.57056785 0.27224737 7 -1 -1 -0.15666825 -6
 -2  16  12  23 0.57056785 0.27224737 8 -1 -1 -0.11557913 -6
 -2  3  1  5 0.0 0.2972378 7 -1 -1 -0.16959143 -6
 -2  3  1  5 0.0 0.2972378 8 -1 -1 -0.12764639 -6
 -2  5  2  6 0.0 0.27595103 7 -1 -1 -0.15860802 -6
 -2  5  2  6 0.0 0.27595103 8 -1 -1 -0.11734301 -6
 -2  1  1  2 0.0 0.25682753 7 -1 -1 -0.14873785 -6
 -2  1  1  2 0.0 0.25682753 8 -1 -1 -0.108089685 -6
 -2  22  15  24  -2  -2  -2  -2  -2  -2  -2
 -2  17  23  13 0.48345613 0.25984436  18  14  16 0.48345613 2.75
 -2  17  23  13 0.48345613 0.25984436 7 -1 -1 -0.15030104 -6
 -2  17  23  13 0.48345613 0.25984436 8 -1 -1 -0.10954332 -6
 -2  18  14  16 0.0 0.34317464 3 -1 -1 -0.0021993518 -6
 -2  18  14  16 0.0 0.34317464 7 -1 -1 -0.18710297 -6
 -2  18  14  16 0.0 0.34317464 8 -1 -1 -0.14419162 -6
 -2  18  14  16 0.0 0.34317464 9 -1 -1 -0.009680688 -6
 -2  31  20  23 0.0 0.25210762 7 -1 -1 -0.1463331 -6
 -2  31  20  23 0.0 0.25210762 8 -1 -1 -0.10577452 -6
 -2  32  20  23 0.0 0.25210762 7 -1 -1 -0.1463331 -6
 -2  32  20  23 0.0 0.25210762 8 -1 -1 -0.10577452 -6
 -2  19  16  15 0.0 0.25172877 7 -1 -1 -0.14613461 -6
 -2  19  16  15 0.0 0.25172877 8 -1 -1 -0.10559416 -6
 -2  20  15  21 0.10469484 0.25288385  21  21  15 0.10469484 2.75
 -2  20  15  21 0.10469484 0.25288385 7 -1 -1 -0.14673132 -6
 -2  20  15  21 0.10469484 0.25288385 8 -1 -1 -0.106152534 -6
 -2  21  21  15 0.10469484 0.25288385  20  15  21 0.10469484 2.75
 -2  21  21  15 0.10469484 0.25288385 7 -1 -1 -0.14673132 -6
 -2  21  21  15 0.10469484 0.25288385 8 -1 -1 -0.106152534 -6
 -2  23  16  17 0.1266017 0.26679826  20  15  21 0.06330085 2.75
 -2  23  16  17 0.1266017 0.26679826  21  21  15 0.06330085 2.75
 -2  23  16  17 0.1266017 0.26679826 7 -1 -1 -0.15389681 -6
 -2  23  16  17 0.1266017 0.26679826 8 -1 -1 -0.11290145 -6
 -2  24  16  19 0.23130608 0.2505406  18  14  16 0.23130608 2.75
 -2  24  16  19 0.23130608 0.2505406 7 -1 -1 -0.1455307 -6
 -2  24  16  19 0.23130608 0.2505406 8 -1 -1 -0.10500991 -6
 -1  11  23  -1 0.9976008 0.0  10  7  8 0.08746004 1.95
 -1  11  23  -1 0.9976008 0.0  23  16  17 0.851424 3.0
 -1  11  23  -1 0.9976008 0.0  24  16  19 0.058716774 3.0
 -2  16  12  23 0.9051161 0.0  10  7  8 0.08863902 1.95
 -2  16  12  23 0.9051161 0.0  23  16  17 0.81647706 3.0
 -2  17  23  13 1.2147648 0.0  10  7  8 0.08819246 1.95
 -2  17  23  13 1.2147648 0.0  23  16  17 0.8763664 3.0
 -2  17  23  13 1.2147648 0.0  24  16  19 0.250206 3.0
 -2  31  20  23 1.0033593 0.0  10  7  8 0.08747196 1.95
 -2  31  20  23 1.0033593 0.0  23  16  17 0.85056996 3.0
 -2  31  20  23 1.0033593 0.0  24  16  19 0.06531739 3.0
 -2  32  20  23 1.0033593 0.0  10  7  8 0.08747196 1.95
 -2  32  20  23 1.0033593 0.0  23  16  17 0.85056996 3.0
 -2  32  20  23 1.0033593 0.0  24  16  19 0.06531739 3.0
 -2  15  12  13 0.89523244 0.0  10  7  8 0.09310508 1.95
 -2  15  12  13 0.89523244 0.0  23  16  17 0.78390884 3.0
 -2  15  12  13 0.89523244 0.0  24  16  19 0.018218517 3.0
 -2  36  9  12 0.86842585 0.0  10  7  8 0.09283662 1.95
 -2  36  9  12 0.86842585 0.0  23  16  17 0.7755892 3.0
 -2  38  12  10 0.8907192 0.0  10  7  8 0.089826345 1.95
 -2  38  12  10 0.8907192 0.0  23  16  17 0.80089283 3.0
 -2  13  11  13 0.9220755 0.0  10  7  8 0.090090275 1.95
 -2  13  11  13 0.9220755 0.0  23  16  17 0.83198524 3.0
 -2  29  19  20 0.9157486 0.0  10  7  8 0.08764696 1.95
 -2  29  19  20 0.9157486 0.0  23  16  17 0.82810163 3.0
 -2  30  19  20 0.9157486 0.0  10  7  8 0.08764696 1.95
 -2  30  19  20 0.9157486 0.0  23  16  17 0.82810163 3.0
 -2  6  3  9 1.1168706 0.0  10  7  8 0.08663201 1.95
 -2  6  3  9 1.1168706 0.0  23  16  17 0.9230375 3.0
 -2  6  3  9 1.1168706 0.0  24  16  19 0.1072011 3.0
 -2  7  4  9 0.985605 0.0  10  7  8 0.08763003 1.95
 -2  7  4  9 0.985605 0.0  23  16  17 0.84410644 3.0
 -2  7  4  9 0.985605 0.0  24  16  19 0.053868532 3.0
 -2  11  8  9 0.9820833 0.0  10  7  8 0.09259176 1.95
 -2  11  8  9 0.9820833 0.0  23  16  17 0.8396039 3.0
 -2  11  8  9 0.9820833 0.0  24  16  19 0.049887657 3.0
 -2  35  11  9 0.98367906 0.0  10  7  8 0.09436202 1.95
 -2  35  11  9 0.98367906 0.0  23  16  17 0.7730353 3.0
 -2  35  11  9 0.98367906 0.0  24  16  19 0.11628175 3.0
 -2  8  10  5 1.0065956 0.0  10  7  8 0.08783436 1.95
 -2  8  10  5 1.0065956 0.0  23  16  17 0.8563919 3.0
 -2  8  10  5 1.0065956 0.0  24  16  19 0.062369347 3.0
 -2  9  10  6 0.87943244 0.0  10  7  8 0.0957768 1.95
 -2  9  10  6 0.87943244 0.0  23  16  17 0.78052497 3.0
 -2  9  10  6 0.87943244 0.0  24  16  19 0.0031306744 3.0
 -2  12  8  10 1.0449195 0.0  10  7  8 0.11026025 1.95
 -2  12  8  10 1.0449195 0.0  23  16  17 0.86655307 3.0
 -2  12  8  10 1.0449195 0.0  24  16  19 0.068106174 3.0
 -2  37  11  10 1.061914 0.0  10  7  8 0.090987444 1.95
 -2  37  11  10 1.061914 0.0  23  16  17 0.786253 3.0
 -2  37  11  10 1.061914 0.0  24  16  19 0.18467355 3.0
 -2  14  11  14 1.3257031 0.0  10  7  8 0.09147787 1.95
 -2  14  11  14 1.3257031 0.0  23  16  17 0.7289479 3.0
 -2  14  11  14 1.3257031 0.0  24  16  19 0.5052774 3.0
 -2  24  16  19 1.7517626 0.0  10  7  8 0.09701443 1.95
 -2  24  16  19 1.7517626 0.0  18  14  16 1.3885622 2.75
 -2  24  16  19 1.7517626 0.0  23  16  17 0.266186 3.0
 -2  2  3  1 0.9997511 0.0  10  7  8 0.08949494 1.95
 -2  2  3  1 0.9997511 0.0  23  16  17 0.8514602 3.0
 -2  2  3  1 0.9997511 0.0  24  16  19 0.05879593 3.0
 -2  34  24  3 3.9028563 0.002041161  10  7  8 0.094328165 1.95
 -2  34  24  3 3.9028563 0.002041161  18  14  16 0.07307911 2.75
 -2  34  24  3 3.9028563 0.002041161  23  16  17 2.0583296 3.0
 -2  34  24  3 3.9028563 0.002041161  24  16  19 0.886848 3.0
 -2  34  24  3 3.9028563 0.002041161  25  17  18 0.7902715 3.0
 -2  34  24  3 3.9028563 0.002041161 3 -1 -1 -0.002041161 -6
 -2  4  2  4 1.0231364 0.0  10  7  8 0.093937635 1.95
 -2  4  2  4 1.0231364 0.0  23  16  17 0.8646543 3.0
 -2  4  2  4 1.0231364 0.0  24  16  19 0.06454444 3.0
 -2  3  1  5 1.0862441 0.0  10  7  8 0.091582775 1.95
 -2  3  1  5 1.0862441 0.0  23  16  17 0.9032271 3.0
 -2  3  1  5 1.0862441 0.0  24  16  19 0.09143424 3.0
 -2  5  2  6 1.0631361 0.0  10  7  8 0.08871269 1.95
 -2  5  2  6 1.0631361 0.0  23  16  17 0.8915436 3.0
 -2  5  2  6 1.0631361 0.0  24  16  19 0.08287978 3.0
 -2  18  14  16 1.9894652 0.0  10  7  8 0.09161496 1.95
 -2  18  14  16 1.9894652 0.0  23  16  17 0.46922946 3.0
 -2  18  14  16 1.9894652 0.0  24  16  19 1.4286208 3.0
 -2  19  16  15 1.3542337 0.0  10  7  8 0.08769226 1.95
 -2  19  16  15 1.3542337 0.0  23  16  17 1.2186723 3.0
 -2  19  16  15 1.3542337 0.0  24  16  19 0.008500099 3.0
 -2  19  16  15 1.3542337 0.0  25  17  18 0.039369106 3.0
 -2  23  16  17 2.358391 0.00759238  10  7  8 0.09765172 1.95
 -2  23  16  17 2.358391 0.00759238  19  16  15 0.29561353 2.75
 -2  23  16  17 2.358391 0.00759238  20  15  21 0.9189141 2.75
 -2  23  16  17 2.358391 0.00759238  21  21  15 0.9189141 2.75
 -2  23  16  17 2.358391 0.00759238  22  15  24 0.12729764 3.0
 -2  23  16  17 2.358391 0.00759238 24 -1 -1 -0.00759238 -6
 -2  1  1  2 0.9986286 0.0  10  7  8 0.087435246 1.95
 -2  1  1  2 0.9986286 0.0  23  16  17 0.8518181 3.0
 -2  1  1  2 0.9986286 0.0  24  16  19 0.059375286 3.0
 -2  22  15  24 3.9023414 0.0  10  7  8 0.093854666 1.95
 -2  22  15  24 3.9023414 0.0  18  14  16 0.07279658 2.75
 -2  22  15  24 3.9023414 0.0  23  16  17 2.0583725 3.0
 -2  22  15  24 3.9023414 0.0  24  16  19 0.88705015 3.0
 -2  22  15  24 3.9023414 0.0  25  17  18 0.79026747 3.0
 -1  22  15  24 0.26339912 4.5192242E-4  18  14  16 0.26339912 2.75
 -1  22  15  24 0.26339912 4.5192242E-4 3 -1 -1 -4.5192242E-4 -6
 -2  19  16  15 0.7056701 4.6926737E-4  18  14  16 0.25983024 2.75
 -2  19  16  15 0.7056701 4.6926737E-4  23  16  17 0.44583988 3.0
 -2  19  16  15 0.7056701 4.6926737E-4 3 -1 -1 -4.6926737E-4 -6
 -2  20  15  21 0.33043098 4.683733E-4  18  14  16 0.25994468 2.75
 -2  20  15  21 0.33043098 4.683733E-4  23  16  17 0.07048631 3.0
 -2  20  15  21 0.33043098 4.683733E-4 3 -1 -1 -4.683733E-4 -6
 -2  21  21  15 0.33043098 4.683733E-4  18  14  16 0.25994468 2.75
 -2  21  21  15 0.33043098 4.683733E-4  23  16  17 0.07048631 3.0
 -2  21  21  15 0.33043098 4.683733E-4 3 -1 -1 -4.683733E-4 -6
 -2  2  3  1 0.29043317 0.2507  18  14  16 0.29043317 2.75
 -2  2  3  1 0.29043317 0.2507 3 -1 -1 -0.12675154 -6
 -2  2  3  1 0.29043317 0.2507 24 -1 -1 -0.123948455 -6
 -2  6  3  9  -2  -2  -2  -2  -2  -2  -2
 -2  18  14  16 1.1120186 0.017766058  24  16  19 1.1120186 3.0
 -2  18  14  16 1.1120186 0.017766058 3 -1 -1 -0.010495305 -6
 -2  18  14  16 1.1120186 0.017766058 24 -1 -1 -0.0072707534 -6
 -2  23  16  17 1.1409509 4.8953295E-4  18  14  16 0.31895256 2.75
 -2  23  16  17 1.1409509 4.8953295E-4  19  16  15 0.82199836 2.75
 -2  23  16  17 1.1409509 4.8953295E-4 3 -1 -1 -4.8953295E-4 -6
 -2  24  16  19 1.3625016 1.1199713E-4  18  14  16 1.3625016 2.75
 -2  24  16  19 1.3625016 1.1199713E-4 3 -1 -1 -1.1199713E-4 -6
 -2  27  18  21 0.26286507 4.6384335E-4  18  14  16 0.26286507 2.75
 -2  27  18  21 0.26286507 4.6384335E-4 3 -1 -1 -4.6384335E-4 -6
 -2  28  18  21 0.26286507 4.6384335E-4  18  14  16 0.26286507 2.75
 -2  28  18  21 0.26286507 4.6384335E-4 3 -1 -1 -4.6384335E-4 -6
 -2  33  21  22 0.26050544 4.6783686E-4  18  14  16 0.26050544 2.75
 -2  33  21  22 0.26050544 4.6783686E-4 3 -1 -1 -4.6783686E-4 -6
 -2  1  1  2 0.27675772 0.0362705  18  14  16 0.27675772 2.75
 -2  1  1  2 0.27675772 0.0362705 3 -1 -1 -0.019730806 -6
 -2  1  1  2 0.27675772 0.0362705 24 -1 -1 -0.016539693 -6
 -2  3  1  5 0.26576352 0.0020205975  18  14  16 0.26576352 2.75
 -2  3  1  5 0.26576352 0.0020205975 3 -1 -1 -0.0020205975 -6
 -2  7  4  9 0.2744043 0.00949657  18  14  16 0.2744043 2.75
 -2  7  4  9 0.2744043 0.00949657 3 -1 -1 -0.006368041 -6
 -2  7  4  9 0.2744043 0.00949657 24 -1 -1 -0.0031285286 -6
 -2  11  8  9 0.26632714 0.0028235316  18  14  16 0.26632714 2.75
 -2  11  8  9 0.26632714 0.0028235316 3 -1 -1 -0.0028235316 -6
 -2  35  11  9 0.03575015 0.04945296  18  14  16 0.03575015 2.75
 -2  35  11  9 0.03575015 0.04945296 3 -1 -1 -0.026310086 -6
 -2  35  11  9 0.03575015 0.04945296 24 -1 -1 -0.023142874 -6
 -2  36  9  12 0.59441495 0.038912177  18  14  16 0.59441495 2.75
 -2  36  9  12 0.59441495 0.038912177 3 -1 -1 -0.021049201 -6
 -2  36  9  12 0.59441495 0.038912177 24 -1 -1 -0.017862976 -6
 -2  14  11  14 0.0 0.018242776 3 -1 -1 -0.010733247 -6
 -2  14  11  14 0.0 0.018242776 24 -1 -1 -0.0075095296 -6
 -2  25  17  18 0.25601172 4.736185E-4  18  14  16 0.25601172 2.75
 -2  25  17  18 0.25601172 4.736185E-4 3 -1 -1 -4.736185E-4 -6
 -2  26  17  22 0.25838184 4.6926737E-4  18  14  16 0.25838184 2.75
 -2  26  17  22 0.25838184 4.6926737E-4 3 -1 -1 -4.6926737E-4 -6
 -2  29  19  20 0.20747542 5.26011E-4  18  14  16 0.20747542 2.75
 -2  29  19  20 0.20747542 5.26011E-4 3 -1 -1 -5.26011E-4 -6
 -2  30  19  20 0.20747542 5.26011E-4  18  14  16 0.20747542 2.75
 -2  30  19  20 0.20747542 5.26011E-4 3 -1 -1 -5.26011E-4 -6
 -2  4  2  4 0.26821232 0.0306499  18  14  16 0.26821232 2.75
 -2  4  2  4 0.26821232 0.0306499 3 -1 -1 -0.012998819 -6
 -2  4  2  4 0.26821232 0.0306499 4 -1 -1 -0.0078677535 -6
 -2  4  2  4 0.26821232 0.0306499 24 -1 -1 -0.009783328 -6
 -2  5  2  6 0.26484132 2.9700994E-4  18  14  16 0.26484132 2.75
 -2  5  2  6 0.26484132 2.9700994E-4 3 -1 -1 -2.9700994E-4 -6
 -2  8  10  5 0.27532768 0.005367279  18  14  16 0.27532768 2.75
 -2  8  10  5 0.27532768 0.005367279 3 -1 -1 -0.0043070912 -6
 -2  8  10  5 0.27532768 0.005367279 24 -1 -1 -0.0010601878 -6
 -2  12  8  10 0.26426172 0.001989603  18  14  16 0.26426172 2.75
 -2  12  8  10 0.26426172 0.001989603 3 -1 -1 -0.001989603 -6
 -2  13  11  13 0.76116014 0.0084712505  18  14  16 0.76116014 2.75
 -2  13  11  13 0.76116014 0.0084712505 3 -1 -1 -0.0058562756 -6
 -2  13  11  13 0.76116014 0.0084712505 24 -1 -1 -0.002614975 -6
 -2  37  11  10 0.009596348 0.00913918  18  14  16 0.009596348 2.75
 -2  37  11  10 0.009596348 0.00913918 3 -1 -1 -0.0061896443 -6
 -2  37  11  10 0.009596348 0.00913918 24 -1 -1 -0.0029495358 -6
 -2  15  12  13 0.2927823 0.020136237  18  14  16 0.2927823 2.75
 -2  15  12  13 0.2927823 0.020136237 3 -1 -1 -0.011678219 -6
 -2  15  12  13 0.2927823 0.020136237 24 -1 -1 -0.008458018 -6
 -2  16  12  23 1.114872 0.003389597  18  14  16 1.114872 2.75
 -2  16  12  23 1.114872 0.003389597 3 -1 -1 -0.003320098 -6
 -2  16  12  23 1.114872 0.003389597 24 -1 -1 -6.9499016E-5 -6
 -1  34  24  3 0.26403046 0.0043882728  18  14  16 0.26403046 2.75
 -1  34  24  3 0.26403046 0.0043882728 3 -1 -1 -0.0043882728 -6
 -2  2  3  1 0.29209042 0.13403201  18  14  16 0.29209042 2.75
 -2  2  3  1 0.29209042 0.13403201 3 -1 -1 -0.13403201 -6
 -2  6  3  9  -2  -2  -2  -2  -2  -2  -2
 -2  1  1  2 0.27762341 0.024842262  18  14  16 0.27762341 2.75
 -2  1  1  2 0.27762341 0.024842262 3 -1 -1 -0.024842262 -6
 -2  3  1  5 0.26640844 0.005957544  18  14  16 0.26640844 2.75
 -2  3  1  5 0.26640844 0.005957544 3 -1 -1 -0.005957544 -6
 -2  7  4  9 0.27509642 0.0104215145  18  14  16 0.27509642 2.75
 -2  7  4  9 0.27509642 0.0104215145 3 -1 -1 -0.0104215145 -6
 -2  11  8  9 0.266994 0.0068772435  18  14  16 0.266994 2.75
 -2  11  8  9 0.266994 0.0068772435 3 -1 -1 -0.0068772435 -6
 -2  35  11  9 0.036679983 0.030504584  18  14  16 0.036679983 2.75
 -2  35  11  9 0.036679983 0.030504584 3 -1 -1 -0.030504584 -6
 -2  36  9  12 0.595037 0.025231302  18  14  16 0.595037 2.75
 -2  36  9  12 0.595037 0.025231302 3 -1 -1 -0.025231302 -6
 -2  19  16  15 0.7062311 0.004406631  18  14  16 0.26045656 2.75
 -2  19  16  15 0.7062311 0.004406631  23  16  17 0.44577456 3.0
 -2  19  16  15 0.7062311 0.004406631 3 -1 -1 -0.004406631 -6
 -2  20  15  21 0.33102036 0.0044059157  18  14  16 0.26057434 2.75
 -2  20  15  21 0.33102036 0.0044059157  23  16  17 0.070446014 3.0
 -2  20  15  21 0.33102036 0.0044059157 3 -1 -1 -0.0044059157 -6
 -2  21  21  15 0.33102036 0.0044059157  18  14  16 0.26057434 2.75
 -2  21  21  15 0.33102036 0.0044059157  23  16  17 0.070446014 3.0
 -2  21  21  15 0.33102036 0.0044059157 3 -1 -1 -0.0044059157 -6
 -2  4  2  4 0.2688992 0.026127279  18  14  16 0.2688992 2.75
 -2  4  2  4 0.2688992 0.026127279 3 -1 -1 -0.017037153 -6
 -2  4  2  4 0.2688992 0.026127279 4 -1 -1 -0.009090126 -6
 -2  5  2  6 0.26546097 0.004242003  18  14  16 0.26546097 2.75
 -2  5  2  6 0.26546097 0.004242003 3 -1 -1 -0.004242003 -6
 -2  8  10  5 0.27602887 0.008249819  18  14  16 0.27602887 2.75
 -2  8  10  5 0.27602887 0.008249819 3 -1 -1 -0.008249819 -6
 -2  12  8  10 0.26488686 0.00592041  18  14  16 0.26488686 2.75
 -2  12  8  10 0.26488686 0.00592041 3 -1 -1 -0.00592041 -6
 -2  13  11  13 0.7621949 0.009809792  18  14  16 0.7621949 2.75
 -2  13  11  13 0.7621949 0.009809792 3 -1 -1 -0.009809792 -6
 -2  14  11  14 0.0 0.014723182 3 -1 -1 -0.014723182 -6
 -2  37  11  10 0.009947062 0.010132313  18  14  16 0.009947062 2.75
 -2  37  11  10 0.009947062 0.010132313 3 -1 -1 -0.010132313 -6
 -2  15  12  13 0.29362798 0.015671134  18  14  16 0.29362798 2.75
 -2  15  12  13 0.29362798 0.015671134 3 -1 -1 -0.015671134 -6
 -2  16  12  23 1.1156092 0.0072758794  18  14  16 1.1156092 2.75
 -2  16  12  23 1.1156092 0.0072758794 3 -1 -1 -0.0072758794 -6
 -2  38  12  10 0.61904 0.010941267  18  14  16 0.61904 2.75
 -2  38  12  10 0.61904 0.010941267 3 -1 -1 -0.010941267 -6
 -2  18  14  16 1.1119552 0.014503241  24  16  19 1.1119552 3.0
 -2  18  14  16 1.1119552 0.014503241 3 -1 -1 -0.014503241 -6
 -2  23  16  17 1.1330509 0.0044263005  18  14  16 0.31711388 2.75
 -2  23  16  17 1.1330509 0.0044263005  19  16  15 0.81593704 2.75
 -2  23  16  17 1.1330509 0.0044263005 3 -1 -1 -0.0044263005 -6
 -2  24  16  19 1.3624406 0.0040500164  18  14  16 1.3624406 2.75
 -2  24  16  19 1.3624406 0.0040500164 3 -1 -1 -0.0040500164 -6
 -2  27  18  21 0.26349187 0.0044008493  18  14  16 0.26349187 2.75
 -2  27  18  21 0.26349187 0.0044008493 3 -1 -1 -0.0044008493 -6
 -2  28  18  21 0.26349187 0.0044008493  18  14  16 0.26349187 2.75
 -2  28  18  21 0.26349187 0.0044008493 3 -1 -1 -0.0044008493 -6
 -2  33  21  22 0.26113343 0.0044054985  18  14  16 0.26113343 2.75
 -2  33  21  22 0.26113343 0.0044054985 3 -1 -1 -0.0044054985 -6
 -2  9  10  6 0.32038283 0.016428888  18  14  16 0.32038283 2.75
 -2  9  10  6 0.32038283 0.016428888 3 -1 -1 -0.016428888 -6
 -2  17  23  13 1.0085354 0.0069141984  18  14  16 1.0085354 2.75
 -2  17  23  13 1.0085354 0.0069141984 3 -1 -1 -0.0069141984 -6
 -2  31  20  23 0.17510486 0.004499793  18  14  16 0.17510486 2.75
 -2  31  20  23 0.17510486 0.004499793 3 -1 -1 -0.004499793 -6
  psseraw:file=IEEE24busPsse30.raw&lowx=adjust
 -1  3  7  -1 0.0 0.25070214 7 -1 -1 -0.14557707 -6
 -1  3  7  -1 0.0 0.25070214 8 -1 -1 -0.10512507 -6
 -2  11  8  9  -2  -2  -2  -2  -2  -2  -2
 -2  12  8  10  -2  -2  -2  -2  -2  -2  -2
 -2  6  3  9 0.007529497 0.2597844  18  14  16 0.007529497 2.75
 -2  6  3  9 0.007529497 0.2597844 7 -1 -1 -0.15023625 -6
 -2  6  3  9 0.007529497 0.2597844 8 -1 -1 -0.10954815 -6
 -2  7  4  9 0.0 0.26874948 7 -1 -1 -0.15488178 -6
 -2  7  4  9 0.0 0.26874948 8 -1 -1 -0.1138677 -6
 -2  35  11  9 0.0 0.42576516 3 -1 -1 -0.004937947 -6
 -2  35  11  9 0.0 0.42576516 4 -1 -1 -0.008131802 -6
 -2  35  11  9 0.0 0.42576516 7 -1 -1 -0.20818192 -6
 -2  35  11  9 0.0 0.42576516 8 -1 -1 -0.16370845 -6
 -2  35  11  9 0.0 0.42576516 9 -1 -1 -0.04080504 -6
 -2  36  9  12 0.12082529 0.37563646  18  14  16 0.12082529 2.75
 -2  36  9  12 0.12082529 0.37563646 7 -1 -1 -0.19579208 -6
 -2  36  9  12 0.12082529 0.37563646 8 -1 -1 -0.15207767 -6
 -2  36  9  12 0.12082529 0.37563646 9 -1 -1 -0.027766705 -6
 -2  8  10  5 0.0 0.27469462 7 -1 -1 -0.15794241 -6
 -2  8  10  5 0.0 0.27469462 8 -1 -1 -0.11675221 -6
 -2  9  10  6 0.0 0.30849308 7 -1 -1 -0.17541748 -6
 -2  9  10  6 0.0 0.30849308 8 -1 -1 -0.1330756 -6
 -2  37  11  10 0.0 0.54248554 3 -1 -1 -0.0040644407 -6
 -2  37  11  10 0.0 0.54248554 4 -1 -1 -0.011851072 -6
 -2  37  11  10 0.0 0.54248554 5 -1 -1 -0.008784533 -6
 -2  37  11  10 0.0 0.54248554 6 -1 -1 -0.009721458 -6
 -2  37  11  10 0.0 0.54248554 7 -1 -1 -0.24833894 -6
 -2  37  11  10 0.0 0.54248554 8 -1 -1 -0.20065606 -6
 -2  37  11  10 0.0 0.54248554 9 -1 -1 -0.020810485 -6
 -2  37  11  10 0.0 0.54248554 10 -1 -1 -0.038258553 -6
 -2  38  12  10 0.2950492 0.41477793  18  14  16 0.2950492 2.75
 -2  38  12  10 0.2950492 0.41477793 7 -1 -1 -0.21924222 -6
 -2  38  12  10 0.2950492 0.41477793 8 -1 -1 -0.17385328 -6
 -2  38  12  10 0.2950492 0.41477793 9 -1 -1 -0.010534823 -6
 -2  38  12  10 0.2950492 0.41477793 10 -1 -1 -0.011147618 -6
 -2  2  3  1 0.0 0.26759207 7 -1 -1 -0.15428048 -6
 -2  2  3  1 0.0 0.26759207 8 -1 -1 -0.11331159 -6
 -2  34  24  3  -2  -2  -2  -2  -2  -2  -2
 -2  4  2  4 0.0 0.3536712 4 -1 -1 -0.045799077 -6
 -2  4  2  4 0.0 0.3536712 7 -1 -1 -0.17221242 -6
 -2  4  2  4 0.0 0.3536712 8 -1 -1 -0.13005936 -6
 -2  4  2  4 0.0 0.3536712 9 -1 -1 -0.005600333 -6
 -2  13  11  13 0.54298615 0.2914977  18  14  16 0.54298615 2.75
 -2  13  11  13 0.54298615 0.2914977 7 -1 -1 -0.16663545 -6
 -2  13  11  13 0.54298615 0.2914977 8 -1 -1 -0.12486225 -6
 -2  14  11  14  -2  -2  -2  -2  -2  -2  -2
 -2  15  12  13 0.0 0.40342766 7 -1 -1 -0.2109778 -6
 -2  15  12  13 0.0 0.40342766 8 -1 -1 -0.16636634 -6
 -2  15  12  13 0.0 0.40342766 9 -1 -1 -0.021838784 -6
 -2  15  12  13 0.0 0.40342766 12 -1 -1 -0.004244745 -6
 -2  16  12  23 0.57056785 0.27224737  18  14  16 0.57056785 2.75
 -2  16  12  23 0.57056785 0.27224737 7 -1 -1 -0.15666825 -6
 -2  16  12  23 0.57056785 0.27224737 8 -1 -1 -0.11557913 -6
 -2  3  1  5 0.0 0.2972378 7 -1 -1 -0.16959143 -6
 -2  3  1  5 0.0 0.2972378 8 -1 -1 -0.12764639 -6
 -2  5  2  6 0.0 0.27595103 7 -1 -1 -0.15860802 -6
 -2  5  2  6 0.0 0.27595103 8 -1 -1 -0.11734301 -6
 -2  1  1  2 0.0 0.25682753 7 -1 -1 -0.14873785 -6
 -2  1  1  2 0.0 0.25682753 8 -1 -1 -0.108089685 -6
 -2  22  15  24  -2  -2  -2  -2  -2  -2  -2
 -2  17  23  13 0.48345613 0.25984436  18  14  16 0.48345613 2.75
 -2  17  23  13 0.48345613 0.25984436 7 -1 -1 -0.15030104 -6
 -2  17  23  13 0.48345613 0.25984436 8 -1 -1 -0.10954332 -6
 -2  18  14  16 0.0 0.34317464 3 -1 -1 -0.0021993518 -6
 -2  18  14  16 0.0 0.34317464 7 -1 -1 -0.18710297 -6
 -2  18  14  16 0.0 0.34317464 8 -1 -1 -0.14419162 -6
 -2  18  14  16 0.0 0.34317464 9 -1 -1 -0.009680688 -6
 -2  31  20  23 0.0 0.25210762 7 -1 -1 -0.1463331 -6
 -2  31  20  23 0.0 0.25210762 8 -1 -1 -0.10577452 -6
 -2  32  20  23 0.0 0.25210762 7 -1 -1 -0.1463331 -6
 -2  32  20  23 0.0 0.25210762 8 -1 -1 -0.10577452 -6
 -2  19  16  15 0.0 0.25172877 7 -1 -1 -0.14613461 -6
 -2  19  16  15 0.0 0.25172877 8 -1 -1 -0.10559416 -6
 -2  20  15  21 0.10469484 0.25288385  21  21  15 0.10469484 2.75
 -2  20  15  21 0.10469484 0.25288385 7 -1 -1 -0.14673132 -6
 -2  20  15  21 0.10469484 0.25288385 8 -1 -1 -0.106152534 -6
 -2  21  21  15 0.10469484 0.25288385  20  15  21 0.10469484 2.75
 -2  21  21  15 0.10469484 0.25288385 7 -1 -1 -0.14673132 -6
 -2  21  21  15 0.10469484 0.25288385 8 -1 -1 -0.106152534 -6
 -2  23  16  17 0.1266017 0.26679826  20  15  21 0.06330085 2.75
 -2  23  16  17 0.1266017 0.26679826  21  21  15 0.06330085 2.75
 -2  23  16  17 0.1266017 0.26679826 7 -1 -1 -0.15389681 -6
 -2  23  16  17 0.1266017 0.26679826 8 -1 -1 -0.11290145 -6
 -2  24  16  19 0.23130608 0.2505406  18  14  16 0.23130608 2.75
 -2  24  16  19 0.23130608 0.2505406 7 -1 -1 -0.1455307 -6
 -2  24  16  19 0.23130608 0.2505406 8 -1 -1 -0.10500991 -6
 -1  11  23  -1 0.9976008 0.0  10  7  8 0.08746004 1.95
 -1  11  23  -1 0.9976008 0.0  23  16  17 0.851424 3.0
 -1  11  23  -1 0.9976008 0.0  24  16  19 0.058716774 3.0
 -2  16  12  23 0.9051161 0.0  10  7  8 0.08863902 1.95
 -2  16  12  23 0.9051161 0.0  23  16  17 0.81647706 3.0
 -2  17  23  13 1.2147648 0.0  10  7  8 0.08819246 1.95
 -2  17  23  13 1.2147648 0.0  23  16  17 0.8763664 3.0
 -2  17  23  13 1.2147648 0.0  24  16  19 0.250206 3.0
 -2  31  20  23 1.0033593 0.0  10  7  8 0.08747196 1.95
 -2  31  20  23 1.0033593 0.0  23  16  17 0.85056996 3.0
 -2  31  20  23 1.0033593 0.0  24  16  19 0.06531739 3.0
 -2  32  20  23 1.0033593 0.0  10  7  8 0.08747196 1.95
 -2  32  20  23 1.0033593 0.0  23  16  17 0.85056996 3.0
 -2  32  20  23 1.0033593 0.0  24  16  19 0.06531739 3.0
 -2  15  12  13 0.89523244 0.0  10  7  8 0.09310508 1.95
 -2  15  12  13 0.89523244 0.0  23  16  17 0.78390884 3.0
 -2  15  12  13 0.89523244 0.0  24  16  19 0.018218517 3.0
 -2  36  9  12 0.86842585 0.0  10  7  8 0.09283662 1.95
 -2  36  9  12 0.86842585 0.0  23  16  17 0.7755892 3.0
 -2  38  12  10 0.8907192 0.0  10  7  8 0.089826345 1.95
 -2  38  12  10 0.8907192 0.0  23  16  17 0.80089283 3.0
 -2  13  11  13 0.9220755 0.0  10  7  8 0.090090275 1.95
 -2  13  11  13 0.9220755 0.0  23  16  17 0.83198524 3.0
 -2  29  19  20 0.9157486 0.0  10  7  8 0.08764696 1.95
 -2  29  19  20 0.9157486 0.0  23  16  17 0.82810163 3.0
 -2  30  19  20 0.9157486 0.0  10  7  8 0.08764696 1.95
 -2  30  19  20 0.9157486 0.0  23  16  17 0.82810163 3.0
 -2  6  3  9 1.1168706 0.0  10  7  8 0.08663201 1.95
 -2  6  3  9 1.1168706 0.0  23  16  17 0.9230375 3.0
 -2  6  3  9 1.1168706 0.0  24  16  19 0.1072011 3.0
 -2  7  4  9 0.985605 0.0  10  7  8 0.08763003 1.95
 -2  7  4  9 0.985605 0.0  23  16  17 0.84410644 3.0
 -2  7  4  9 0.985605 0.0  24  16  19 0.053868532 3.0
 -2  11  8  9 0.9820833 0.0  10  7  8 0.09259176 1.95
 -2  11  8  9 0.9820833 0.0  23  16  17 0.8396039 3.0
 -2  11  8  9 0.9820833 0.0  24  16  19 0.049887657 3.0
 -2  35  11  9 0.98367906 0.0  10  7  8 0.09436202 1.95
 -2  35  11  9 0.98367906 0.0  23  16  17 0.7730353 3.0
 -2  35  11  9 0.98367906 0.0  24  16  19 0.11628175 3.0
 -2  8  10  5 1.0065956 0.0  10  7  8 0.08783436 1.95
 -2  8  10  5 1.0065956 0.0  23  16  17 0.8563919 3.0
 -2  8  10  5 1.0065956 0.0  24  16  19 0.062369347 3.0
 -2  9  10  6 0.87943244 0.0  10  7  8 0.0957768 1.95
 -2  9  10  6 0.87943244 0.0  23  16  17 0.78052497 3.0
 -2  9  10  6 0.87943244 0.0  24  16  19 0.0031306744 3.0
 -2  12  8  10 1.0449195 0.0  10  7  8 0.11026025 1.95
 -2  12  8  10 1.0449195 0.0  23  16  17 0.86655307 3.0
 -2  12  8  10 1.0449195 0.0  24  16  19 0.068106174 3.0
 -2  37  11  10 1.061914 0.0  10  7  8 0.090987444 1.95
 -2  37  11  10 1.061914 0.0  23  16  17 0.786253 3.0
 -2  37  11  10 1.061914 0.0  24  16  19 0.18467355 3.0
 -2  14  11  14 1.3257031 0.0  10  7  8 0.09147787 1.95
 -2  14  11  14 1.3257031 0.0  23  16  17 0.7289479 3.0
 -2  14  11  14 1.3257031 0.0  24  16  19 0.5052774 3.0
 -2  24  16  19 1.7517626 0.0  10  7  8 0.09701443 1.95
 -2  24  16  19 1.7517626 0.0  18  14  16 1.3885622 2.75
 -2  24  16  19 1.7517626 0.0  23  16  17 0.266186 3.0
 -2  2  3  1 0.9997511 0.0  10  7  8 0.08949494 1.95
 -2  2  3  1 0.9997511 0.0  23  16  17 0.8514602 3.0
 -2  2  3  1 0.9997511 0.0  24  16  19 0.05879593 3.0
 -2  34  24  3 3.9028563 0.002041161  10  7  8 0.094328165 1.95
 -2  34  24  3 3.9028563 0.002041161  18  14  16 0.07307911 2.75
 -2  34  24  3 3.9028563 0.002041161  23  16  17 2.0583296 3.0
 -2  34  24  3 3.9028563 0.002041161  24  16  19 0.886848 3.0
 -2  34  24  3 3.9028563 0.002041161  25  17  18 0.7902715 3.0
 -2  34  24  3 3.9028563 0.002041161 3 -1 -1 -0.002041161 -6
 -2  4  2  4 1.0231364 0.0  10  7  8 0.093937635 1.95
 -2  4  2  4 1.0231364 0.0  23  16  17 0.8646543 3.0
 -2  4  2  4 1.0231364 0.0  24  16  19 0.06454444 3.0
 -2  3  1  5 1.0862441 0.0  10  7  8 0.091582775 1.95
 -2  3  1  5 1.0862441 0.0  23  16  17 0.9032271 3.0
 -2  3  1  5 1.0862441 0.0  24  16  19 0.09143424 3.0
 -2  5  2  6 1.0631361 0.0  10  7  8 0.08871269 1.95
 -2  5  2  6 1.0631361 0.0  23  16  17 0.8915436 3.0
 -2  5  2  6 1.0631361 0.0  24  16  19 0.08287978 3.0
 -2  18  14  16 1.9894652 0.0  10  7  8 0.09161496 1.95
 -2  18  14  16 1.9894652 0.0  23  16  17 0.46922946 3.0
 -2  18  14  16 1.9894652 0.0  24  16  19 1.4286208 3.0
 -2  19  16  15 1.3542337 0.0  10  7  8 0.08769226 1.95
 -2  19  16  15 1.3542337 0.0  23  16  17 1.2186723 3.0
 -2  19  16  15 1.3542337 0.0  24  16  19 0.008500099 3.0
 -2  19  16  15 1.3542337 0.0  25  17  18 0.039369106 3.0
 -2  23  16  17 2.358391 0.00759238  10  7  8 0.09765172 1.95
 -2  23  16  17 2.358391 0.00759238  19  16  15 0.29561353 2.75
 -2  23  16  17 2.358391 0.00759238  20  15  21 0.9189141 2.75
 -2  23  16  17 2.358391 0.00759238  21  21  15 0.9189141 2.75
 -2  23  16  17 2.358391 0.00759238  22  15  24 0.12729764 3.0
 -2  23  16  17 2.358391 0.00759238 24 -1 -1 -0.00759238 -6
 -2  1  1  2 0.9986286 0.0  10  7  8 0.087435246 1.95
 -2  1  1  2 0.9986286 0.0  23  16  17 0.8518181 3.0
 -2  1  1  2 0.9986286 0.0  24  16  19 0.059375286 3.0
 -2  22  15  24 3.9023414 0.0  10  7  8 0.093854666 1.95
 -2  22  15  24 3.9023414 0.0  18  14  16 0.07279658 2.75
 -2  22  15  24 3.9023414 0.0  23  16  17 2.0583725 3.0
 -2  22  15  24 3.9023414 0.0  24  16  19 0.88705015 3.0
 -2  22  15  24 3.9023414 0.0  25  17  18 0.79026747 3.0
 -1  22  15  24 0.26339912 4.5192242E-4  18  14  16 0.26339912 2.75
 -1  22  15  24 0.26339912 4.5192242E-4 3 -1 -1 -4.5192242E-4 -6
 -2  19  16  15 0.7056701 4.6926737E-4  18  14  16 0.25983024 2.75
 -2  19  16  15 0.7056701 4.6926737E-4  23  16  17 0.44583988 3.0
 -2  19  16  15 0.7056701 4.6926737E-4 3 -1 -1 -4.6926737E-4 -6
 -2  20  15  21 0.33043098 4.683733E-4  18  14  16 0.25994468 2.75
 -2  20  15  21 0.33043098 4.683733E-4  23  16  17 0.07048631 3.0
 -2  20  15  21 0.33043098 4.683733E-4 3 -1 -1 -4.683733E-4 -6
 -2  21  21  15 0.33043098 4.683733E-4  18  14  16 0.25994468 2.75
 -2  21  21  15 0.33043098 4.683733E-4  23  16  17 0.07048631 3.0
 -2  21  21  15 0.33043098 4.683733E-4 3 -1 -1 -4.683733E-4 -6
 -2  2  3  1 0.29043317 0.2507  18  14  16 0.29043317 2.75
 -2  2  3  1 0.29043317 0.2507 3 -1 -1 -0.12675154 -6
 -2  2  3  1 0.29043317 0.2507 24 -1 -1 -0.123948455 -6
 -2  6  3  9  -2  -2  -2  -2  -2  -2  -2
 -2  18  14  16 1.1120186 0.017766058  24  16  19 1.1120186 3.0
 -2  18  14  16 1.1120186 0.017766058 3 -1 -1 -0.010495305 -6
 -2  18  14  16 1.1120186 0.017766058 24 -1 -1 -0.0072707534 -6
 -2  23  16  17 1.1409509 4.8953295E-4  18  14  16 0.31895256 2.75
 -2  23  16  17 1.1409509 4.8953295E-4  19  16  15 0.82199836 2.75
 -2  23  16  17 1.1409509 4.8953295E-4 3 -1 -1 -4.8953295E-4 -6
 -2  24  16  19 1.3625016 1.1199713E-4  18  14  16 1.3625016 2.75
 -2  24  16  19 1.3625016 1.1199713E-4 3 -1 -1 -1.1199713E-4 -6
 -2  27  18  21 0.26286507 4.6384335E-4  18  14  16 0.26286507 2.75
 -2  27  18  21 0.26286507 4.6384335E-4 3 -1 -1 -4.6384335E-4 -6
 -2  28  18  21 0.26286507 4.6384335E-4  18  14  16 0.26286507 2.75
 -2  28  18  21 0.26286507 4.6384335E-4 3 -1 -1 -4.6384335E-4 -6
 -2  33  21  22 0.26050544 4.6783686E-4  18  14  16 0.26050544 2.75
 -2  33  21  22 0.26050544 4.6783686E-4 3 -1 -1 -4.6783686E-4 -6
 -2  1  1  2 0.27675772 0.0362705  18  14  16 0.27675772 2.75
 -2  1  1  2 0.27675772 0.0362705 3 -1 -1 -0.019730806 -6
 -2  1  1  2 0.27675772 0.0362705 24 -1 -1 -0.016539693 -6
 -2  3  1  5 0.26576352 0.0020205975  18  14  16 0.26576352 2.75
 -2  3  1  5 0.26576352 0.0020205975 3 -1 -1 -0.0020205975 -6
 -2  7  4  9 0.2744043 0.00949657  18  14  16 0.2744043 2.75
 -2  7  4  9 0.2744043 0.00949657 3 -1 -1 -0.006368041 -6
 -2  7  4  9 0.2744043 0.00949657 24 -1 -1 -0.0031285286 -6
 -2  11  8  9 0.26632714 0.0028235316  18  14  16 0.26632714 2.75
 -2  11  8  9 0.26632714 0.0028235316 3 -1 -1 -0.0028235316 -6
 -2  35  11  9 0.03575015 0.04945296  18  14  16 0.03575015 2.75
 -2  35  11  9 0.03575015 0.04945296 3 -1 -1 -0.026310086 -6
 -2  35  11  9 0.03575015 0.04945296 24 -1 -1 -0.023142874 -6
 -2  36  9  12 0.59441495 0.038912177  18  14  16 0.59441495 2.75
 -2  36  9  12 0.59441495 0.038912177 3 -1 -1 -0.021049201 -6
 -2  36  9  12 0.59441495 0.038912177 24 -1 -1 -0.017862976 -6
 -2  14  11  14 0.0 0.018242776 3 -1 -1 -0.010733247 -6
 -2  14  11  14 0.0 0.018242776 24 -1 -1 -0.0075095296 -6
 -2  25  17  18 0.25601172 4.736185E-4  18  14  16 0.25601172 2.75
 -2  25  17  18 0.25601172 4.736185E-4 3 -1 -1 -4.736185E-4 -6
 -2  26  17  22 0.25838184 4.6926737E-4  18  14  16 0.25838184 2.75
 -2  26  17  22 0.25838184 4.6926737E-4 3 -1 -1 -4.6926737E-4 -6
 -2  29  19  20 0.20747542 5.26011E-4  18  14  16 0.20747542 2.75
 -2  29  19  20 0.20747542 5.26011E-4 3 -1 -1 -5.26011E-4 -6
 -2  30  19  20 0.20747542 5.26011E-4  18  14  16 0.20747542 2.75
 -2  30  19  20 0.20747542 5.26011E-4 3 -1 -1 -5.26011E-4 -6
 -2  4  2  4 0.26821232 0.0306499  18  14  16 0.26821232 2.75
 -2  4  2  4 0.26821232 0.0306499 3 -1 -1 -0.012998819 -6
 -2  4  2  4 0.26821232 0.0306499 4 -1 -1 -0.0078677535 -6
 -2  4  2  4 0.26821232 0.0306499 24 -1 -1 -0.009783328 -6
 -2  5  2  6 0.26484132 2.9700994E-4  18  14  16 0.26484132 2.75
 -2  5  2  6 0.26484132 2.9700994E-4 3 -1 -1 -2.9700994E-4 -6
 -2  8  10  5 0.27532768 0.005367279  18  14  16 0.27532768 2.75
 -2  8  10  5 0.27532768 0.005367279 3 -1 -1 -0.0043070912 -6
 -2  8  10  5 0.27532768 0.005367279 24 -1 -1 -0.0010601878 -6
 -2  12  8  10 0.26426172 0.001989603  18  14  16 0.26426172 2.75
 -2  12  8  10 0.26426172 0.001989603 3 -1 -1 -0.001989603 -6
 -2  13  11  13 0.76116014 0.0084712505  18  14  16 0.76116014 2.75
 -2  13  11  13 0.76116014 0.0084712505 3 -1 -1 -0.0058562756 -6
 -2  13  11  13 0.76116014 0.0084712505 24 -1 -1 -0.002614975 -6
 -2  37  11  10 0.009596348 0.00913918  18  14  16 0.009596348 2.75
 -2  37  11  10 0.009596348 0.00913918 3 -1 -1 -0.0061896443 -6
 -2  37  11  10 0.009596348 0.00913918 24 -1 -1 -0.0029495358 -6
 -2  15  12  13 0.2927823 0.020136237  18  14  16 0.2927823 2.75
 -2  15  12  13 0.2927823 0.020136237 3 -1 -1 -0.011678219 -6
 -2  15  12  13 0.2927823 0.020136237 24 -1 -1 -0.008458018 -6
 -2  16  12  23 1.114872 0.003389597  18  14  16 1.114872 2.75
 -2  16  12  23 1.114872 0.003389597 3 -1 -1 -0.003320098 -6
 -2  16  12  23 1.114872 0.003389597 24 -1 -1 -6.9499016E-5 -6
 -1  34  24  3 0.26403046 0.0043882728  18  14  16 0.26403046 2.75
 -1  34  24  3 0.26403046 0.0043882728 3 -1 -1 -0.0043882728 -6
 -2  2  3  1 0.29209042 0.13403201  18  14  16 0.29209042 2.75
 -2  2  3  1 0.29209042 0.13403201 3 -1 -1 -0.13403201 -6
 -2  6  3  9  -2  -2  -2  -2  -2  -2  -2
 -2  1  1  2 0.27762341 0.024842262  18  14  16 0.27762341 2.75
 -2  1  1  2 0.27762341 0.024842262 3 -1 -1 -0.024842262 -6
 -2  3  1  5 0.26640844 0.005957544  18  14  16 0.26640844 2.75
 -2  3  1  5 0.26640844 0.005957544 3 -1 -1 -0.005957544 -6
 -2  7  4  9 0.27509642 0.0104215145  18  14  16 0.27509642 2.75
 -2  7  4  9 0.27509642 0.0104215145 3 -1 -1 -0.0104215145 -6
 -2  11  8  9 0.266994 0.0068772435  18  14  16 0.266994 2.75
 -2  11  8  9 0.266994 0.0068772435 3 -1 -1 -0.0068772435 -6
 -2  35  11  9 0.036679983 0.030504584  18  14  16 0.036679983 2.75
 -2  35  11  9 0.036679983 0.030504584 3 -1 -1 -0.030504584 -6
 -2  36  9  12 0.595037 0.025231302  18  14  16 0.595037 2.75
 -2  36  9  12 0.595037 0.025231302 3 -1 -1 -0.025231302 -6
 -2  19  16  15 0.7062311 0.004406631  18  14  16 0.26045656 2.75
 -2  19  16  15 0.7062311 0.004406631  23  16  17 0.44577456 3.0
 -2  19  16  15 0.7062311 0.004406631 3 -1 -1 -0.004406631 -6
 -2  20  15  21 0.33102036 0.0044059157  18  14  16 0.26057434 2.75
 -2  20  15  21 0.33102036 0.0044059157  23  16  17 0.070446014 3.0
 -2  20  15  21 0.33102036 0.0044059157 3 -1 -1 -0.0044059157 -6
 -2  21  21  15 0.33102036 0.0044059157  18  14  16 0.26057434 2.75
 -2  21  21  15 0.33102036 0.0044059157  23  16  17 0.070446014 3.0
 -2  21  21  15 0.33102036 0.0044059157 3 -1 -1 -0.0044059157 -6
 -2  4  2  4 0.2688992 0.026127279  18  14  16 0.2688992 2.75
 -2  4  2  4 0.2688992 0.026127279 3 -1 -1 -0.017037153 -6
 -2  4  2  4 0.2688992 0.026127279 4 -1 -1 -0.009090126 -6
 -2  5  2  6 0.26546097 0.004242003  18  14  16 0.26546097 2.75
 -2  5  2  6 0.26546097 0.004242003 3 -1 -1 -0.004242003 -6
 -2  8  10  5 0.27602887 0.008249819  18  14  16 0.27602887 2.75
 -2  8  10  5 0.27602887 0.008249819 3 -1 -1 -0.008249819 -6
 -2  12  8  10 0.26488686 0.00592041  18  14  16 0.26488686 2.75
 -2  12  8  10 0.26488686 0.00592041 3 -1 -1 -0.00592041 -6
 -2  13  11  13 0.7621949 0.009809792  18  14  16 0.7621949 2.75
 -2  13  11  13 0.7621949 0.009809792 3 -1 -1 -0.009809792 -6
 -2  14  11  14 0.0 0.014723182 3 -1 -1 -0.014723182 -6
 -2  37  11  10 0.009947062 0.010132313  18  14  16 0.009947062 2.75
 -2  37  11  10 0.009947062 0.010132313 3 -1 -1 -0.010132313 -6
 -2  15  12  13 0.29362798 0.015671134  18  14  16 0.29362798 2.75
 -2  15  12  13 0.29362798 0.015671134 3 -1 -1 -0.015671134 -6
 -2  16  12  23 1.1156092 0.0072758794  18  14  16 1.1156092 2.75
 -2  16  12  23 1.1156092 0.0072758794 3 -1 -1 -0.0072758794 -6
 -2  38  12  10 0.61904 0.010941267  18  14  16 0.61904 2.75
 -2  38  12  10 0.61904 0.010941267 3 -1 -1 -0.010941267 -6
 -2  18  14  16 1.1119552 0.014503241  24  16  19 1.1119552 3.0
 -2  18  14  16 1.1119552 0.014503241 3 -1 -1 -0.014503241 -6
 -2  23  16  17 1.1330509 0.0044263005  18  14  16 0.31711388 2.75
 -2  23  16  17 1.1330509 0.0044263005  19  16  15 0.81593704 2.75
 -2  23  16  17 1.1330509 0.0044263005 3 -1 -1 -0.0044263005 -6
 -2  24  16  19 1.3624406 0.0040500164  18  14  16 1.3624406 2.75
 -2  24  16  19 1.3624406 0.0040500164 3 -1 -1 -0.0040500164 -6
 -2  27  18  21 0.26349187 0.0044008493  18  14  16 0.26349187 2.75
 -2  27  18  21 0.26349187 0.0044008493 3 -1 -1 -0.0044008493 -6
 -2  28  18  21 0.26349187 0.0044008493  18  14  16 0.26349187 2.75
 -2  28  18  21 0.26349187 0.0044008493 3 -1 -1 -0.0044008493 -6
 -2  33  21  22 0.26113343 0.0044054985  18  14  16 0.26113343 2.75
 -2  33  21  22 0.26113343 0.0044054985 3 -1 -1 -0.0044054985 -6
 -2  9  10  6 0.32038283 0.016428888  18  14  16 0.32038283 2.75
 -2  9  10  6 0.32038283 0.016428888 3 -1 -1 -0.016428888 -6
 -2  17  23  13 1.0085354 0.0069141984  18  14  16 1.0085354 2.75
 -2  17  23  13 1.0085354 0.0069141984 3 -1 -1 -0.0069141984 -6
 -2  31  20  23 0.17510486 0.004499793  18  14  16 0.17510486 2.75
 -2  31  20  23 0.17510486 0.004499793 3 -1 -1 -0.004499793 -6
  psseraw:file=IEEE24busPsse30.raw&lowx=adjust
 -1  3  7  -1 0.0 0.25070214 7 -1 -1 -0.14557707 -6
 -1  3  7  -1 0.0 0.25070214 8 -1 -1 -0.10512507 -6
 -2  1  1  2 0.0 0.25682753 7 -1 -1 -0.14873785 -6
 -2  1  1  2 0.0 0.25682753 8 -1 -1 -0.108089685 -6
 -2  2  3  1 0.0 0.26759207 7 -1 -1 -0.15428048 -6
 -2  2  3  1 0.0 0.26759207 8 -1 -1 -0.11331159 -6
 -2  3  1  5 0.0 0.2972378 7 -1 -1 -0.16959143 -6
 -2  3  1  5 0.0 0.2972378 8 -1 -1 -0.12764639 -6
 -2  4  2  4 0.0 0.3536712 4 -1 -1 -0.045799077 -6
 -2  4  2  4 0.0 0.3536712 7 -1 -1 -0.17221242 -6
 -2  4  2  4 0.0 0.3536712 8 -1 -1 -0.13005936 -6
 -2  4  2  4 0.0 0.3536712 9 -1 -1 -0.005600333 -6
 -2  5  2  6 0.0 0.27595103 7 -1 -1 -0.15860802 -6
 -2  5  2  6 0.0 0.27595103 8 -1 -1 -0.11734301 -6
 -2  6  3  9 0.007529497 0.2597844  18  14  16 0.007529497 2.75
 -2  6  3  9 0.007529497 0.2597844 7 -1 -1 -0.15023625 -6
 -2  6  3  9 0.007529497 0.2597844 8 -1 -1 -0.10954815 -6
 -2  7  4  9 0.0 0.26874948 7 -1 -1 -0.15488178 -6
 -2  7  4  9 0.0 0.26874948 8 -1 -1 -0.1138677 -6
 -2  8  10  5 0.0 0.27469462 7 -1 -1 -0.15794241 -6
 -2  8  10  5 0.0 0.27469462 8 -1 -1 -0.11675221 -6
 -2  9  10  6 0.0 0.30849308 7 -1 -1 -0.17541748 -6
 -2  9  10  6 0.0 0.30849308 8 -1 -1 -0.1330756 -6
 -2  11  8  9  -2  -2  -2  -2  -2  -2  -2
 -2  12  8  10  -2  -2  -2  -2  -2  -2  -2
 -2  13  11  13 0.54298615 0.2914977  18  14  16 0.54298615 2.75
 -2  13  11  13 0.54298615 0.2914977 7 -1 -1 -0.16663545 -6
 -2  13  11  13 0.54298615 0.2914977 8 -1 -1 -0.12486225 -6
 -2  14  11  14  -2  -2  -2  -2  -2  -2  -2
 -2  15  12  13 0.0 0.40342766 7 -1 -1 -0.2109778 -6
 -2  15  12  13 0.0 0.40342766 8 -1 -1 -0.16636634 -6
 -2  15  12  13 0.0 0.40342766 9 -1 -1 -0.021838784 -6
 -2  15  12  13 0.0 0.40342766 12 -1 -1 -0.004244745 -6
 -2  16  12  23 0.57056785 0.27224737  18  14  16 0.57056785 2.75
 -2  16  12  23 0.57056785 0.27224737 7 -1 -1 -0.15666825 -6
 -2  16  12  23 0.57056785 0.27224737 8 -1 -1 -0.11557913 -6
 -2  17  23  13 0.48345613 0.25984436  18  14  16 0.48345613 2.75
 -2  17  23  13 0.48345613 0.25984436 7 -1 -1 -0.15030104 -6
 -2  17  23  13 0.48345613 0.25984436 8 -1 -1 -0.10954332 -6
 -2  18  14  16 0.0 0.34317464 3 -1 -1 -0.0021993518 -6
 -2  18  14  16 0.0 0.34317464 7 -1 -1 -0.18710297 -6
 -2  18  14  16 0.0 0.34317464 8 -1 -1 -0.14419162 -6
 -2  18  14  16 0.0 0.34317464 9 -1 -1 -0.009680688 -6
 -2  19  16  15 0.0 0.25172877 7 -1 -1 -0.14613461 -6
 -2  19  16  15 0.0 0.25172877 8 -1 -1 -0.10559416 -6
 -2  20  15  21 0.10469484 0.25288385  21  21  15 0.10469484 2.75
 -2  20  15  21 0.10469484 0.25288385 7 -1 -1 -0.14673132 -6
 -2  20  15  21 0.10469484 0.25288385 8 -1 -1 -0.106152534 -6
 -2  21  21  15 0.10469484 0.25288385  20  15  21 0.10469484 2.75
 -2  21  21  15 0.10469484 0.25288385 7 -1 -1 -0.14673132 -6
 -2  21  21  15 0.10469484 0.25288385 8 -1 -1 -0.106152534 -6
 -2  22  15  24  -2  -2  -2  -2  -2  -2  -2
 -2  23  16  17 0.1266017 0.26679826  20  15  21 0.06330085 2.75
 -2  23  16  17 0.1266017 0.26679826  21  21  15 0.06330085 2.75
 -2  23  16  17 0.1266017 0.26679826 7 -1 -1 -0.15389681 -6
 -2  23  16  17 0.1266017 0.26679826 8 -1 -1 -0.11290145 -6
 -2  24  16  19 0.23130608 0.2505406  18  14  16 0.23130608 2.75
 -2  24  16  19 0.23130608 0.2505406 7 -1 -1 -0.1455307 -6
 -2  24  16  19 0.23130608 0.2505406 8 -1 -1 -0.10500991 -6
 -2  25  17  18 0.0 0.25385243 7 -1 -1 -0.14721698 -6
 -2  25  17  18 0.0 0.25385243 8 -1 -1 -0.10663545 -6
 -2  26  17  22 0.0 0.25178498 7 -1 -1 -0.14616644 -6
 -2  26  17  22 0.0 0.25178498 8 -1 -1 -0.10561854 -6
 -2  27  18  21 0.0 0.25163037 7 -1 -1 -0.14608878 -6
 -2  27  18  21 0.0 0.25163037 8 -1 -1 -0.10554159 -6
 -2  28  18  21 0.0 0.25163037 7 -1 -1 -0.14608878 -6
 -2  28  18  21 0.0 0.25163037 8 -1 -1 -0.10554159 -6
 -2  29  19  20 0.0 0.25205374 7 -1 -1 -0.14630556 -6
 -2  29  19  20 0.0 0.25205374 8 -1 -1 -0.10574818 -6
 -2  30  19  20 0.0 0.25205374 7 -1 -1 -0.14630556 -6
 -2  30  19  20 0.0 0.25205374 8 -1 -1 -0.10574818 -6
 -2  31  20  23 0.0 0.25210762 7 -1 -1 -0.1463331 -6
 -2  31  20  23 0.0 0.25210762 8 -1 -1 -0.10577452 -6
 -2  32  20  23 0.0 0.25210762 7 -1 -1 -0.1463331 -6
 -2  32  20  23 0.0 0.25210762 8 -1 -1 -0.10577452 -6
 -2  33  21  22 0.0 0.2512613 7 -1 -1 -0.14588714 -6
 -2  33  21  22 0.0 0.2512613 8 -1 -1 -0.10537416 -6
 -2  34  24  3  -2  -2  -2  -2  -2  -2  -2
 -2  35  11  9 0.0 0.42576516 3 -1 -1 -0.004937947 -6
 -2  35  11  9 0.0 0.42576516 4 -1 -1 -0.008131802 -6
 -2  35  11  9 0.0 0.42576516 7 -1 -1 -0.20818192 -6
 -2  35  11  9 0.0 0.42576516 8 -1 -1 -0.16370845 -6
 -2  35  11  9 0.0 0.42576516 9 -1 -1 -0.04080504 -6
 -2  36  9  12 0.12082529 0.37563646  18  14  16 0.12082529 2.75
 -2  36  9  12 0.12082529 0.37563646 7 -1 -1 -0.19579208 -6
 -2  36  9  12 0.12082529 0.37563646 8 -1 -1 -0.15207767 -6
 -2  36  9  12 0.12082529 0.37563646 9 -1 -1 -0.027766705 -6
 -2  37  11  10 0.0 0.54248554 3 -1 -1 -0.0040644407 -6
 -2  37  11  10 0.0 0.54248554 4 -1 -1 -0.011851072 -6
 -2  37  11  10 0.0 0.54248554 5 -1 -1 -0.008784533 -6
 -2  37  11  10 0.0 0.54248554 6 -1 -1 -0.009721458 -6
 -2  37  11  10 0.0 0.54248554 7 -1 -1 -0.24833894 -6
 -2  37  11  10 0.0 0.54248554 8 -1 -1 -0.20065606 -6
 -2  37  11  10 0.0 0.54248554 9 -1 -1 -0.020810485 -6
 -2  37  11  10 0.0 0.54248554 10 -1 -1 -0.038258553 -6
 -2  38  12  10 0.2950492 0.41477793  18  14  16 0.2950492 2.75
 -2  38  12  10 0.2950492 0.41477793 7 -1 -1 -0.21924222 -6
 -2  38  12  10 0.2950492 0.41477793 8 -1 -1 -0.17385328 -6
 -2  38  12  10 0.2950492 0.41477793 9 -1 -1 -0.010534823 -6
 -2  38  12  10 0.2950492 0.41477793 10 -1 -1 -0.011147618 -6
 -1  11  23  -1 0.9976008 0.0  10  7  8 0.08746004 1.95
 -1  11  23  -1 0.9976008 0.0  23  16  17 0.851424 3.0
 -1  11  23  -1 0.9976008 0.0  24  16  19 0.058716774 3.0
 -2  1  1  2 0.9986286 0.0  10  7  8 0.087435246 1.95
 -2  1  1  2 0.9986286 0.0  23  16  17 0.8518181 3.0
 -2  1  1  2 0.9986286 0.0  24  16  19 0.059375286 3.0
 -2  2  3  1 0.9997511 0.0  10  7  8 0.08949494 1.95
 -2  2  3  1 0.9997511 0.0  23  16  17 0.8514602 3.0
 -2  2  3  1 0.9997511 0.0  24  16  19 0.05879593 3.0
 -2  3  1  5 1.0862441 0.0  10  7  8 0.091582775 1.95
 -2  3  1  5 1.0862441 0.0  23  16  17 0.9032271 3.0
 -2  3  1  5 1.0862441 0.0  24  16  19 0.09143424 3.0
 -2  4  2  4 1.0231364 0.0  10  7  8 0.093937635 1.95
 -2  4  2  4 1.0231364 0.0  23  16  17 0.8646543 3.0
 -2  4  2  4 1.0231364 0.0  24  16  19 0.06454444 3.0
 -2  5  2  6 1.0631361 0.0  10  7  8 0.08871269 1.95
 -2  5  2  6 1.0631361 0.0  23  16  17 0.8915436 3.0
 -2  5  2  6 1.0631361 0.0  24  16  19 0.08287978 3.0
 -2  6  3  9 1.1168706 0.0  10  7  8 0.08663201 1.95
 -2  6  3  9 1.1168706 0.0  23  16  17 0.9230375 3.0
 -2  6  3  9 1.1168706 0.0  24  16  19 0.1072011 3.0
 -2  7  4  9 0.985605 0.0  10  7  8 0.08763003 1.95
 -2  7  4  9 0.985605 0.0  23  16  17 0.84410644 3.0
 -2  7  4  9 0.985605 0.0  24  16  19 0.053868532 3.0
 -2  8  10  5 1.0065956 0.0  10  7  8 0.08783436 1.95
 -2  8  10  5 1.0065956 0.0  23  16  17 0.8563919 3.0
 -2  8  10  5 1.0065956 0.0  24  16  19 0.062369347 3.0
 -2  9  10  6 0.87943244 0.0  10  7  8 0.0957768 1.95
 -2  9  10  6 0.87943244 0.0  23  16  17 0.78052497 3.0
 -2  9  10  6 0.87943244 0.0  24  16  19 0.0031306744 3.0
 -2  11  8  9 0.9820833 0.0  10  7  8 0.09259176 1.95
 -2  11  8  9 0.9820833 0.0  23  16  17 0.8396039 3.0
 -2  11  8  9 0.9820833 0.0  24  16  19 0.049887657 3.0
 -2  12  8  10 1.0449195 0.0  10  7  8 0.11026025 1.95
 -2  12  8  10 1.0449195 0.0  23  16  17 0.86655307 3.0
 -2  12  8  10 1.0449195 0.0  24  16  19 0.068106174 3.0
 -2  13  11  13 0.9220755 0.0  10  7  8 0.090090275 1.95
 -2  13  11  13 0.9220755 0.0  23  16  17 0.83198524 3.0
 -2  14  11  14 1.3257031 0.0  10  7  8 0.09147787 1.95
 -2  14  11  14 1.3257031 0.0  23  16  17 0.7289479 3.0
 -2  14  11  14 1.3257031 0.0  24  16  19 0.5052774 3.0
 -2  15  12  13 0.89523244 0.0  10  7  8 0.09310508 1.95
 -2  15  12  13 0.89523244 0.0  23  16  17 0.78390884 3.0
 -2  15  12  13 0.89523244 0.0  24  16  19 0.018218517 3.0
 -2  16  12  23 0.9051161 0.0  10  7  8 0.08863902 1.95
 -2  16  12  23 0.9051161 0.0  23  16  17 0.81647706 3.0
 -2  17  23  13 1.2147648 0.0  10  7  8 0.08819246 1.95
 -2  17  23  13 1.2147648 0.0  23  16  17 0.8763664 3.0
 -2  17  23  13 1.2147648 0.0  24  16  19 0.250206 3.0
 -2  18  14  16 1.9894652 0.0  10  7  8 0.09161496 1.95
 -2  18  14  16 1.9894652 0.0  23  16  17 0.46922946 3.0
 -2  18  14  16 1.9894652 0.0  24  16  19 1.4286208 3.0
 -2  19  16  15 1.3542337 0.0  10  7  8 0.08769226 1.95
 -2  19  16  15 1.3542337 0.0  23  16  17 1.2186723 3.0
 -2  19  16  15 1.3542337 0.0  24  16  19 0.008500099 3.0
 -2  19  16  15 1.3542337 0.0  25  17  18 0.039369106 3.0
 -2  20  15  21 1.5645759 0.0  10  7  8 0.087470055 1.95
 -2  20  15  21 1.5645759 0.0  21  21  15 0.10653448 2.75
 -2  20  15  21 1.5645759 0.0  23  16  17 1.2199697 3.0
 -2  20  15  21 1.5645759 0.0  24  16  19 0.11007619 3.0
 -2  20  15  21 1.5645759 0.0  25  17  18 0.040525436 3.0
 -2  21  21  15 1.5645759 0.0  10  7  8 0.087470055 1.95
 -2  21  21  15 1.5645759 0.0  20  15  21 0.10653448 2.75
 -2  21  21  15 1.5645759 0.0  23  16  17 1.2199697 3.0
 -2  21  21  15 1.5645759 0.0  24  16  19 0.11007619 3.0
 -2  21  21  15 1.5645759 0.0  25  17  18 0.040525436 3.0
 -2  22  15  24 3.9023414 0.0  10  7  8 0.093854666 1.95
 -2  22  15  24 3.9023414 0.0  18  14  16 0.07279658 2.75
 -2  22  15  24 3.9023414 0.0  23  16  17 2.0583725 3.0
 -2  22  15  24 3.9023414 0.0  24  16  19 0.88705015 3.0
 -2  22  15  24 3.9023414 0.0  25  17  18 0.79026747 3.0
 -2  23  16  17 2.358391 0.00759238  10  7  8 0.09765172 1.95
 -2  23  16  17 2.358391 0.00759238  19  16  15 0.29561353 2.75
 -2  23  16  17 2.358391 0.00759238  20  15  21 0.9189141 2.75
 -2  23  16  17 2.358391 0.00759238  21  21  15 0.9189141 2.75
 -2  23  16  17 2.358391 0.00759238  22  15  24 0.12729764 3.0
 -2  23  16  17 2.358391 0.00759238 24 -1 -1 -0.00759238 -6
 -2  24  16  19 1.7517626 0.0  10  7  8 0.09701443 1.95
 -2  24  16  19 1.7517626 0.0  18  14  16 1.3885622 2.75
 -2  24  16  19 1.7517626 0.0  23  16  17 0.266186 3.0
 -2  25  17  18 0.16277146 0.0  10  7  8 0.08956933 1.95
 -2  25  17  18 0.16277146 0.0  26  17  22 0.07320213 2.4
 -2  26  17  22 1.4552081 0.0  10  7  8 0.0876081 1.95
 -2  26  17  22 1.4552081 0.0  23  16  17 0.66688967 3.0
 -2  26  17  22 1.4552081 0.0  24  16  19 0.017242193 3.0
 -2  26  17  22 1.4552081 0.0  25  17  18 0.6834681 3.0
 -2  27  18  21 0.90755963 0.0  10  7  8 0.08756065 1.95
 -2  27  18  21 0.90755963 0.0  23  16  17 0.7740905 3.0
 -2  27  18  21 0.90755963 0.0  24  16  19 0.04590845 3.0
 -2  28  18  21 0.90755963 0.0  10  7  8 0.08756065 1.95
 -2  28  18  21 0.90755963 0.0  23  16  17 0.7740905 3.0
 -2  28  18  21 0.90755963 0.0  24  16  19 0.04590845 3.0
 -2  29  19  20 0.9157486 0.0  10  7  8 0.08764696 1.95
 -2  29  19  20 0.9157486 0.0  23  16  17 0.82810163 3.0
 -2  30  19  20 0.9157486 0.0  10  7  8 0.08764696 1.95
 -2  30  19  20 0.9157486 0.0  23  16  17 0.82810163 3.0
 -2  31  20  23 1.0033593 0.0  10  7  8 0.08747196 1.95
 -2  31  20  23 1.0033593 0.0  23  16  17 0.85056996 3.0
 -2  31  20  23 1.0033593 0.0  24  16  19 0.06531739 3.0
 -2  32  20  23 1.0033593 0.0  10  7  8 0.08747196 1.95
 -2  32  20  23 1.0033593 0.0  23  16  17 0.85056996 3.0
 -2  32  20  23 1.0033593 0.0  24  16  19 0.06531739 3.0
 -2  33  21  22 1.1316757 0.0  10  7  8 0.08741045 1.95
 -2  33  21  22 1.1316757 0.0  23  16  17 0.9735491 3.0
 -2  33  21  22 1.1316757 0.0  24  16  19 0.07071614 3.0
 -2  34  24  3 3.9028563 0.002041161  10  7  8 0.094328165 1.95
 -2  34  24  3 3.9028563 0.002041161  18  14  16 0.07307911 2.75
 -2  34  24  3 3.9028563 0.002041161  23  16  17 2.0583296 3.0
 -2  34  24  3 3.9028563 0.002041161  24  16  19 0.886848 3.0
 -2  34  24  3 3.9028563 0.002041161  25  17  18 0.7902715 3.0
 -2  34  24  3 3.9028563 0.002041161 3 -1 -1 -0.002041161 -6
 -2  35  11  9 0.98367906 0.0  10  7  8 0.09436202 1.95
 -2  35  11  9 0.98367906 0.0  23  16  17 0.7730353 3.0
 -2  35  11  9 0.98367906 0.0  24  16  19 0.11628175 3.0
 -2  36  9  12 0.86842585 0.0  10  7  8 0.09283662 1.95
 -2  36  9  12 0.86842585 0.0  23  16  17 0.7755892 3.0
 -2  37  11  10 1.061914 0.0  10  7  8 0.090987444 1.95
 -2  37  11  10 1.061914 0.0  23  16  17 0.786253 3.0
 -2  37  11  10 1.061914 0.0  24  16  19 0.18467355 3.0
 -2  38  12  10 0.8907192 0.0  10  7  8 0.089826345 1.95
 -2  38  12  10 0.8907192 0.0  23  16  17 0.80089283 3.0
 -1  22  15  24 0.26339912 4.5192242E-4  18  14  16 0.26339912 2.75
 -1  22  15  24 0.26339912 4.5192242E-4 3 -1 -1 -4.5192242E-4 -6
 -2  1  1  2 0.27675772 0.0362705  18  14  16 0.27675772 2.75
 -2  1  1  2 0.27675772 0.0362705 3 -1 -1 -0.019730806 -6
 -2  1  1  2 0.27675772 0.0362705 24 -1 -1 -0.016539693 -6
 -2  2  3  1 0.29043317 0.2507  18  14  16 0.29043317 2.75
 -2  2  3  1 0.29043317 0.2507 3 -1 -1 -0.12675154 -6
 -2  2  3  1 0.29043317 0.2507 24 -1 -1 -0.123948455 -6
 -2  3  1  5 0.26576352 0.0020205975  18  14  16 0.26576352 2.75
 -2  3  1  5 0.26576352 0.0020205975 3 -1 -1 -0.0020205975 -6
 -2  4  2  4 0.26821232 0.0306499  18  14  16 0.26821232 2.75
 -2  4  2  4 0.26821232 0.0306499 3 -1 -1 -0.012998819 -6
 -2  4  2  4 0.26821232 0.0306499 4 -1 -1 -0.0078677535 -6
 -2  4  2  4 0.26821232 0.0306499 24 -1 -1 -0.009783328 -6
 -2  5  2  6 0.26484132 2.9700994E-4  18  14  16 0.26484132 2.75
 -2  5  2  6 0.26484132 2.9700994E-4 3 -1 -1 -2.9700994E-4 -6
 -2  6  3  9  -2  -2  -2  -2  -2  -2  -2
 -2  7  4  9 0.2744043 0.00949657  18  14  16 0.2744043 2.75
 -2  7  4  9 0.2744043 0.00949657 3 -1 -1 -0.006368041 -6
 -2  7  4  9 0.2744043 0.00949657 24 -1 -1 -0.0031285286 -6
 -2  8  10  5 0.27532768 0.005367279  18  14  16 0.27532768 2.75
 -2  8  10  5 0.27532768 0.005367279 3 -1 -1 -0.0043070912 -6
 -2  8  10  5 0.27532768 0.005367279 24 -1 -1 -0.0010601878 -6
 -2  9  10  6 0.31957746 0.021754026  18  14  16 0.31957746 2.75
 -2  9  10  6 0.31957746 0.021754026 3 -1 -1 -0.012485623 -6
 -2  9  10  6 0.31957746 0.021754026 24 -1 -1 -0.009268403 -6
 -2  11  8  9 0.26632714 0.0028235316  18  14  16 0.26632714 2.75
 -2  11  8  9 0.26632714 0.0028235316 3 -1 -1 -0.0028235316 -6
 -2  12  8  10 0.26426172 0.001989603  18  14  16 0.26426172 2.75
 -2  12  8  10 0.26426172 0.001989603 3 -1 -1 -0.001989603 -6
 -2  13  11  13 0.76116014 0.0084712505  18  14  16 0.76116014 2.75
 -2  13  11  13 0.76116014 0.0084712505 3 -1 -1 -0.0058562756 -6
 -2  13  11  13 0.76116014 0.0084712505 24 -1 -1 -0.002614975 -6
 -2  14  11  14 0.0 0.018242776 3 -1 -1 -0.010733247 -6
 -2  14  11  14 0.0 0.018242776 24 -1 -1 -0.0075095296 -6
 -2  15  12  13 0.2927823 0.020136237  18  14  16 0.2927823 2.75
 -2  15  12  13 0.2927823 0.020136237 3 -1 -1 -0.011678219 -6
 -2  15  12  13 0.2927823 0.020136237 24 -1 -1 -0.008458018 -6
 -2  16  12  23 1.114872 0.003389597  18  14  16 1.114872 2.75
 -2  16  12  23 1.114872 0.003389597 3 -1 -1 -0.003320098 -6
 -2  16  12  23 1.114872 0.003389597 24 -1 -1 -6.9499016E-5 -6
 -2  17  23  13 1.0074792 0.0029819012  18  14  16 1.0074792 2.75
 -2  17  23  13 1.0074792 0.0029819012 3 -1 -1 -0.0029819012 -6
 -2  18  14  16 1.1120186 0.017766058  24  16  19 1.1120186 3.0
 -2  18  14  16 1.1120186 0.017766058 3 -1 -1 -0.010495305 -6
 -2  18  14  16 1.1120186 0.017766058 24 -1 -1 -0.0072707534 -6
 -2  19  16  15 0.7056701 4.6926737E-4  18  14  16 0.25983024 2.75
 -2  19  16  15 0.7056701 4.6926737E-4  23  16  17 0.44583988 3.0
 -2  19  16  15 0.7056701 4.6926737E-4 3 -1 -1 -4.6926737E-4 -6
 -2  20  15  21 0.33043098 4.683733E-4  18  14  16 0.25994468 2.75
 -2  20  15  21 0.33043098 4.683733E-4  23  16  17 0.07048631 3.0
 -2  20  15  21 0.33043098 4.683733E-4 3 -1 -1 -4.683733E-4 -6
 -2  21  21  15 0.33043098 4.683733E-4  18  14  16 0.25994468 2.75
 -2  21  21  15 0.33043098 4.683733E-4  23  16  17 0.07048631 3.0
 -2  21  21  15 0.33043098 4.683733E-4 3 -1 -1 -4.683733E-4 -6
 -2  23  16  17 1.1409509 4.8953295E-4  18  14  16 0.31895256 2.75
 -2  23  16  17 1.1409509 4.8953295E-4  19  16  15 0.82199836 2.75
 -2  23  16  17 1.1409509 4.8953295E-4 3 -1 -1 -4.8953295E-4 -6
 -2  24  16  19 1.3625016 1.1199713E-4  18  14  16 1.3625016 2.75
 -2  24  16  19 1.3625016 1.1199713E-4 3 -1 -1 -1.1199713E-4 -6
 -2  25  17  18 0.25601172 4.736185E-4  18  14  16 0.25601172 2.75
 -2  25  17  18 0.25601172 4.736185E-4 3 -1 -1 -4.736185E-4 -6
 -2  26  17  22 0.25838184 4.6926737E-4  18  14  16 0.25838184 2.75
 -2  26  17  22 0.25838184 4.6926737E-4 3 -1 -1 -4.6926737E-4 -6
 -2  27  18  21 0.26286507 4.6384335E-4  18  14  16 0.26286507 2.75
 -2  27  18  21 0.26286507 4.6384335E-4 3 -1 -1 -4.6384335E-4 -6
 -2  28  18  21 0.26286507 4.6384335E-4  18  14  16 0.26286507 2.75
 -2  28  18  21 0.26286507 4.6384335E-4 3 -1 -1 -4.6384335E-4 -6
 -2  29  19  20 0.20747542 5.26011E-4  18  14  16 0.20747542 2.75
 -2  29  19  20 0.20747542 5.26011E-4 3 -1 -1 -5.26011E-4 -6
 -2  30  19  20 0.20747542 5.26011E-4  18  14  16 0.20747542 2.75
 -2  30  19  20 0.20747542 5.26011E-4 3 -1 -1 -5.26011E-4 -6
 -2  31  20  23 0.17449617 5.6278706E-4  18  14  16 0.17449617 2.75
 -2  31  20  23 0.17449617 5.6278706E-4 3 -1 -1 -5.6278706E-4 -6
 -2  32  20  23 0.17449617 5.6278706E-4  18  14  16 0.17449617 2.75
 -2  32  20  23 0.17449617 5.6278706E-4 3 -1 -1 -5.6278706E-4 -6
 -2  33  21  22 0.26050544 4.6783686E-4  18  14  16 0.26050544 2.75
 -2  33  21  22 0.26050544 4.6783686E-4 3 -1 -1 -4.6783686E-4 -6
 -2  35  11  9 0.03575015 0.04945296  18  14  16 0.03575015 2.75
 -2  35  11  9 0.03575015 0.04945296 3 -1 -1 -0.026310086 -6
 -2  35  11  9 0.03575015 0.04945296 24 -1 -1 -0.023142874 -6
 -2  36  9  12 0.59441495 0.038912177  18  14  16 0.59441495 2.75
 -2  36  9  12 0.59441495 0.038912177 3 -1 -1 -0.021049201 -6
 -2  36  9  12 0.59441495 0.038912177 24 -1 -1 -0.017862976 -6
 -2  37  11  10 0.009596348 0.00913918  18  14  16 0.009596348 2.75
 -2  37  11  10 0.009596348 0.00913918 3 -1 -1 -0.0061896443 -6
 -2  37  11  10 0.009596348 0.00913918 24 -1 -1 -0.0029495358 -6
 -2  38  12  10 0.617929 0.01075834  18  14  16 0.617929 2.75
 -2  38  12  10 0.617929 0.01075834 3 -1 -1 -0.0069978237 -6
 -2  38  12  10 0.617929 0.01075834 24 -1 -1 -0.0037605166 -6
 -1  34  24  3 0.26403046 0.0043882728  18  14  16 0.26403046 2.75
 -1  34  24  3 0.26403046 0.0043882728 3 -1 -1 -0.0043882728 -6
 -2  1  1  2 0.27762341 0.024842262  18  14  16 0.27762341 2.75
 -2  1  1  2 0.27762341 0.024842262 3 -1 -1 -0.024842262 -6
 -2  2  3  1 0.29209042 0.13403201  18  14  16 0.29209042 2.75
 -2  2  3  1 0.29209042 0.13403201 3 -1 -1 -0.13403201 -6
 -2  3  1  5 0.26640844 0.005957544  18  14  16 0.26640844 2.75
 -2  3  1  5 0.26640844 0.005957544 3 -1 -1 -0.005957544 -6
 -2  4  2  4 0.2688992 0.026127279  18  14  16 0.2688992 2.75
 -2  4  2  4 0.2688992 0.026127279 3 -1 -1 -0.017037153 -6
 -2  4  2  4 0.2688992 0.026127279 4 -1 -1 -0.009090126 -6
 -2  5  2  6 0.26546097 0.004242003  18  14  16 0.26546097 2.75
 -2  5  2  6 0.26546097 0.004242003 3 -1 -1 -0.004242003 -6
 -2  6  3  9  -2  -2  -2  -2  -2  -2  -2
 -2  7  4  9 0.27509642 0.0104215145  18  14  16 0.27509642 2.75
 -2  7  4  9 0.27509642 0.0104215145 3 -1 -1 -0.0104215145 -6
 -2  8  10  5 0.27602887 0.008249819  18  14  16 0.27602887 2.75
 -2  8  10  5 0.27602887 0.008249819 3 -1 -1 -0.008249819 -6
 -2  9  10  6 0.32038283 0.016428888  18  14  16 0.32038283 2.75
 -2  9  10  6 0.32038283 0.016428888 3 -1 -1 -0.016428888 -6
 -2  11  8  9 0.266994 0.0068772435  18  14  16 0.266994 2.75
 -2  11  8  9 0.266994 0.0068772435 3 -1 -1 -0.0068772435 -6
 -2  12  8  10 0.26488686 0.00592041  18  14  16 0.26488686 2.75
 -2  12  8  10 0.26488686 0.00592041 3 -1 -1 -0.00592041 -6
 -2  13  11  13 0.7621949 0.009809792  18  14  16 0.7621949 2.75
 -2  13  11  13 0.7621949 0.009809792 3 -1 -1 -0.009809792 -6
 -2  14  11  14 0.0 0.014723182 3 -1 -1 -0.014723182 -6
 -2  15  12  13 0.29362798 0.015671134  18  14  16 0.29362798 2.75
 -2  15  12  13 0.29362798 0.015671134 3 -1 -1 -0.015671134 -6
 -2  16  12  23 1.1156092 0.0072758794  18  14  16 1.1156092 2.75
 -2  16  12  23 1.1156092 0.0072758794 3 -1 -1 -0.0072758794 -6
 -2  17  23  13 1.0085354 0.0069141984  18  14  16 1.0085354 2.75
 -2  17  23  13 1.0085354 0.0069141984 3 -1 -1 -0.0069141984 -6
 -2  18  14  16 1.1119552 0.014503241  24  16  19 1.1119552 3.0
 -2  18  14  16 1.1119552 0.014503241 3 -1 -1 -0.014503241 -6
 -2  19  16  15 0.7062311 0.004406631  18  14  16 0.26045656 2.75
 -2  19  16  15 0.7062311 0.004406631  23  16  17 0.44577456 3.0
 -2  19  16  15 0.7062311 0.004406631 3 -1 -1 -0.004406631 -6
 -2  20  15  21 0.33102036 0.0044059157  18  14  16 0.26057434 2.75
 -2  20  15  21 0.33102036 0.0044059157  23  16  17 0.070446014 3.0
 -2  20  15  21 0.33102036 0.0044059157 3 -1 -1 -0.0044059157 -6
 -2  21  21  15 0.33102036 0.0044059157  18  14  16 0.26057434 2.75
 -2  21  21  15 0.33102036 0.0044059157  23  16  17 0.070446014 3.0
 -2  21  21  15 0.33102036 0.0044059157 3 -1 -1 -0.0044059157 -6
 -2  23  16  17 1.1330509 0.0044263005  18  14  16 0.31711388 2.75
 -2  23  16  17 1.1330509 0.0044263005  19  16  15 0.81593704 2.75
 -2  23  16  17 1.1330509 0.0044263005 3 -1 -1 -0.0044263005 -6
 -2  24  16  19 1.3624406 0.0040500164  18  14  16 1.3624406 2.75
 -2  24  16  19 1.3624406 0.0040500164 3 -1 -1 -0.0040500164 -6
 -2  25  17  18 0.25663805 0.0044110417  18  14  16 0.25663805 2.75
 -2  25  17  18 0.25663805 0.0044110417 3 -1 -1 -0.0044110417 -6
 -2  26  17  22 0.25901008 0.00440681  18  14  16 0.25901008 2.75
 -2  26  17  22 0.25901008 0.00440681 3 -1 -1 -0.00440681 -6
 -2  27  18  21 0.26349187 0.0044008493  18  14  16 0.26349187 2.75
 -2  27  18  21 0.26349187 0.0044008493 3 -1 -1 -0.0044008493 -6
 -2  28  18  21 0.26349187 0.0044008493  18  14  16 0.26349187 2.75
 -2  28  18  21 0.26349187 0.0044008493 3 -1 -1 -0.0044008493 -6
 -2  29  19  20 0.20805717 0.004463434  18  14  16 0.20805717 2.75
 -2  29  19  20 0.20805717 0.004463434 3 -1 -1 -0.004463434 -6
 -2  30  19  20 0.20805717 0.004463434  18  14  16 0.20805717 2.75
 -2  30  19  20 0.20805717 0.004463434 3 -1 -1 -0.004463434 -6
 -2  31  20  23 0.17510486 0.004499793  18  14  16 0.17510486 2.75
 -2  31  20  23 0.17510486 0.004499793 3 -1 -1 -0.004499793 -6
 -2  32  20  23 0.17510486 0.004499793  18  14  16 0.17510486 2.75
 -2  32  20  23 0.17510486 0.004499793 3 -1 -1 -0.004499793 -6
 -2  33  21  22 0.26113343 0.0044054985  18  14  16 0.26113343 2.75
 -2  33  21  22 0.26113343 0.0044054985 3 -1 -1 -0.0044054985 -6
 -2  35  11  9 0.036679983 0.030504584  18  14  16 0.036679983 2.75
 -2  35  11  9 0.036679983 0.030504584 3 -1 -1 -0.030504584 -6
 -2  36  9  12 0.595037 0.025231302  18  14  16 0.595037 2.75
 -2  36  9  12 0.595037 0.025231302 3 -1 -1 -0.025231302 -6
 -2  37  11  10 0.009947062 0.010132313  18  14  16 0.009947062 2.75
 -2  37  11  10 0.009947062 0.010132313 3 -1 -1 -0.010132313 -6
 -2  38  12  10 0.61904 0.010941267  18  14  16 0.61904 2.75
 -2  38  12  10 0.61904 0.010941267 3 -1 -1 -0.010941267 -6
