  psseraw:file=IEEE24busPsse30.raw&lowx=adjust
  3  7  -1 0.0 0.25070214 11 8 9  -2.0  -2.0  -2.0  -2.0  -2  -2  -2  -2  -2  -2
  3  7  -1 0.0 0.25070214 12 8 10  -2.0  -2.0  -2.0  -2.0  -2  -2  -2  -2  -2  -2
  3  7  -1 0.0 0.25070214 6 3 9  0.007529497  0.2597844  0.0  -0.036227286  1  2  0  0  0  0
  3  7  -1 0.0 0.25070214 7 4 9  0.0  0.26874948  0.0  -0.07198715  0  2  0  0  0  1
  3  7  -1 0.0 0.25070214 35 11 9  0.0  0.42576516  0.0  -0.6982909  0  5  0  1  0  1
  3  7  -1 0.0 0.25070214 36 9 12  0.12082529  0.37563646  0.0  -0.49833766  1  3  1  1  0  1
  3  7  -1 0.0 0.25070214 8 10 5  0.0  0.27469462  0.0  -0.095701136  0  2  0  0  0  1
  3  7  -1 0.0 0.25070214 9 10 6  0.0  0.30849308  0.0  -0.23051631  0  2  0  0  0  1
  3  7  -1 0.0 0.25070214 37 11 10  0.0  0.54248554  0.0  -1.1638647  0  8  0  1  0  1
  3  7  -1 0.0 0.25070214 38 12 10  0.2950492  0.41477793  0.0  -0.6544651  1  4  1  1  0  1
  3  7  -1 0.0 0.25070214 2 3 1  0.0  0.26759207  0.0  -0.067370504  0  2  0  0  0  1
  3  7  -1 0.0 0.25070214 34 24 3  -2.0  -2.0  -2.0  -2.0  -2  -2  -2  -2  -2  -2
  3  7  -1 0.0 0.25070214 4 2 4  0.0  0.3536712  0.0  -0.41072264  0  4  0  1  0  1
  3  7  -1 0.0 0.25070214 13 11 13  0.54298615  0.2914977  0.0  -0.16272524  1  2  1  0  0  1
  3  7  -1 0.0 0.25070214 14 11 14  -2.0  -2.0  -2.0  -2.0  -2  -2  -2  -2  -2  -2
  3  7  -1 0.0 0.25070214 15 12 13  0.0  0.40342766  0.0  -0.6091911  0  4  0  1  0  1
  3  7  -1 0.0 0.25070214 16 12 23  0.57056785  0.27224737  0.0  -0.08593956  1  2  1  0  0  1
  3  7  -1 0.0 0.25070214 3 1 5  0.0  0.2972378  0.0  -0.18562135  0  2  0  0  0  1
  3  7  -1 0.0 0.25070214 5 2 6  0.0  0.27595103  0.0  -0.10071268  0  2  0  0  0  1
  3  7  -1 0.0 0.25070214 1 1 2  0.0  0.25682753  0.0  -0.02443294  0  2  0  0  0  0
  3  7  -1 0.0 0.25070214 22 15 24  -2.0  -2.0  -2.0  -2.0  -2  -2  -2  -2  -2  -2
  3  7  -1 0.0 0.25070214 17 23 13  0.48345613  0.25984436  0.0  -0.03646646  1  2  1  0  0  0
  3  7  -1 0.0 0.25070214 18 14 16  0.0  0.34317464  0.0  -0.36885402  0  4  0  1  0  1
  3  7  -1 0.0 0.25070214 31 20 23  0.0  0.25210762  0.0  -0.0056061647  0  2  0  0  0  0
  3  7  -1 0.0 0.25070214 32 20 23  0.0  0.25210762  0.0  -0.0056061647  0  2  0  0  0  0
  3  7  -1 0.0 0.25070214 19 16 15  0.0  0.25172877  0.0  -0.0040950202  0  2  0  0  0  0
  3  7  -1 0.0 0.25070214 20 15 21  0.10469484  0.25288385  0.0  -0.008702394  1  2  1  0  0  0
  3  7  -1 0.0 0.25070214 21 21 15  0.10469484  0.25288385  0.0  -0.008702394  1  2  1  0  0  0
  3  7  -1 0.0 0.25070214 23 16 17  0.1266017  0.26679826  0.0  -0.06420414  2  2  1  0  0  1
  3  7  -1 0.0 0.25070214 24 16 19  0.23130608  0.2505406  0.0  6.443048E-4  1  2  1  0  0  0
  11  23  -1 0.9976008 0.0 16 12 23  0.9051161  0.0  0.092707135  0.0  2  0  0  0  0  0
  11  23  -1 0.9976008 0.0 17 23 13  1.2147648  0.0  -0.21768631  0.0  3  0  0  0  1  0
  11  23  -1 0.9976008 0.0 31 20 23  1.0033593  0.0  -0.005772373  0.0  3  0  0  0  0  0
  11  23  -1 0.9976008 0.0 32 20 23  1.0033593  0.0  -0.005772373  0.0  3  0  0  0  0  0
  11  23  -1 0.9976008 0.0 15 12 13  0.89523244  0.0  0.10261455  0.0  3  0  0  0  0  0
  11  23  -1 0.9976008 0.0 36 9 12  0.86842585  0.0  0.1294856  0.0  2  0  0  0  0  0
  11  23  -1 0.9976008 0.0 38 12 10  0.8907192  0.0  0.10713866  0.0  2  0  0  0  0  0
  11  23  -1 0.9976008 0.0 13 11 13  0.9220755  0.0  0.07570692  0.0  2  0  0  0  0  0
  11  23  -1 0.9976008 0.0 29 19 20  0.9157486  0.0  0.08204905  0.0  2  0  0  0  0  0
  11  23  -1 0.9976008 0.0 30 19 20  0.9157486  0.0  0.08204905  0.0  2  0  0  0  0  0
  11  23  -1 0.9976008 0.0 6 3 9  1.1168706  0.0  -0.11955669  0.0  3  0  0  0  1  0
  11  23  -1 0.9976008 0.0 7 4 9  0.985605  0.0  0.012024642  0.0  3  0  0  0  0  0
  11  23  -1 0.9976008 0.0 11 8 9  0.9820833  0.0  0.015554792  0.0  3  0  0  0  0  0
  11  23  -1 0.9976008 0.0 35 11 9  0.98367906  0.0  0.013955219  0.0  3  0  0  0  1  0
  11  23  -1 0.9976008 0.0 8 10 5  1.0065956  0.0  -0.0090164505  0.0  3  0  0  0  0  0
  11  23  -1 0.9976008 0.0 9 10 6  0.87943244  0.0  0.11845255  0.0  3  0  0  0  0  0
  11  23  -1 0.9976008 0.0 12 8 10  1.0449195  0.0  -0.047432497  0.0  3  0  0  0  0  0
  11  23  -1 0.9976008 0.0 37 11 10  1.061914  0.0  -0.06446785  0.0  3  0  0  0  1  0
  11  23  -1 0.9976008 0.0 14 11 14  1.3257031  0.0  -0.32889143  0.0  3  0  0  0  1  0
  11  23  -1 0.9976008 0.0 24 16 19  1.7517626  0.0  -0.7559756  0.0  3  0  1  0  0  0
  11  23  -1 0.9976008 0.0 2 3 1  0.9997511  0.0  -0.0021554686  0.0  3  0  0  0  0  0
  11  23  -1 0.9976008 0.0 34 24 3  3.9028563  0.002041161  -2.9122427  0.0  5  1  1  0  1  0
  11  23  -1 0.9976008 0.0 4 2 4  1.0231364  0.0  -0.025596997  0.0  3  0  0  0  0  0
  11  23  -1 0.9976008 0.0 3 1 5  1.0862441  0.0  -0.088856496  0.0  3  0  0  0  1  0
  11  23  -1 0.9976008 0.0 5 2 6  1.0631361  0.0  -0.06569292  0.0  3  0  0  0  0  0
  11  23  -1 0.9976008 0.0 18 14 16  1.9894652  0.0  -0.9942499  0.0  3  0  0  0  1  0
  11  23  -1 0.9976008 0.0 19 16 15  1.3542337  0.0  -0.35749063  0.0  4  0  0  0  1  0
  11  23  -1 0.9976008 0.0 23 16 17  2.358391  0.00759238  -1.3640629  0.0  5  1  1  1  0  0
  11  23  -1 0.9976008 0.0 1 1 2  0.9986286  0.0  -0.0010302943  0.0  3  0  0  0  0  0
  11  23  -1 0.9976008 0.0 22 15 24  3.9023414  0.0  -2.9117265  0.0  5  0  1  0  1  0
  22  15  24 0.26339912 4.5192242E-4 19 16 15  0.7056701  4.6926737E-4  -1.6790906  -0.038380373  2  1  1  0  0  0
  22  15  24 0.26339912 4.5192242E-4 20 15 21  0.33043098  4.683733E-4  -0.25448778  -0.036402006  2  1  1  0  0  0
  22  15  24 0.26339912 4.5192242E-4 21 21 15  0.33043098  4.683733E-4  -0.25448778  -0.036402006  2  1  1  0  0  0
  22  15  24 0.26339912 4.5192242E-4 2 3 1  0.29043317  0.2507  -0.10263529  -553.7412  1  2  0  1  0  1
  22  15  24 0.26339912 4.5192242E-4 6 3 9  -2.0  -2.0  -2.0  -2.0  -2  -2  -2  -2  -2  -2
  22  15  24 0.26339912 4.5192242E-4 18 14 16  1.1120186  0.017766058  -3.2218006  -38.312187  1  2  1  1  0  1
  22  15  24 0.26339912 4.5192242E-4 23 16 17  1.1409509  4.8953295E-4  -3.3316429  -0.083223425  2  1  1  0  1  0
  22  15  24 0.26339912 4.5192242E-4 24 16 19  1.3625016  1.1199713E-4  -4.1727643  0.7521762  1  1  0  0  1  0
  22  15  24 0.26339912 4.5192242E-4 27 18 21  0.26286507  4.6384335E-4  0.0020275603  -0.026378265  1  1  0  0  0  0
  22  15  24 0.26339912 4.5192242E-4 28 18 21  0.26286507  4.6384335E-4  0.0020275603  -0.026378265  1  1  0  0  0  0
  22  15  24 0.26339912 4.5192242E-4 33 21 22  0.26050544  4.6783686E-4  0.010985937  -0.035214983  1  1  0  0  0  0
  22  15  24 0.26339912 4.5192242E-4 1 1 2  0.27675772  0.0362705  -0.05071616  -79.25824  1  2  0  1  0  1
  22  15  24 0.26339912 4.5192242E-4 3 1 5  0.26576352  0.0020205975  -0.00897648  -3.4711158  1  1  0  0  0  0
  22  15  24 0.26339912 4.5192242E-4 7 4 9  0.2744043  0.00949657  -0.04178132  -20.013716  1  2  0  0  0  1
  22  15  24 0.26339912 4.5192242E-4 11 8 9  0.26632714  0.0028235316  -0.01111628  -5.2478237  1  1  0  0  0  0
  22  15  24 0.26339912 4.5192242E-4 35 11 9  0.03575015  0.04945296  0.86427385  -108.427986  1  2  0  1  0  1
  22  15  24 0.26339912 4.5192242E-4 36 9 12  0.59441495  0.038912177  -1.2567081  -85.10367  1  2  0  1  1  1
  22  15  24 0.26339912 4.5192242E-4 14 11 14  0.0  0.018242776  1.0  -39.367054  0  2  0  1  0  1
  22  15  24 0.26339912 4.5192242E-4 25 17 18  0.25601172  4.736185E-4  0.028046409  -0.048008442  1  1  0  0  0  0
  22  15  24 0.26339912 4.5192242E-4 26 17 22  0.25838184  4.6926737E-4  0.019048205  -0.038380373  1  1  0  0  0  0
  22  15  24 0.26339912 4.5192242E-4 29 19 20  0.20747542  5.26011E-4  0.21231544  -0.1639409  1  1  0  0  0  0
  22  15  24 0.26339912 4.5192242E-4 30 19 20  0.20747542  5.26011E-4  0.21231544  -0.1639409  1  1  0  0  0  0
  22  15  24 0.26339912 4.5192242E-4 4 2 4  0.26821232  0.0306499  -0.018273387  -66.82115  1  3  0  1  0  1
  22  15  24 0.26339912 4.5192242E-4 5 2 6  0.26484132  2.9700994E-4  -0.005475318  0.34278554  1  1  0  0  0  0
  22  15  24 0.26339912 4.5192242E-4 8 10 5  0.27532768  0.005367279  -0.04528701  -10.87655  1  2  0  0  0  0
  22  15  24 0.26339912 4.5192242E-4 12 8 10  0.26426172  0.001989603  -0.003274872  -3.4025323  1  1  0  0  0  0
  22  15  24 0.26339912 4.5192242E-4 13 11 13  0.76116014  0.0084712505  -1.8897595  -17.744923  1  2  0  0  1  1
  22  15  24 0.26339912 4.5192242E-4 37 11 10  0.009596348  0.00913918  0.96356726  -19.222897  1  2  0  0  0  1
  22  15  24 0.26339912 4.5192242E-4 15 12 13  0.2927823  0.020136237  -0.11155383  -43.556847  1  2  0  1  0  1
  22  15  24 0.26339912 4.5192242E-4 16 12 23  1.114872  0.003389597  -3.2326336  -6.500396  1  2  0  0  1  0
  34  24  3 0.26403046 0.0043882728 2 3 1  0.29209042  0.13403201  -0.10627546  -29.543226  1  1  0  0  0  1
  34  24  3 0.26403046 0.0043882728 6 3 9  -2.0  -2.0  -2.0  -2.0  -2  -2  -2  -2  -2  -2
  34  24  3 0.26403046 0.0043882728 1 1 2  0.27762341  0.024842262  -0.05148254  -4.661057  1  1  0  0  0  1
  34  24  3 0.26403046 0.0043882728 3 1 5  0.26640844  0.005957544  -0.009006487  -0.35760564  1  1  0  0  0  0
  34  24  3 0.26403046 0.0043882728 7 4 9  0.27509642  0.0104215145  -0.04191168  -1.3748556  1  1  0  0  0  1
  34  24  3 0.26403046 0.0043882728 11 8 9  0.266994  0.0068772435  -0.011224247  -0.5671869  1  1  0  0  0  0
  34  24  3 0.26403046 0.0043882728 35 11 9  0.036679983  0.030504584  0.8610767  -5.9513874  1  1  0  0  0  1
  34  24  3 0.26403046 0.0043882728 36 9 12  0.595037  0.025231302  -1.253668  -4.7497115  1  1  0  0  1  1
  34  24  3 0.26403046 0.0043882728 19 16 15  0.7062311  0.004406631  -1.6748093  -0.0041834754  2  1  1  0  0  0
  34  24  3 0.26403046 0.0043882728 20 15 21  0.33102036  0.0044059157  -0.25372034  -0.004020483  2  1  1  0  0  0
  34  24  3 0.26403046 0.0043882728 21 21 15  0.33102036  0.0044059157  -0.25372034  -0.004020483  2  1  1  0  0  0
  34  24  3 0.26403046 0.0043882728 4 2 4  0.2688992  0.026127279  -0.018440092  -4.9538865  1  2  0  1  0  1
  34  24  3 0.26403046 0.0043882728 5 2 6  0.26546097  0.004242003  -0.005417979  0.033331975  1  1  0  0  0  0
  34  24  3 0.26403046 0.0043882728 8 10 5  0.27602887  0.008249819  -0.0454433  -0.8799696  1  1  0  0  0  0
  34  24  3 0.26403046 0.0043882728 12 8 10  0.26488686  0.00592041  -0.0032435635  -0.34914362  1  1  0  0  0  0
  34  24  3 0.26403046 0.0043882728 13 11 13  0.7621949  0.009809792  -1.8867687  -1.2354563  1  1  0  0  1  1
  34  24  3 0.26403046 0.0043882728 14 11 14  0.0  0.014723182  1.0  -2.35512  0  1  0  0  0  1
  34  24  3 0.26403046 0.0043882728 37 11 10  0.009947062  0.010132313  0.9623261  -1.3089523  1  1  0  0  0  1
  34  24  3 0.26403046 0.0043882728 15 12 13  0.29362798  0.015671134  -0.11209889  -2.5711393  1  1  0  0  0  1
  34  24  3 0.26403046 0.0043882728 16 12 23  1.1156092  0.0072758794  -3.2253048  -0.65802807  1  1  0  0  1  0
  34  24  3 0.26403046 0.0043882728 38 12 10  0.61904  0.010941267  -1.344578  -1.493297  1  1  0  0  1  1
  34  24  3 0.26403046 0.0043882728 18 14 16  1.1119552  0.014503241  -3.2114656  -2.3049998  1  1  1  0  0  1
  34  24  3 0.26403046 0.0043882728 23 16 17  1.1330509  0.0044263005  -3.2913644  -0.00866577  2  1  1  0  1  0
  34  24  3 0.26403046 0.0043882728 24 16 19  1.3624406  0.0040500164  -4.1601644  0.07708189  1  1  0  0  1  0
  34  24  3 0.26403046 0.0043882728 27 18 21  0.26349187  0.0044008493  0.002039869  -0.0028659522  1  1  0  0  0  0
  34  24  3 0.26403046 0.0043882728 28 18 21  0.26349187  0.0044008493  0.002039869  -0.0028659522  1  1  0  0  0  0
  34  24  3 0.26403046 0.0043882728 33 21 22  0.26113343  0.0044054985  0.010972311  -0.0039254036  1  1  0  0  0  0
  34  24  3 0.26403046 0.0043882728 9 10 6  0.32038283  0.016428888  -0.21343134  -2.7438164  1  1  0  0  1  1
  34  24  3 0.26403046 0.0043882728 17 23 13  1.0085354  0.0069141984  -2.8197691  -0.5756082  1  1  0  0  1  0
  34  24  3 0.26403046 0.0043882728 31 20 23  0.17510486  0.004499793  0.33680055  -0.025413254  1  1  0  0  0  0
  psseraw:file=IEEE24busPsse30.raw&lowx=adjust
  3  7  -1 0.0 0.25070214 11 8 9  -2.0  -2.0  -2.0  -2.0  -2  -2  -2  -2  -2  -2
  3  7  -1 0.0 0.25070214 12 8 10  -2.0  -2.0  -2.0  -2.0  -2  -2  -2  -2  -2  -2
  3  7  -1 0.0 0.25070214 6 3 9  0.007529497  0.2597844  0.0  -0.036227286  1  2  0  0  0  0
  3  7  -1 0.0 0.25070214 7 4 9  0.0  0.26874948  0.0  -0.07198715  0  2  0  0  0  1
  3  7  -1 0.0 0.25070214 35 11 9  0.0  0.42576516  0.0  -0.6982909  0  5  0  1  0  1
  3  7  -1 0.0 0.25070214 36 9 12  0.12082529  0.37563646  0.0  -0.49833766  1  3  1  1  0  1
  3  7  -1 0.0 0.25070214 8 10 5  0.0  0.27469462  0.0  -0.095701136  0  2  0  0  0  1
  3  7  -1 0.0 0.25070214 9 10 6  0.0  0.30849308  0.0  -0.23051631  0  2  0  0  0  1
  3  7  -1 0.0 0.25070214 37 11 10  0.0  0.54248554  0.0  -1.1638647  0  8  0  1  0  1
  3  7  -1 0.0 0.25070214 38 12 10  0.2950492  0.41477793  0.0  -0.6544651  1  4  1  1  0  1
  3  7  -1 0.0 0.25070214 2 3 1  0.0  0.26759207  0.0  -0.067370504  0  2  0  0  0  1
  3  7  -1 0.0 0.25070214 34 24 3  -2.0  -2.0  -2.0  -2.0  -2  -2  -2  -2  -2  -2
  3  7  -1 0.0 0.25070214 4 2 4  0.0  0.3536712  0.0  -0.41072264  0  4  0  1  0  1
  3  7  -1 0.0 0.25070214 13 11 13  0.54298615  0.2914977  0.0  -0.16272524  1  2  1  0  0  1
  3  7  -1 0.0 0.25070214 14 11 14  -2.0  -2.0  -2.0  -2.0  -2  -2  -2  -2  -2  -2
  3  7  -1 0.0 0.25070214 15 12 13  0.0  0.40342766  0.0  -0.6091911  0  4  0  1  0  1
  3  7  -1 0.0 0.25070214 16 12 23  0.57056785  0.27224737  0.0  -0.08593956  1  2  1  0  0  1
  3  7  -1 0.0 0.25070214 3 1 5  0.0  0.2972378  0.0  -0.18562135  0  2  0  0  0  1
  3  7  -1 0.0 0.25070214 5 2 6  0.0  0.27595103  0.0  -0.10071268  0  2  0  0  0  1
  3  7  -1 0.0 0.25070214 1 1 2  0.0  0.25682753  0.0  -0.02443294  0  2  0  0  0  0
  3  7  -1 0.0 0.25070214 22 15 24  -2.0  -2.0  -2.0  -2.0  -2  -2  -2  -2  -2  -2
  3  7  -1 0.0 0.25070214 17 23 13  0.48345613  0.25984436  0.0  -0.03646646  1  2  1  0  0  0
  3  7  -1 0.0 0.25070214 18 14 16  0.0  0.34317464  0.0  -0.36885402  0  4  0  1  0  1
  3  7  -1 0.0 0.25070214 31 20 23  0.0  0.25210762  0.0  -0.0056061647  0  2  0  0  0  0
  3  7  -1 0.0 0.25070214 32 20 23  0.0  0.25210762  0.0  -0.0056061647  0  2  0  0  0  0
  3  7  -1 0.0 0.25070214 19 16 15  0.0  0.25172877  0.0  -0.0040950202  0  2  0  0  0  0
  3  7  -1 0.0 0.25070214 20 15 21  0.10469484  0.25288385  0.0  -0.008702394  1  2  1  0  0  0
  3  7  -1 0.0 0.25070214 21 21 15  0.10469484  0.25288385  0.0  -0.008702394  1  2  1  0  0  0
  3  7  -1 0.0 0.25070214 23 16 17  0.1266017  0.26679826  0.0  -0.06420414  2  2  1  0  0  1
  3  7  -1 0.0 0.25070214 24 16 19  0.23130608  0.2505406  0.0  6.443048E-4  1  2  1  0  0  0
  11  23  -1 0.9976008 0.0 16 12 23  0.9051161  0.0  0.092707135  0.0  2  0  0  0  0  0
  11  23  -1 0.9976008 0.0 17 23 13  1.2147648  0.0  -0.21768631  0.0  3  0  0  0  1  0
  11  23  -1 0.9976008 0.0 31 20 23  1.0033593  0.0  -0.005772373  0.0  3  0  0  0  0  0
  11  23  -1 0.9976008 0.0 32 20 23  1.0033593  0.0  -0.005772373  0.0  3  0  0  0  0  0
  11  23  -1 0.9976008 0.0 15 12 13  0.89523244  0.0  0.10261455  0.0  3  0  0  0  0  0
  11  23  -1 0.9976008 0.0 36 9 12  0.86842585  0.0  0.1294856  0.0  2  0  0  0  0  0
  11  23  -1 0.9976008 0.0 38 12 10  0.8907192  0.0  0.10713866  0.0  2  0  0  0  0  0
  11  23  -1 0.9976008 0.0 13 11 13  0.9220755  0.0  0.07570692  0.0  2  0  0  0  0  0
  11  23  -1 0.9976008 0.0 29 19 20  0.9157486  0.0  0.08204905  0.0  2  0  0  0  0  0
  11  23  -1 0.9976008 0.0 30 19 20  0.9157486  0.0  0.08204905  0.0  2  0  0  0  0  0
  11  23  -1 0.9976008 0.0 6 3 9  1.1168706  0.0  -0.11955669  0.0  3  0  0  0  1  0
  11  23  -1 0.9976008 0.0 7 4 9  0.985605  0.0  0.012024642  0.0  3  0  0  0  0  0
  11  23  -1 0.9976008 0.0 11 8 9  0.9820833  0.0  0.015554792  0.0  3  0  0  0  0  0
  11  23  -1 0.9976008 0.0 35 11 9  0.98367906  0.0  0.013955219  0.0  3  0  0  0  1  0
  11  23  -1 0.9976008 0.0 8 10 5  1.0065956  0.0  -0.0090164505  0.0  3  0  0  0  0  0
  11  23  -1 0.9976008 0.0 9 10 6  0.87943244  0.0  0.11845255  0.0  3  0  0  0  0  0
  11  23  -1 0.9976008 0.0 12 8 10  1.0449195  0.0  -0.047432497  0.0  3  0  0  0  0  0
  11  23  -1 0.9976008 0.0 37 11 10  1.061914  0.0  -0.06446785  0.0  3  0  0  0  1  0
  11  23  -1 0.9976008 0.0 14 11 14  1.3257031  0.0  -0.32889143  0.0  3  0  0  0  1  0
  11  23  -1 0.9976008 0.0 24 16 19  1.7517626  0.0  -0.7559756  0.0  3  0  1  0  0  0
  11  23  -1 0.9976008 0.0 2 3 1  0.9997511  0.0  -0.0021554686  0.0  3  0  0  0  0  0
  11  23  -1 0.9976008 0.0 34 24 3  3.9028563  0.002041161  -2.9122427  0.0  5  1  1  0  1  0
  11  23  -1 0.9976008 0.0 4 2 4  1.0231364  0.0  -0.025596997  0.0  3  0  0  0  0  0
  11  23  -1 0.9976008 0.0 3 1 5  1.0862441  0.0  -0.088856496  0.0  3  0  0  0  1  0
  11  23  -1 0.9976008 0.0 5 2 6  1.0631361  0.0  -0.06569292  0.0  3  0  0  0  0  0
  11  23  -1 0.9976008 0.0 18 14 16  1.9894652  0.0  -0.9942499  0.0  3  0  0  0  1  0
  11  23  -1 0.9976008 0.0 19 16 15  1.3542337  0.0  -0.35749063  0.0  4  0  0  0  1  0
  11  23  -1 0.9976008 0.0 23 16 17  2.358391  0.00759238  -1.3640629  0.0  5  1  1  1  0  0
  11  23  -1 0.9976008 0.0 1 1 2  0.9986286  0.0  -0.0010302943  0.0  3  0  0  0  0  0
  11  23  -1 0.9976008 0.0 22 15 24  3.9023414  0.0  -2.9117265  0.0  5  0  1  0  1  0
  22  15  24 0.26339912 4.5192242E-4 19 16 15  0.7056701  4.6926737E-4  -1.6790906  -0.038380373  2  1  1  0  0  0
  22  15  24 0.26339912 4.5192242E-4 20 15 21  0.33043098  4.683733E-4  -0.25448778  -0.036402006  2  1  1  0  0  0
  22  15  24 0.26339912 4.5192242E-4 21 21 15  0.33043098  4.683733E-4  -0.25448778  -0.036402006  2  1  1  0  0  0
  22  15  24 0.26339912 4.5192242E-4 2 3 1  0.29043317  0.2507  -0.10263529  -553.7412  1  2  0  1  0  1
  22  15  24 0.26339912 4.5192242E-4 6 3 9  -2.0  -2.0  -2.0  -2.0  -2  -2  -2  -2  -2  -2
  22  15  24 0.26339912 4.5192242E-4 18 14 16  1.1120186  0.017766058  -3.2218006  -38.312187  1  2  1  1  0  1
  22  15  24 0.26339912 4.5192242E-4 23 16 17  1.1409509  4.8953295E-4  -3.3316429  -0.083223425  2  1  1  0  1  0
  22  15  24 0.26339912 4.5192242E-4 24 16 19  1.3625016  1.1199713E-4  -4.1727643  0.7521762  1  1  0  0  1  0
  22  15  24 0.26339912 4.5192242E-4 27 18 21  0.26286507  4.6384335E-4  0.0020275603  -0.026378265  1  1  0  0  0  0
  22  15  24 0.26339912 4.5192242E-4 28 18 21  0.26286507  4.6384335E-4  0.0020275603  -0.026378265  1  1  0  0  0  0
  22  15  24 0.26339912 4.5192242E-4 33 21 22  0.26050544  4.6783686E-4  0.010985937  -0.035214983  1  1  0  0  0  0
  22  15  24 0.26339912 4.5192242E-4 1 1 2  0.27675772  0.0362705  -0.05071616  -79.25824  1  2  0  1  0  1
  22  15  24 0.26339912 4.5192242E-4 3 1 5  0.26576352  0.0020205975  -0.00897648  -3.4711158  1  1  0  0  0  0
  22  15  24 0.26339912 4.5192242E-4 7 4 9  0.2744043  0.00949657  -0.04178132  -20.013716  1  2  0  0  0  1
  22  15  24 0.26339912 4.5192242E-4 11 8 9  0.26632714  0.0028235316  -0.01111628  -5.2478237  1  1  0  0  0  0
  22  15  24 0.26339912 4.5192242E-4 35 11 9  0.03575015  0.04945296  0.86427385  -108.427986  1  2  0  1  0  1
  22  15  24 0.26339912 4.5192242E-4 36 9 12  0.59441495  0.038912177  -1.2567081  -85.10367  1  2  0  1  1  1
  22  15  24 0.26339912 4.5192242E-4 14 11 14  0.0  0.018242776  1.0  -39.367054  0  2  0  1  0  1
  22  15  24 0.26339912 4.5192242E-4 25 17 18  0.25601172  4.736185E-4  0.028046409  -0.048008442  1  1  0  0  0  0
  22  15  24 0.26339912 4.5192242E-4 26 17 22  0.25838184  4.6926737E-4  0.019048205  -0.038380373  1  1  0  0  0  0
  22  15  24 0.26339912 4.5192242E-4 29 19 20  0.20747542  5.26011E-4  0.21231544  -0.1639409  1  1  0  0  0  0
  22  15  24 0.26339912 4.5192242E-4 30 19 20  0.20747542  5.26011E-4  0.21231544  -0.1639409  1  1  0  0  0  0
  22  15  24 0.26339912 4.5192242E-4 4 2 4  0.26821232  0.0306499  -0.018273387  -66.82115  1  3  0  1  0  1
  22  15  24 0.26339912 4.5192242E-4 5 2 6  0.26484132  2.9700994E-4  -0.005475318  0.34278554  1  1  0  0  0  0
  22  15  24 0.26339912 4.5192242E-4 8 10 5  0.27532768  0.005367279  -0.04528701  -10.87655  1  2  0  0  0  0
  22  15  24 0.26339912 4.5192242E-4 12 8 10  0.26426172  0.001989603  -0.003274872  -3.4025323  1  1  0  0  0  0
  22  15  24 0.26339912 4.5192242E-4 13 11 13  0.76116014  0.0084712505  -1.8897595  -17.744923  1  2  0  0  1  1
  22  15  24 0.26339912 4.5192242E-4 37 11 10  0.009596348  0.00913918  0.96356726  -19.222897  1  2  0  0  0  1
  22  15  24 0.26339912 4.5192242E-4 15 12 13  0.2927823  0.020136237  -0.11155383  -43.556847  1  2  0  1  0  1
  22  15  24 0.26339912 4.5192242E-4 16 12 23  1.114872  0.003389597  -3.2326336  -6.500396  1  2  0  0  1  0
  34  24  3 0.26403046 0.0043882728 2 3 1  0.29209042  0.13403201  -0.10627546  -29.543226  1  1  0  0  0  1
  34  24  3 0.26403046 0.0043882728 6 3 9  -2.0  -2.0  -2.0  -2.0  -2  -2  -2  -2  -2  -2
  34  24  3 0.26403046 0.0043882728 1 1 2  0.27762341  0.024842262  -0.05148254  -4.661057  1  1  0  0  0  1
  34  24  3 0.26403046 0.0043882728 3 1 5  0.26640844  0.005957544  -0.009006487  -0.35760564  1  1  0  0  0  0
  34  24  3 0.26403046 0.0043882728 7 4 9  0.27509642  0.0104215145  -0.04191168  -1.3748556  1  1  0  0  0  1
  34  24  3 0.26403046 0.0043882728 11 8 9  0.266994  0.0068772435  -0.011224247  -0.5671869  1  1  0  0  0  0
  34  24  3 0.26403046 0.0043882728 35 11 9  0.036679983  0.030504584  0.8610767  -5.9513874  1  1  0  0  0  1
  34  24  3 0.26403046 0.0043882728 36 9 12  0.595037  0.025231302  -1.253668  -4.7497115  1  1  0  0  1  1
  34  24  3 0.26403046 0.0043882728 19 16 15  0.7062311  0.004406631  -1.6748093  -0.0041834754  2  1  1  0  0  0
  34  24  3 0.26403046 0.0043882728 20 15 21  0.33102036  0.0044059157  -0.25372034  -0.004020483  2  1  1  0  0  0
  34  24  3 0.26403046 0.0043882728 21 21 15  0.33102036  0.0044059157  -0.25372034  -0.004020483  2  1  1  0  0  0
  34  24  3 0.26403046 0.0043882728 4 2 4  0.2688992  0.026127279  -0.018440092  -4.9538865  1  2  0  1  0  1
  34  24  3 0.26403046 0.0043882728 5 2 6  0.26546097  0.004242003  -0.005417979  0.033331975  1  1  0  0  0  0
  34  24  3 0.26403046 0.0043882728 8 10 5  0.27602887  0.008249819  -0.0454433  -0.8799696  1  1  0  0  0  0
  34  24  3 0.26403046 0.0043882728 12 8 10  0.26488686  0.00592041  -0.0032435635  -0.34914362  1  1  0  0  0  0
  34  24  3 0.26403046 0.0043882728 13 11 13  0.7621949  0.009809792  -1.8867687  -1.2354563  1  1  0  0  1  1
  34  24  3 0.26403046 0.0043882728 14 11 14  0.0  0.014723182  1.0  -2.35512  0  1  0  0  0  1
  34  24  3 0.26403046 0.0043882728 37 11 10  0.009947062  0.010132313  0.9623261  -1.3089523  1  1  0  0  0  1
  34  24  3 0.26403046 0.0043882728 15 12 13  0.29362798  0.015671134  -0.11209889  -2.5711393  1  1  0  0  0  1
  34  24  3 0.26403046 0.0043882728 16 12 23  1.1156092  0.0072758794  -3.2253048  -0.65802807  1  1  0  0  1  0
  34  24  3 0.26403046 0.0043882728 38 12 10  0.61904  0.010941267  -1.344578  -1.493297  1  1  0  0  1  1
  34  24  3 0.26403046 0.0043882728 18 14 16  1.1119552  0.014503241  -3.2114656  -2.3049998  1  1  1  0  0  1
  34  24  3 0.26403046 0.0043882728 23 16 17  1.1330509  0.0044263005  -3.2913644  -0.00866577  2  1  1  0  1  0
  34  24  3 0.26403046 0.0043882728 24 16 19  1.3624406  0.0040500164  -4.1601644  0.07708189  1  1  0  0  1  0
  34  24  3 0.26403046 0.0043882728 27 18 21  0.26349187  0.0044008493  0.002039869  -0.0028659522  1  1  0  0  0  0
  34  24  3 0.26403046 0.0043882728 28 18 21  0.26349187  0.0044008493  0.002039869  -0.0028659522  1  1  0  0  0  0
  34  24  3 0.26403046 0.0043882728 33 21 22  0.26113343  0.0044054985  0.010972311  -0.0039254036  1  1  0  0  0  0
  34  24  3 0.26403046 0.0043882728 9 10 6  0.32038283  0.016428888  -0.21343134  -2.7438164  1  1  0  0  1  1
  34  24  3 0.26403046 0.0043882728 17 23 13  1.0085354  0.0069141984  -2.8197691  -0.5756082  1  1  0  0  1  0
  34  24  3 0.26403046 0.0043882728 31 20 23  0.17510486  0.004499793  0.33680055  -0.025413254  1  1  0  0  0  0
  psseraw:file=IEEE24busPsse30.raw&lowx=adjust
  3  7  -1 0.0 0.25070214 11 8 9  -2.0  -2.0  -2.0  -2.0  -2  -2  -2  -2  -2  -2
  3  7  -1 0.0 0.25070214 12 8 10  -2.0  -2.0  -2.0  -2.0  -2  -2  -2  -2  -2  -2
  3  7  -1 0.0 0.25070214 6 3 9  0.007529497  0.2597844  0.0  -0.036227286  1  2  0  0  0  0
  3  7  -1 0.0 0.25070214 7 4 9  0.0  0.26874948  0.0  -0.07198715  0  2  0  0  0  1
  3  7  -1 0.0 0.25070214 35 11 9  0.0  0.42576516  0.0  -0.6982909  0  5  0  1  0  1
  3  7  -1 0.0 0.25070214 36 9 12  0.12082529  0.37563646  0.0  -0.49833766  1  3  1  1  0  1
  3  7  -1 0.0 0.25070214 8 10 5  0.0  0.27469462  0.0  -0.095701136  0  2  0  0  0  1
  3  7  -1 0.0 0.25070214 9 10 6  0.0  0.30849308  0.0  -0.23051631  0  2  0  0  0  1
  3  7  -1 0.0 0.25070214 37 11 10  0.0  0.54248554  0.0  -1.1638647  0  8  0  1  0  1
  3  7  -1 0.0 0.25070214 38 12 10  0.2950492  0.41477793  0.0  -0.6544651  1  4  1  1  0  1
  3  7  -1 0.0 0.25070214 2 3 1  0.0  0.26759207  0.0  -0.067370504  0  2  0  0  0  1
  3  7  -1 0.0 0.25070214 34 24 3  -2.0  -2.0  -2.0  -2.0  -2  -2  -2  -2  -2  -2
  3  7  -1 0.0 0.25070214 4 2 4  0.0  0.3536712  0.0  -0.41072264  0  4  0  1  0  1
  3  7  -1 0.0 0.25070214 13 11 13  0.54298615  0.2914977  0.0  -0.16272524  1  2  1  0  0  1
  3  7  -1 0.0 0.25070214 14 11 14  -2.0  -2.0  -2.0  -2.0  -2  -2  -2  -2  -2  -2
  3  7  -1 0.0 0.25070214 15 12 13  0.0  0.40342766  0.0  -0.6091911  0  4  0  1  0  1
  3  7  -1 0.0 0.25070214 16 12 23  0.57056785  0.27224737  0.0  -0.08593956  1  2  1  0  0  1
  3  7  -1 0.0 0.25070214 3 1 5  0.0  0.2972378  0.0  -0.18562135  0  2  0  0  0  1
  3  7  -1 0.0 0.25070214 5 2 6  0.0  0.27595103  0.0  -0.10071268  0  2  0  0  0  1
  3  7  -1 0.0 0.25070214 1 1 2  0.0  0.25682753  0.0  -0.02443294  0  2  0  0  0  0
  3  7  -1 0.0 0.25070214 22 15 24  -2.0  -2.0  -2.0  -2.0  -2  -2  -2  -2  -2  -2
  3  7  -1 0.0 0.25070214 17 23 13  0.48345613  0.25984436  0.0  -0.03646646  1  2  1  0  0  0
  3  7  -1 0.0 0.25070214 18 14 16  0.0  0.34317464  0.0  -0.36885402  0  4  0  1  0  1
  3  7  -1 0.0 0.25070214 31 20 23  0.0  0.25210762  0.0  -0.0056061647  0  2  0  0  0  0
  3  7  -1 0.0 0.25070214 32 20 23  0.0  0.25210762  0.0  -0.0056061647  0  2  0  0  0  0
  3  7  -1 0.0 0.25070214 19 16 15  0.0  0.25172877  0.0  -0.0040950202  0  2  0  0  0  0
  3  7  -1 0.0 0.25070214 20 15 21  0.10469484  0.25288385  0.0  -0.008702394  1  2  1  0  0  0
  3  7  -1 0.0 0.25070214 21 21 15  0.10469484  0.25288385  0.0  -0.008702394  1  2  1  0  0  0
  3  7  -1 0.0 0.25070214 23 16 17  0.1266017  0.26679826  0.0  -0.06420414  2  2  1  0  0  1
  3  7  -1 0.0 0.25070214 24 16 19  0.23130608  0.2505406  0.0  6.443048E-4  1  2  1  0  0  0
  11  23  -1 0.9976008 0.0 16 12 23  0.9051161  0.0  0.092707135  0.0  2  0  0  0  0  0
  11  23  -1 0.9976008 0.0 17 23 13  1.2147648  0.0  -0.21768631  0.0  3  0  0  0  1  0
  11  23  -1 0.9976008 0.0 31 20 23  1.0033593  0.0  -0.005772373  0.0  3  0  0  0  0  0
  11  23  -1 0.9976008 0.0 32 20 23  1.0033593  0.0  -0.005772373  0.0  3  0  0  0  0  0
  11  23  -1 0.9976008 0.0 15 12 13  0.89523244  0.0  0.10261455  0.0  3  0  0  0  0  0
  11  23  -1 0.9976008 0.0 36 9 12  0.86842585  0.0  0.1294856  0.0  2  0  0  0  0  0
  11  23  -1 0.9976008 0.0 38 12 10  0.8907192  0.0  0.10713866  0.0  2  0  0  0  0  0
  11  23  -1 0.9976008 0.0 13 11 13  0.9220755  0.0  0.07570692  0.0  2  0  0  0  0  0
  11  23  -1 0.9976008 0.0 29 19 20  0.9157486  0.0  0.08204905  0.0  2  0  0  0  0  0
  11  23  -1 0.9976008 0.0 30 19 20  0.9157486  0.0  0.08204905  0.0  2  0  0  0  0  0
  11  23  -1 0.9976008 0.0 6 3 9  1.1168706  0.0  -0.11955669  0.0  3  0  0  0  1  0
  11  23  -1 0.9976008 0.0 7 4 9  0.985605  0.0  0.012024642  0.0  3  0  0  0  0  0
  11  23  -1 0.9976008 0.0 11 8 9  0.9820833  0.0  0.015554792  0.0  3  0  0  0  0  0
  11  23  -1 0.9976008 0.0 35 11 9  0.98367906  0.0  0.013955219  0.0  3  0  0  0  1  0
  11  23  -1 0.9976008 0.0 8 10 5  1.0065956  0.0  -0.0090164505  0.0  3  0  0  0  0  0
  11  23  -1 0.9976008 0.0 9 10 6  0.87943244  0.0  0.11845255  0.0  3  0  0  0  0  0
  11  23  -1 0.9976008 0.0 12 8 10  1.0449195  0.0  -0.047432497  0.0  3  0  0  0  1  0
  11  23  -1 0.9976008 0.0 37 11 10  1.061914  0.0  -0.06446785  0.0  3  0  0  0  1  0
  11  23  -1 0.9976008 0.0 14 11 14  1.3257031  0.0  -0.32889143  0.0  3  0  0  0  1  0
  11  23  -1 0.9976008 0.0 24 16 19  1.7517626  0.0  -0.7559756  0.0  3  0  1  0  0  0
  11  23  -1 0.9976008 0.0 2 3 1  0.9997511  0.0  -0.0021554686  0.0  3  0  0  0  0  0
  11  23  -1 0.9976008 0.0 34 24 3  3.9028563  0.002041161  -2.9122427  0.0  5  1  1  0  1  0
  11  23  -1 0.9976008 0.0 4 2 4  1.0231364  0.0  -0.025596997  0.0  3  0  0  0  0  0
  11  23  -1 0.9976008 0.0 3 1 5  1.0862441  0.0  -0.088856496  0.0  3  0  0  0  1  0
  11  23  -1 0.9976008 0.0 5 2 6  1.0631361  0.0  -0.06569292  0.0  3  0  0  0  1  0
  11  23  -1 0.9976008 0.0 18 14 16  1.9894652  0.0  -0.9942499  0.0  3  0  0  0  1  0
  11  23  -1 0.9976008 0.0 19 16 15  1.3542337  0.0  -0.35749063  0.0  4  0  1  0  1  0
  11  23  -1 0.9976008 0.0 23 16 17  2.358391  0.00759238  -1.3640629  0.0  5  1  1  1  0  0
  11  23  -1 0.9976008 0.0 1 1 2  0.9986286  0.0  -0.0010302943  0.0  3  0  0  0  0  0
  11  23  -1 0.9976008 0.0 22 15 24  3.9023414  0.0  -2.9117265  0.0  5  0  1  0  1  0
  22  15  24 0.26339912 4.5192242E-4 19 16 15  0.7056701  4.6926737E-4  -1.6790906  -0.038380373  2  1  1  0  0  0
  22  15  24 0.26339912 4.5192242E-4 20 15 21  0.33043098  4.683733E-4  -0.25448778  -0.036402006  2  1  1  0  0  0
  22  15  24 0.26339912 4.5192242E-4 21 21 15  0.33043098  4.683733E-4  -0.25448778  -0.036402006  2  1  1  0  0  0
  22  15  24 0.26339912 4.5192242E-4 2 3 1  0.29043317  0.2507  -0.10263529  -553.7412  1  2  0  1  1  1
  22  15  24 0.26339912 4.5192242E-4 6 3 9  -2.0  -2.0  -2.0  -2.0  -2  -2  -2  -2  -2  -2
  22  15  24 0.26339912 4.5192242E-4 18 14 16  1.1120186  0.017766058  -3.2218006  -38.312187  1  2  1  1  0  1
  22  15  24 0.26339912 4.5192242E-4 23 16 17  1.1409509  4.8953295E-4  -3.3316429  -0.083223425  2  1  1  0  1  0
  22  15  24 0.26339912 4.5192242E-4 24 16 19  1.3625016  1.1199713E-4  -4.1727643  0.7521762  1  1  0  0  1  0
  22  15  24 0.26339912 4.5192242E-4 27 18 21  0.26286507  4.6384335E-4  0.0020275603  -0.026378265  1  1  0  0  0  0
  22  15  24 0.26339912 4.5192242E-4 28 18 21  0.26286507  4.6384335E-4  0.0020275603  -0.026378265  1  1  0  0  0  0
  22  15  24 0.26339912 4.5192242E-4 33 21 22  0.26050544  4.6783686E-4  0.010985937  -0.035214983  1  1  0  0  0  0
  22  15  24 0.26339912 4.5192242E-4 1 1 2  0.27675772  0.0362705  -0.05071616  -79.25824  1  2  0  1  0  1
  22  15  24 0.26339912 4.5192242E-4 3 1 5  0.26576352  0.0020205975  -0.00897648  -3.4711158  1  1  0  0  0  0
  22  15  24 0.26339912 4.5192242E-4 7 4 9  0.2744043  0.00949657  -0.04178132  -20.013716  1  2  0  0  0  1
  22  15  24 0.26339912 4.5192242E-4 11 8 9  0.26632714  0.0028235316  -0.01111628  -5.2478237  1  1  0  0  0  0
  22  15  24 0.26339912 4.5192242E-4 35 11 9  0.03575015  0.04945296  0.86427385  -108.427986  1  2  0  1  0  1
  22  15  24 0.26339912 4.5192242E-4 36 9 12  0.59441495  0.038912177  -1.2567081  -85.10367  1  2  0  1  1  1
  22  15  24 0.26339912 4.5192242E-4 14 11 14  0.0  0.018242776  1.0  -39.367054  0  2  0  1  0  1
  22  15  24 0.26339912 4.5192242E-4 25 17 18  0.25601172  4.736185E-4  0.028046409  -0.048008442  1  1  0  0  0  0
  22  15  24 0.26339912 4.5192242E-4 26 17 22  0.25838184  4.6926737E-4  0.019048205  -0.038380373  1  1  0  0  0  0
  22  15  24 0.26339912 4.5192242E-4 29 19 20  0.20747542  5.26011E-4  0.21231544  -0.1639409  1  1  0  0  0  0
  22  15  24 0.26339912 4.5192242E-4 30 19 20  0.20747542  5.26011E-4  0.21231544  -0.1639409  1  1  0  0  0  0
  22  15  24 0.26339912 4.5192242E-4 4 2 4  0.26821232  0.0306499  -0.018273387  -66.82115  1  3  0  1  0  1
  22  15  24 0.26339912 4.5192242E-4 5 2 6  0.26484132  2.9700994E-4  -0.005475318  0.34278554  1  1  0  0  0  0
  22  15  24 0.26339912 4.5192242E-4 8 10 5  0.27532768  0.005367279  -0.04528701  -10.87655  1  2  0  0  0  0
  22  15  24 0.26339912 4.5192242E-4 12 8 10  0.26426172  0.001989603  -0.003274872  -3.4025323  1  1  0  0  0  0
  22  15  24 0.26339912 4.5192242E-4 13 11 13  0.76116014  0.0084712505  -1.8897595  -17.744923  1  2  0  0  1  1
  22  15  24 0.26339912 4.5192242E-4 37 11 10  0.009596348  0.00913918  0.96356726  -19.222897  1  2  0  0  0  1
  22  15  24 0.26339912 4.5192242E-4 15 12 13  0.2927823  0.020136237  -0.11155383  -43.556847  1  2  0  1  1  1
  22  15  24 0.26339912 4.5192242E-4 16 12 23  1.114872  0.003389597  -3.2326336  -6.500396  1  2  0  0  1  0
  34  24  3 0.26403046 0.0043882728 2 3 1  0.29209042  0.13403201  -0.10627546  -29.543226  1  1  0  0  1  1
  34  24  3 0.26403046 0.0043882728 6 3 9  -2.0  -2.0  -2.0  -2.0  -2  -2  -2  -2  -2  -2
  34  24  3 0.26403046 0.0043882728 1 1 2  0.27762341  0.024842262  -0.05148254  -4.661057  1  1  0  0  0  1
  34  24  3 0.26403046 0.0043882728 3 1 5  0.26640844  0.005957544  -0.009006487  -0.35760564  1  1  0  0  0  0
  34  24  3 0.26403046 0.0043882728 7 4 9  0.27509642  0.0104215145  -0.04191168  -1.3748556  1  1  0  0  0  1
  34  24  3 0.26403046 0.0043882728 11 8 9  0.266994  0.0068772435  -0.011224247  -0.5671869  1  1  0  0  0  0
  34  24  3 0.26403046 0.0043882728 35 11 9  0.036679983  0.030504584  0.8610767  -5.9513874  1  1  0  0  0  1
  34  24  3 0.26403046 0.0043882728 36 9 12  0.595037  0.025231302  -1.253668  -4.7497115  1  1  0  0  1  1
  34  24  3 0.26403046 0.0043882728 19 16 15  0.7062311  0.004406631  -1.6748093  -0.0041834754  2  1  1  0  0  0
  34  24  3 0.26403046 0.0043882728 20 15 21  0.33102036  0.0044059157  -0.25372034  -0.004020483  2  1  1  0  0  0
  34  24  3 0.26403046 0.0043882728 21 21 15  0.33102036  0.0044059157  -0.25372034  -0.004020483  2  1  1  0  0  0
  34  24  3 0.26403046 0.0043882728 4 2 4  0.2688992  0.026127279  -0.018440092  -4.9538865  1  2  0  1  0  1
  34  24  3 0.26403046 0.0043882728 5 2 6  0.26546097  0.004242003  -0.005417979  0.033331975  1  1  0  0  0  0
  34  24  3 0.26403046 0.0043882728 8 10 5  0.27602887  0.008249819  -0.0454433  -0.8799696  1  1  0  0  0  0
  34  24  3 0.26403046 0.0043882728 12 8 10  0.26488686  0.00592041  -0.0032435635  -0.34914362  1  1  0  0  0  0
  34  24  3 0.26403046 0.0043882728 13 11 13  0.7621949  0.009809792  -1.8867687  -1.2354563  1  1  0  0  1  1
  34  24  3 0.26403046 0.0043882728 14 11 14  0.0  0.014723182  1.0  -2.35512  0  1  0  0  0  1
  34  24  3 0.26403046 0.0043882728 37 11 10  0.009947062  0.010132313  0.9623261  -1.3089523  1  1  0  0  0  1
  34  24  3 0.26403046 0.0043882728 15 12 13  0.29362798  0.015671134  -0.11209889  -2.5711393  1  1  0  0  1  1
  34  24  3 0.26403046 0.0043882728 16 12 23  1.1156092  0.0072758794  -3.2253048  -0.65802807  1  1  0  0  1  0
  34  24  3 0.26403046 0.0043882728 38 12 10  0.61904  0.010941267  -1.344578  -1.493297  1  1  0  0  1  1
  34  24  3 0.26403046 0.0043882728 18 14 16  1.1119552  0.014503241  -3.2114656  -2.3049998  1  1  1  0  0  1
  34  24  3 0.26403046 0.0043882728 23 16 17  1.1330509  0.0044263005  -3.2913644  -0.00866577  2  1  1  0  1  0
  34  24  3 0.26403046 0.0043882728 24 16 19  1.3624406  0.0040500164  -4.1601644  0.07708189  1  1  0  0  1  0
  34  24  3 0.26403046 0.0043882728 27 18 21  0.26349187  0.0044008493  0.002039869  -0.0028659522  1  1  0  0  0  0
  34  24  3 0.26403046 0.0043882728 28 18 21  0.26349187  0.0044008493  0.002039869  -0.0028659522  1  1  0  0  0  0
  34  24  3 0.26403046 0.0043882728 33 21 22  0.26113343  0.0044054985  0.010972311  -0.0039254036  1  1  0  0  0  0
  34  24  3 0.26403046 0.0043882728 9 10 6  0.32038283  0.016428888  -0.21343134  -2.7438164  1  1  0  0  1  1
  34  24  3 0.26403046 0.0043882728 17 23 13  1.0085354  0.0069141984  -2.8197691  -0.5756082  1  1  0  0  1  0
  34  24  3 0.26403046 0.0043882728 31 20 23  0.17510486  0.004499793  0.33680055  -0.025413254  1  1  0  0  0  0
  psseraw:file=IEEE24busPsse30.raw&lowx=adjust
  3  7  -1 0.0 0.25070214 1 1 2  0.0  0.25682753  0.0  -0.02443294  0  2  0  0  0  0
  3  7  -1 0.0 0.25070214 2 3 1  0.0  0.26759207  0.0  -0.067370504  0  2  0  0  0  1
  3  7  -1 0.0 0.25070214 3 1 5  0.0  0.2972378  0.0  -0.18562135  0  2  0  0  0  1
  3  7  -1 0.0 0.25070214 4 2 4  0.0  0.3536712  0.0  -0.41072264  0  4  0  1  0  1
  3  7  -1 0.0 0.25070214 5 2 6  0.0  0.27595103  0.0  -0.10071268  0  2  0  0  0  1
  3  7  -1 0.0 0.25070214 6 3 9  0.007529497  0.2597844  0.0  -0.036227286  1  2  0  0  0  0
  3  7  -1 0.0 0.25070214 7 4 9  0.0  0.26874948  0.0  -0.07198715  0  2  0  0  0  1
  3  7  -1 0.0 0.25070214 8 10 5  0.0  0.27469462  0.0  -0.095701136  0  2  0  0  0  1
  3  7  -1 0.0 0.25070214 9 10 6  0.0  0.30849308  0.0  -0.23051631  0  2  0  0  0  1
  3  7  -1 0.0 0.25070214 11 8 9  -2.0  -2.0  -2.0  -2.0  -2  -2  -2  -2  -2  -2
  3  7  -1 0.0 0.25070214 12 8 10  -2.0  -2.0  -2.0  -2.0  -2  -2  -2  -2  -2  -2
  3  7  -1 0.0 0.25070214 13 11 13  0.54298615  0.2914977  0.0  -0.16272524  1  2  1  0  0  1
  3  7  -1 0.0 0.25070214 14 11 14  -2.0  -2.0  -2.0  -2.0  -2  -2  -2  -2  -2  -2
  3  7  -1 0.0 0.25070214 15 12 13  0.0  0.40342766  0.0  -0.6091911  0  4  0  1  0  1
  3  7  -1 0.0 0.25070214 16 12 23  0.57056785  0.27224737  0.0  -0.08593956  1  2  1  0  0  1
  3  7  -1 0.0 0.25070214 17 23 13  0.48345613  0.25984436  0.0  -0.03646646  1  2  1  0  0  0
  3  7  -1 0.0 0.25070214 18 14 16  0.0  0.34317464  0.0  -0.36885402  0  4  0  1  0  1
  3  7  -1 0.0 0.25070214 19 16 15  0.0  0.25172877  0.0  -0.0040950202  0  2  0  0  0  0
  3  7  -1 0.0 0.25070214 20 15 21  0.10469484  0.25288385  0.0  -0.008702394  1  2  1  0  0  0
  3  7  -1 0.0 0.25070214 21 21 15  0.10469484  0.25288385  0.0  -0.008702394  1  2  1  0  0  0
  3  7  -1 0.0 0.25070214 22 15 24  -2.0  -2.0  -2.0  -2.0  -2  -2  -2  -2  -2  -2
  3  7  -1 0.0 0.25070214 23 16 17  0.1266017  0.26679826  0.0  -0.06420414  2  2  1  0  0  1
  3  7  -1 0.0 0.25070214 24 16 19  0.23130608  0.2505406  0.0  6.443048E-4  1  2  1  0  0  0
  3  7  -1 0.0 0.25070214 25 17 18  0.0  0.25385243  0.0  -0.012565845  0  2  0  0  0  0
  3  7  -1 0.0 0.25070214 26 17 22  0.0  0.25178498  0.0  -0.0043192194  0  2  0  0  0  0
  3  7  -1 0.0 0.25070214 27 18 21  0.0  0.25163037  0.0  -0.0037024939  0  2  0  0  0  0
  3  7  -1 0.0 0.25070214 28 18 21  0.0  0.25163037  0.0  -0.0037024939  0  2  0  0  0  0
  3  7  -1 0.0 0.25070214 29 19 20  0.0  0.25205374  0.0  -0.0053912383  0  2  0  0  0  0
  3  7  -1 0.0 0.25070214 30 19 20  0.0  0.25205374  0.0  -0.0053912383  0  2  0  0  0  0
  3  7  -1 0.0 0.25070214 31 20 23  0.0  0.25210762  0.0  -0.0056061647  0  2  0  0  0  0
  3  7  -1 0.0 0.25070214 32 20 23  0.0  0.25210762  0.0  -0.0056061647  0  2  0  0  0  0
  3  7  -1 0.0 0.25070214 33 21 22  0.0  0.2512613  0.0  -0.0022303406  0  2  0  0  0  0
  3  7  -1 0.0 0.25070214 34 24 3  -2.0  -2.0  -2.0  -2.0  -2  -2  -2  -2  -2  -2
  3  7  -1 0.0 0.25070214 35 11 9  0.0  0.42576516  0.0  -0.6982909  0  5  0  1  0  1
  3  7  -1 0.0 0.25070214 36 9 12  0.12082529  0.37563646  0.0  -0.49833766  1  3  1  1  0  1
  3  7  -1 0.0 0.25070214 37 11 10  0.0  0.54248554  0.0  -1.1638647  0  8  0  1  0  1
  3  7  -1 0.0 0.25070214 38 12 10  0.2950492  0.41477793  0.0  -0.6544651  1  4  1  1  0  1
  11  23  -1 0.9976008 0.0 1 1 2  0.9986286  0.0  -0.0010302943  0.0  3  0  0  0  0  0
  11  23  -1 0.9976008 0.0 2 3 1  0.9997511  0.0  -0.0021554686  0.0  3  0  0  0  0  0
  11  23  -1 0.9976008 0.0 3 1 5  1.0862441  0.0  -0.088856496  0.0  3  0  0  0  1  0
  11  23  -1 0.9976008 0.0 4 2 4  1.0231364  0.0  -0.025596997  0.0  3  0  0  0  0  0
  11  23  -1 0.9976008 0.0 5 2 6  1.0631361  0.0  -0.06569292  0.0  3  0  0  0  1  0
  11  23  -1 0.9976008 0.0 6 3 9  1.1168706  0.0  -0.11955669  0.0  3  0  0  0  1  0
  11  23  -1 0.9976008 0.0 7 4 9  0.985605  0.0  0.012024642  0.0  3  0  0  0  0  0
  11  23  -1 0.9976008 0.0 8 10 5  1.0065956  0.0  -0.0090164505  0.0  3  0  0  0  0  0
  11  23  -1 0.9976008 0.0 9 10 6  0.87943244  0.0  0.11845255  0.0  3  0  0  0  0  0
  11  23  -1 0.9976008 0.0 11 8 9  0.9820833  0.0  0.015554792  0.0  3  0  0  0  0  0
  11  23  -1 0.9976008 0.0 12 8 10  1.0449195  0.0  -0.047432497  0.0  3  0  0  0  1  0
  11  23  -1 0.9976008 0.0 13 11 13  0.9220755  0.0  0.07570692  0.0  2  0  0  0  0  0
  11  23  -1 0.9976008 0.0 14 11 14  1.3257031  0.0  -0.32889143  0.0  3  0  0  0  1  0
  11  23  -1 0.9976008 0.0 15 12 13  0.89523244  0.0  0.10261455  0.0  3  0  0  0  0  0
  11  23  -1 0.9976008 0.0 16 12 23  0.9051161  0.0  0.092707135  0.0  2  0  0  0  0  0
  11  23  -1 0.9976008 0.0 17 23 13  1.2147648  0.0  -0.21768631  0.0  3  0  0  0  1  0
  11  23  -1 0.9976008 0.0 18 14 16  1.9894652  0.0  -0.9942499  0.0  3  0  0  0  1  0
  11  23  -1 0.9976008 0.0 19 16 15  1.3542337  0.0  -0.35749063  0.0  4  0  1  0  1  0
  11  23  -1 0.9976008 0.0 20 15 21  1.5645759  0.0  -0.5683387  0.0  5  0  1  0  1  0
  11  23  -1 0.9976008 0.0 21 21 15  1.5645759  0.0  -0.5683387  0.0  5  0  1  0  1  0
  11  23  -1 0.9976008 0.0 22 15 24  3.9023414  0.0  -2.9117265  0.0  5  0  1  0  1  0
  11  23  -1 0.9976008 0.0 23 16 17  2.358391  0.00759238  -1.3640629  0.0  5  1  1  1  0  0
  11  23  -1 0.9976008 0.0 24 16 19  1.7517626  0.0  -0.7559756  0.0  3  0  1  0  0  0
  11  23  -1 0.9976008 0.0 25 17 18  0.16277146  0.0  0.83683705  0.0  2  0  1  0  0  0
  11  23  -1 0.9976008 0.0 26 17 22  1.4552081  0.0  -0.4587078  0.0  4  0  1  0  0  0
  11  23  -1 0.9976008 0.0 27 18 21  0.90755963  0.0  0.090257704  0.0  3  0  0  0  0  0
  11  23  -1 0.9976008 0.0 28 18 21  0.90755963  0.0  0.090257704  0.0  3  0  0  0  0  0
  11  23  -1 0.9976008 0.0 29 19 20  0.9157486  0.0  0.08204905  0.0  2  0  0  0  0  0
  11  23  -1 0.9976008 0.0 30 19 20  0.9157486  0.0  0.08204905  0.0  2  0  0  0  0  0
  11  23  -1 0.9976008 0.0 31 20 23  1.0033593  0.0  -0.005772373  0.0  3  0  0  0  0  0
  11  23  -1 0.9976008 0.0 32 20 23  1.0033593  0.0  -0.005772373  0.0  3  0  0  0  0  0
  11  23  -1 0.9976008 0.0 33 21 22  1.1316757  0.0  -0.13439737  0.0  3  0  0  0  1  0
  11  23  -1 0.9976008 0.0 34 24 3  3.9028563  0.002041161  -2.9122427  0.0  5  1  1  0  1  0
  11  23  -1 0.9976008 0.0 35 11 9  0.98367906  0.0  0.013955219  0.0  3  0  0  0  1  0
  11  23  -1 0.9976008 0.0 36 9 12  0.86842585  0.0  0.1294856  0.0  2  0  0  0  0  0
  11  23  -1 0.9976008 0.0 37 11 10  1.061914  0.0  -0.06446785  0.0  3  0  0  0  1  0
  11  23  -1 0.9976008 0.0 38 12 10  0.8907192  0.0  0.10713866  0.0  2  0  0  0  0  0
  22  15  24 0.26339912 4.5192242E-4 1 1 2  0.27675772  0.0362705  -0.05071616  -79.25824  1  2  0  1  0  1
  22  15  24 0.26339912 4.5192242E-4 2 3 1  0.29043317  0.2507  -0.10263529  -553.7412  1  2  0  1  1  1
  22  15  24 0.26339912 4.5192242E-4 3 1 5  0.26576352  0.0020205975  -0.00897648  -3.4711158  1  1  0  0  0  0
  22  15  24 0.26339912 4.5192242E-4 4 2 4  0.26821232  0.0306499  -0.018273387  -66.82115  1  3  0  1  0  1
  22  15  24 0.26339912 4.5192242E-4 5 2 6  0.26484132  2.9700994E-4  -0.005475318  0.34278554  1  1  0  0  0  0
  22  15  24 0.26339912 4.5192242E-4 6 3 9  -2.0  -2.0  -2.0  -2.0  -2  -2  -2  -2  -2  -2
  22  15  24 0.26339912 4.5192242E-4 7 4 9  0.2744043  0.00949657  -0.04178132  -20.013716  1  2  0  0  0  1
  22  15  24 0.26339912 4.5192242E-4 8 10 5  0.27532768  0.005367279  -0.04528701  -10.87655  1  2  0  0  0  0
  22  15  24 0.26339912 4.5192242E-4 9 10 6  0.31957746  0.021754026  -0.21328215  -47.13664  1  2  0  1  1  1
  22  15  24 0.26339912 4.5192242E-4 11 8 9  0.26632714  0.0028235316  -0.01111628  -5.2478237  1  1  0  0  0  0
  22  15  24 0.26339912 4.5192242E-4 12 8 10  0.26426172  0.001989603  -0.003274872  -3.4025323  1  1  0  0  0  0
  22  15  24 0.26339912 4.5192242E-4 13 11 13  0.76116014  0.0084712505  -1.8897595  -17.744923  1  2  0  0  1  1
  22  15  24 0.26339912 4.5192242E-4 14 11 14  0.0  0.018242776  1.0  -39.367054  0  2  0  1  0  1
  22  15  24 0.26339912 4.5192242E-4 15 12 13  0.2927823  0.020136237  -0.11155383  -43.556847  1  2  0  1  1  1
  22  15  24 0.26339912 4.5192242E-4 16 12 23  1.114872  0.003389597  -3.2326336  -6.500396  1  2  0  0  1  0
  22  15  24 0.26339912 4.5192242E-4 17 23 13  1.0074792  0.0029819012  -2.8249147  -5.598259  1  1  0  0  1  0
  22  15  24 0.26339912 4.5192242E-4 18 14 16  1.1120186  0.017766058  -3.2218006  -38.312187  1  2  1  1  0  1
  22  15  24 0.26339912 4.5192242E-4 19 16 15  0.7056701  4.6926737E-4  -1.6790906  -0.038380373  2  1  1  0  0  0
  22  15  24 0.26339912 4.5192242E-4 20 15 21  0.33043098  4.683733E-4  -0.25448778  -0.036402006  2  1  1  0  0  0
  22  15  24 0.26339912 4.5192242E-4 21 21 15  0.33043098  4.683733E-4  -0.25448778  -0.036402006  2  1  1  0  0  0
  22  15  24 0.26339912 4.5192242E-4 23 16 17  1.1409509  4.8953295E-4  -3.3316429  -0.083223425  2  1  1  0  1  0
  22  15  24 0.26339912 4.5192242E-4 24 16 19  1.3625016  1.1199713E-4  -4.1727643  0.7521762  1  1  0  0  1  0
  22  15  24 0.26339912 4.5192242E-4 25 17 18  0.25601172  4.736185E-4  0.028046409  -0.048008442  1  1  0  0  0  0
  22  15  24 0.26339912 4.5192242E-4 26 17 22  0.25838184  4.6926737E-4  0.019048205  -0.038380373  1  1  0  0  0  0
  22  15  24 0.26339912 4.5192242E-4 27 18 21  0.26286507  4.6384335E-4  0.0020275603  -0.026378265  1  1  0  0  0  0
  22  15  24 0.26339912 4.5192242E-4 28 18 21  0.26286507  4.6384335E-4  0.0020275603  -0.026378265  1  1  0  0  0  0
  22  15  24 0.26339912 4.5192242E-4 29 19 20  0.20747542  5.26011E-4  0.21231544  -0.1639409  1  1  0  0  0  0
  22  15  24 0.26339912 4.5192242E-4 30 19 20  0.20747542  5.26011E-4  0.21231544  -0.1639409  1  1  0  0  0  0
  22  15  24 0.26339912 4.5192242E-4 31 20 23  0.17449617  5.6278706E-4  0.33752182  -0.24531786  1  1  0  0  0  0
  22  15  24 0.26339912 4.5192242E-4 32 20 23  0.17449617  5.6278706E-4  0.33752182  -0.24531786  1  1  0  0  0  0
  22  15  24 0.26339912 4.5192242E-4 33 21 22  0.26050544  4.6783686E-4  0.010985937  -0.035214983  1  1  0  0  0  0
  22  15  24 0.26339912 4.5192242E-4 35 11 9  0.03575015  0.04945296  0.86427385  -108.427986  1  2  0  1  0  1
  22  15  24 0.26339912 4.5192242E-4 36 9 12  0.59441495  0.038912177  -1.2567081  -85.10367  1  2  0  1  1  1
  22  15  24 0.26339912 4.5192242E-4 37 11 10  0.009596348  0.00913918  0.96356726  -19.222897  1  2  0  0  0  1
  22  15  24 0.26339912 4.5192242E-4 38 12 10  0.617929  0.01075834  -1.3459797  -22.805723  1  2  0  0  1  1
  34  24  3 0.26403046 0.0043882728 1 1 2  0.27762341  0.024842262  -0.05148254  -4.661057  1  1  0  0  0  1
  34  24  3 0.26403046 0.0043882728 2 3 1  0.29209042  0.13403201  -0.10627546  -29.543226  1  1  0  0  1  1
  34  24  3 0.26403046 0.0043882728 3 1 5  0.26640844  0.005957544  -0.009006487  -0.35760564  1  1  0  0  0  0
  34  24  3 0.26403046 0.0043882728 4 2 4  0.2688992  0.026127279  -0.018440092  -4.9538865  1  2  0  1  0  1
  34  24  3 0.26403046 0.0043882728 5 2 6  0.26546097  0.004242003  -0.005417979  0.033331975  1  1  0  0  0  0
  34  24  3 0.26403046 0.0043882728 6 3 9  -2.0  -2.0  -2.0  -2.0  -2  -2  -2  -2  -2  -2
  34  24  3 0.26403046 0.0043882728 7 4 9  0.27509642  0.0104215145  -0.04191168  -1.3748556  1  1  0  0  0  1
  34  24  3 0.26403046 0.0043882728 8 10 5  0.27602887  0.008249819  -0.0454433  -0.8799696  1  1  0  0  0  0
  34  24  3 0.26403046 0.0043882728 9 10 6  0.32038283  0.016428888  -0.21343134  -2.7438164  1  1  0  0  1  1
  34  24  3 0.26403046 0.0043882728 11 8 9  0.266994  0.0068772435  -0.011224247  -0.5671869  1  1  0  0  0  0
  34  24  3 0.26403046 0.0043882728 12 8 10  0.26488686  0.00592041  -0.0032435635  -0.34914362  1  1  0  0  0  0
  34  24  3 0.26403046 0.0043882728 13 11 13  0.7621949  0.009809792  -1.8867687  -1.2354563  1  1  0  0  1  1
  34  24  3 0.26403046 0.0043882728 14 11 14  0.0  0.014723182  1.0  -2.35512  0  1  0  0  0  1
  34  24  3 0.26403046 0.0043882728 15 12 13  0.29362798  0.015671134  -0.11209889  -2.5711393  1  1  0  0  1  1
  34  24  3 0.26403046 0.0043882728 16 12 23  1.1156092  0.0072758794  -3.2253048  -0.65802807  1  1  0  0  1  0
  34  24  3 0.26403046 0.0043882728 17 23 13  1.0085354  0.0069141984  -2.8197691  -0.5756082  1  1  0  0  1  0
  34  24  3 0.26403046 0.0043882728 18 14 16  1.1119552  0.014503241  -3.2114656  -2.3049998  1  1  1  0  0  1
  34  24  3 0.26403046 0.0043882728 19 16 15  0.7062311  0.004406631  -1.6748093  -0.0041834754  2  1  1  0  0  0
  34  24  3 0.26403046 0.0043882728 20 15 21  0.33102036  0.0044059157  -0.25372034  -0.004020483  2  1  1  0  0  0
  34  24  3 0.26403046 0.0043882728 21 21 15  0.33102036  0.0044059157  -0.25372034  -0.004020483  2  1  1  0  0  0
  34  24  3 0.26403046 0.0043882728 23 16 17  1.1330509  0.0044263005  -3.2913644  -0.00866577  2  1  1  0  1  0
  34  24  3 0.26403046 0.0043882728 24 16 19  1.3624406  0.0040500164  -4.1601644  0.07708189  1  1  0  0  1  0
  34  24  3 0.26403046 0.0043882728 25 17 18  0.25663805  0.0044110417  0.02799831  -0.005188596  1  1  0  0  0  0
  34  24  3 0.26403046 0.0043882728 26 17 22  0.25901008  0.00440681  0.019014398  -0.0042242236  1  1  0  0  0  0
  34  24  3 0.26403046 0.0043882728 27 18 21  0.26349187  0.0044008493  0.002039869  -0.0028659522  1  1  0  0  0  0
  34  24  3 0.26403046 0.0043882728 28 18 21  0.26349187  0.0044008493  0.002039869  -0.0028659522  1  1  0  0  0  0
  34  24  3 0.26403046 0.0043882728 29 19 20  0.20805717  0.004463434  0.21199559  -0.017127799  1  1  0  0  0  0
  34  24  3 0.26403046 0.0043882728 30 19 20  0.20805717  0.004463434  0.21199559  -0.017127799  1  1  0  0  0  0
  34  24  3 0.26403046 0.0043882728 31 20 23  0.17510486  0.004499793  0.33680055  -0.025413254  1  1  0  0  0  0
  34  24  3 0.26403046 0.0043882728 32 20 23  0.17510486  0.004499793  0.33680055  -0.025413254  1  1  0  0  0  0
  34  24  3 0.26403046 0.0043882728 33 21 22  0.26113343  0.0044054985  0.010972311  -0.0039254036  1  1  0  0  0  0
  34  24  3 0.26403046 0.0043882728 35 11 9  0.036679983  0.030504584  0.8610767  -5.9513874  1  1  0  0  0  1
  34  24  3 0.26403046 0.0043882728 36 9 12  0.595037  0.025231302  -1.253668  -4.7497115  1  1  0  0  1  1
  34  24  3 0.26403046 0.0043882728 37 11 10  0.009947062  0.010132313  0.9623261  -1.3089523  1  1  0  0  0  1
  34  24  3 0.26403046 0.0043882728 38 12 10  0.61904  0.010941267  -1.344578  -1.493297  1  1  0  0  1  1
