 No., BrcContingencyIndex, fbusCont, tbusCont, #ofPVtoPQ
 1 1 1 16 38
 2 2 2 17 46
 3 3 3 10 49
 4 4 4 7 48
 5 5 4 11 48
 6 6 4 14 25
 7 7 4 16 41
 8 8 4 22 40
 9 9 5 7 54
 10 10 5 10 45
 11 11 6 8 39
 12 12 6 9 47
 13 13 6 15 46
 14 14 6 31 39
 15 15 7 12 34
 16 16 7 13 45
 17 17 7 19 50
 18 18 7 21 55
 19 19 7 29 44
 20 20 8 18 39
 21 21 10 171 55
 22 22 11 16 44
 23 23 11 17 36
 24 24 11 111 22
 25 25 12 140 55
 26 26 13 29 45
 27 27 14 17 29
 28 28 15 18 45
 29 29 15 165 61
 30 30 16 73 56
 31 31 17 74 55
 32 32 18 20 52
 33 33 18 75 33
 34 34 18 76 36
 35 35 18 101 45
 36 36 19 124 54
 37 37 20 67 42
 38 38 22 112 57
 39 39 23 37 56
 40 40 23 46 49
 41 41 23 53 41
 42 42 24 54 50
 43 43 25 41 41
 44 44 25 53 51
 45 45 25 54 49
 46 46 26 38 44
 47 47 27 28 47
 48 48 27 33 41
 49 49 27 48 29
 50 50 27 74 30
 51 51 28 47 39
 52 52 28 88 25
 53 53 29 30 68
 54 54 29 45 50
 55 55 29 48 40
 56 56 30 46 54
 57 57 30 49 30
 58 58 31 32 46
 59 59 31 39 37
 60 60 32 36 51
 61 61 34 35 43
 62 62 34 51 43
 63 63 34 183 40
 64 64 35 183 40
 65 65 37 38 44
 66 66 38 55 47
 67 67 39 40 30
 68 68 40 44 42
 69 69 41 42 58
 70 70 41 80 53
 71 71 42 47 46
 72 72 42 54 43
 73 73 43 44 35
 74 74 43 99 43
 75 75 44 50 48
 76 76 45 46 45
 77 77 45 49 30
 78 78 48 49 49
 79 79 50 51 51
 80 80 50 98 39
 81 81 50 100 41
 82 82 52 53 49
 83 84 56 74 37
 84 87 59 63 63
 85 88 59 82 33
 86 89 60 85 36
 87 90 60 104 47
 88 91 61 62 47
 89 92 61 64 51
 90 94 61 184 45
 91 95 62 82 56
 92 97 63 71 41
 93 98 63 91 49
 94 99 63 94 51
 95 100 63 96 54
 96 101 64 69 44
 97 102 64 79 45
 98 103 64 93 47
 99 104 64 95 47
 100 105 65 90 43
 101 106 65 91 39
 102 107 66 68 40
 103 108 66 152 37
 104 109 67 138 40
 105 110 68 78 45
 106 111 69 83 44
 107 112 70 73 49
 108 113 70 107 51
 109 115 71 86 45
 110 116 73 87 41
 111 117 74 108 52
 112 118 75 76 35
 113 119 76 105 42
 114 120 77 84 43
 115 121 77 85 45
 116 122 78 103 34
 117 123 79 88 45
 118 124 80 81 52
 119 125 80 96 46
 120 126 81 93 45
 121 127 83 84 51
 122 128 83 103 39
 123 129 84 184 46
 124 130 85 86 40
 125 131 86 108 54
 126 132 87 88 46
 127 133 87 94 45
 128 134 89 94 55
 129 135 89 102 41
 130 136 90 104 32
 131 137 92 100 54
 132 138 92 106 40
 133 139 93 94 52
 134 140 95 96 44
 135 141 95 102 54
 136 142 98 99 52
 137 143 99 101 42
 138 144 100 101 53
 139 145 103 104 45
 140 146 105 106 43
 141 149 107 108 46
 142 150 111 112 55
 143 151 111 123 38
 144 152 111 124 41
 145 153 113 114 50
 146 154 113 151 47
 147 155 114 131 52
 148 156 115 116 44
 149 157 115 133 51
 150 158 116 138 33
 151 159 117 140 41
 152 160 117 143 44
 153 162 118 126 52
 154 163 118 142 32
 155 164 120 125 42
 156 165 120 130 47
 157 167 121 151 48
 158 168 123 124 35
 159 169 123 140 31
 160 170 123 144 43
 161 171 124 139 31
 162 172 125 126 49
 163 173 125 135 43
 164 174 125 186 34
 165 175 126 186 33
 166 176 127 128 49
 167 177 127 157 35
 168 178 128 145 51
 169 179 129 143 46
 170 180 129 148 50
 171 181 130 132 52
 172 182 130 154 46
 173 183 131 132 51
 174 184 131 147 44
 175 185 131 151 52
 176 186 132 148 45
 177 187 132 150 54
 178 188 133 134 42
 179 189 133 182 33
 180 190 134 182 30
 181 192 135 142 35
 182 194 139 140 48
 183 195 139 166 44
 184 196 139 174 47
 185 197 140 167 45
 186 198 141 144 46
 187 199 141 178 51
 188 200 143 144 36
 189 201 143 149 51
 190 202 144 147 41
 191 204 147 148 50
 192 205 147 154 48
 193 206 150 151 45
 194 207 150 152 36
 195 209 155 166 62
 196 210 156 179 51
 197 211 157 158 53
 198 212 158 176 48
 199 213 159 160 45
 200 214 159 165 58
 201 215 159 176 49
 202 216 160 168 57
 203 217 160 177 47
 204 218 161 162 54
 205 219 161 166 43
 206 220 162 179 51
 207 221 163 164 45
 208 222 163 172 62
 209 223 164 167 51
 210 224 166 167 46
 211 225 168 169 52
 212 226 170 171 56
 213 227 170 174 40
 214 228 172 173 50
 215 229 173 175 49
 216 230 174 175 47
 217 231 176 177 42
 218 232 178 179 49
 219 233 187 202 56
 220 234 187 423 56
 221 235 188 434 31
 222 236 188 437 32
 223 239 190 355 60
 224 240 190 376 57
 225 243 192 193 51
 226 244 192 194 52
 227 245 192 308 48
 228 247 193 332 47
 229 248 194 248 56
 230 249 194 256 58
 231 250 194 332 53
 232 251 195 285 65
 233 252 195 514 67
 234 255 198 351 53
 235 256 198 425 56
 236 259 200 428 59
 237 260 200 533 60
 238 261 201 219 44
 239 262 201 255 46
 240 263 202 239 35
 241 264 202 332 51
 242 269 206 224 64
 243 270 206 384 57
 244 272 208 326 34
 245 273 208 342 51
 246 274 209 211 64
 247 275 209 334 63
 248 276 210 282 34
 249 277 210 353 51
 250 278 211 233 47
 251 279 211 333 55
 252 280 211 386 46
 253 281 212 305 57
 254 282 212 511 58
 255 283 213 333 55
 256 284 213 343 33
 257 285 213 415 37
 258 286 213 458 57
 259 287 213 473 34
 260 288 214 442 60
 261 289 214 533 55
 262 290 214 2249 46
 263 291 215 273 62
 264 292 215 279 55
 265 293 216 447 53
 266 294 216 1120 50
 267 297 218 219 45
 268 298 218 340 48
 269 299 219 227 33
 270 300 220 437 29
 271 301 220 510 59
 272 304 222 262 52
 273 305 222 361 51
 274 306 223 372 29
 275 307 223 613 32
 276 308 224 425 61
 277 309 225 510 51
 278 310 225 2218 41
 279 311 226 227 35
 280 312 226 348 53
 281 320 233 341 51
 282 325 236 384 46
 283 326 236 385 41
 284 327 237 373 65
 285 328 237 516 55
 286 329 238 361 54
 287 330 238 492 52
 288 331 239 284 48
 289 332 240 340 39
 290 333 240 401 33
 291 335 241 287 40
 292 336 241 503 51
 293 337 242 324 46
 294 338 242 440 50
 295 339 243 306 53
 296 340 243 309 57
 297 341 244 486 59
 298 342 244 520 61
 299 343 245 253 35
 300 344 245 254 57
 301 345 245 281 53
 302 346 245 299 48
 303 347 245 396 30
 304 349 246 304 61
 305 351 246 471 54
 306 353 248 474 55
 307 354 249 294 60
 308 355 249 474 60
 309 359 253 352 33
 310 360 254 338 56
 311 361 255 336 44
 312 362 255 369 57
 313 363 256 320 55
 314 364 257 363 51
 315 365 257 458 55
 316 366 258 265 57
 317 367 258 1753 55
 318 369 260 365 51
 319 370 260 493 57
 320 371 261 272 34
 321 372 261 353 33
 322 373 262 438 48
 323 374 263 323 52
 324 375 263 411 53
 325 376 264 516 54
 326 377 264 537 57
 327 378 265 283 51
 328 380 266 408 49
 329 381 266 525 54
 330 382 267 280 34
 331 383 267 519 34
 332 385 269 332 53
 333 386 269 511 57
 334 388 272 353 33
 335 389 273 304 62
 336 390 274 281 61
 337 391 274 288 49
 338 392 275 280 34
 339 393 275 534 53
 340 396 277 293 30
 341 397 277 406 59
 342 398 278 526 56
 343 399 278 534 56
 344 400 279 441 39
 345 401 281 472 44
 346 402 282 291 44
 347 403 282 471 56
 348 404 283 350 44
 349 405 283 1787 57
 350 406 284 308 51
 351 407 285 286 62
 352 408 286 337 47
 353 409 286 473 34
 354 410 287 318 49
 355 411 288 352 52
 356 412 289 299 53
 357 413 289 472 54
 358 414 290 294 45
 359 415 290 336 52
 360 416 291 429 47
 361 417 293 296 30
 362 418 294 346 51
 363 419 294 524 55
 364 421 295 425 52
 365 422 295 537 47
 366 423 296 519 52
 367 424 297 298 56
 368 425 297 353 52
 369 426 298 525 52
 370 427 300 430 50
 371 428 300 658 44
 372 429 300 708 55
 373 430 303 442 55
 374 431 303 2124 48
 375 432 305 345 55
 376 433 305 460 54
 377 434 305 512 55
 378 435 306 493 49
 379 436 307 462 56
 380 437 307 508 49
 381 439 309 520 59
 382 440 310 312 52
 383 441 310 420 57
 384 443 310 477 55
 385 444 311 312 47
 386 445 311 372 34
 387 446 312 323 53
 388 448 314 381 46
 389 449 314 387 44
 390 450 315 341 44
 391 451 315 2249 51
 392 454 317 468 50
 393 455 317 514 51
 394 456 318 467 53
 395 458 320 348 56
 396 459 321 451 58
 397 461 321 467 69
 398 462 321 485 47
 399 463 321 506 57
 400 465 322 351 33
 401 466 322 389 48
 402 467 322 452 49
 403 468 322 455 63
 404 470 322 478 53
 405 471 322 490 43
 406 472 324 538 52
 407 473 325 371 34
 408 474 325 375 35
 409 475 326 364 33
 410 480 334 395 59
 411 481 335 369 44
 412 482 335 2331 41
 413 483 336 347 51
 414 484 337 377 34
 415 485 337 379 60
 416 486 338 394 53
 417 488 342 445 50
 418 489 342 624 40
 419 490 342 710 39
 420 491 343 377 32
 421 492 344 346 45
 422 493 344 381 44
 423 494 344 523 52
 424 495 345 347 54
 425 496 347 386 46
 426 497 350 526 55
 427 498 352 406 50
 428 499 353 429 58
 429 500 354 370 62
 430 502 356 360 59
 431 503 356 432 56
 432 504 357 509 46
 433 505 357 523 46
 434 507 359 375 34
 435 508 359 378 60
 436 509 359 393 63
 437 510 361 374 62
 438 512 363 477 53
 439 513 364 439 35
 440 514 365 416 55
 441 515 365 440 62
 442 516 366 484 43
 443 517 366 504 36
 444 518 366 578 41
 445 519 367 370 64
 446 520 367 445 51
 447 521 368 376 59
 448 523 371 378 62
 449 524 373 393 62
 450 525 374 395 61
 451 526 374 428 56
 452 527 379 432 60
 453 528 380 410 52
 454 529 380 1602 54
 455 532 385 389 50
 456 533 387 415 32
 457 538 394 532 55
 458 539 396 526 49
 459 544 401 434 35
 460 550 408 417 58
 461 551 409 532 53
 462 552 409 660 45
 463 553 410 525 56
 464 554 411 412 40
 465 555 411 423 52
 466 556 411 426 46
 467 557 412 413 42
 468 558 413 612 43
 469 559 413 643 55
 470 560 416 451 49
 471 561 417 447 57
 472 563 420 477 57
 473 565 424 612 42
 474 566 424 722 48
 475 567 425 438 48
 476 568 425 492 47
 477 569 425 536 68
 478 570 426 535 57
 479 572 430 613 53
 480 573 439 676 33
 481 574 441 527 60
 482 579 448 482 38
 483 580 452 504 44
 484 581 455 464 47
 485 582 455 502 54
 486 583 456 490 48
 487 584 456 494 50
 488 586 457 476 50
 489 587 457 514 29
 490 588 460 535 56
 491 589 461 508 37
 492 590 461 515 51
 493 591 462 465 59
 494 592 463 497 56
 495 593 463 514 49
 496 594 464 515 49
 497 595 465 494 53
 498 596 468 531 42
 499 599 476 507 54
 500 601 477 501 54
 501 603 478 531 49
 502 606 482 1078 32
 503 607 482 2043 52
 504 610 484 494 43
 505 611 485 489 52
 506 612 486 507 62
 507 613 489 500 50
 508 614 489 505 51
 509 615 490 491 44
 510 616 491 494 50
 511 618 493 500 51
 512 619 493 505 51
 513 621 497 506 57
 514 623 501 515 47
 515 624 503 515 45
 516 625 509 512 54
 517 626 511 524 47
 518 628 519 526 52
 519 630 536 538 57
 520 631 539 540 49
 521 632 539 559 48
 522 633 539 633 32
 523 634 539 737 55
 524 635 539 776 44
 525 636 540 544 41
 526 637 540 634 32
 527 638 540 650 42
 528 639 540 652 44
 529 640 540 653 52
 530 642 542 712 49
 531 643 542 737 55
 532 644 542 751 33
 533 645 543 560 37
 534 646 543 617 47
 535 647 543 740 51
 536 648 544 696 43
 537 649 545 546 48
 538 650 545 587 42
 539 651 545 727 49
 540 652 545 756 36
 541 653 546 575 47
 542 654 546 725 43
 543 655 546 730 31
 544 656 546 739 59
 545 657 546 755 48
 546 658 547 631 54
 547 659 547 672 53
 548 660 547 751 33
 549 661 548 573 43
 550 662 548 660 41
 551 664 549 671 54
 552 665 549 760 46
 553 667 551 746 43
 554 668 551 750 33
 555 669 551 757 47
 556 670 551 784 41
 557 671 552 553 35
 558 672 552 588 36
 559 673 552 643 32
 560 674 552 771 49
 561 675 553 658 46
 562 676 554 703 46
 563 677 554 744 47
 564 678 555 693 49
 565 679 555 785 48
 566 680 556 559 43
 567 681 556 674 41
 568 682 556 781 41
 569 683 557 558 46
 570 684 557 690 49
 571 685 557 733 51
 572 686 558 579 49
 573 687 560 617 41
 574 690 563 569 33
 575 691 563 571 33
 576 692 564 598 44
 577 693 564 655 45
 578 694 564 669 43
 579 695 565 654 42
 580 696 565 655 53
 581 697 565 664 47
 582 698 565 762 43
 583 699 566 568 33
 584 700 566 571 33
 585 701 567 700 33
 586 702 567 716 43
 587 703 568 569 42
 588 704 568 672 50
 589 705 568 712 48
 590 706 569 656 38
 591 707 569 712 47
 592 708 570 666 54
 593 709 570 733 51
 594 710 572 694 54
 595 711 572 722 54
 596 712 573 594 31
 597 713 573 613 32
 598 715 575 741 49
 599 716 576 721 44
 600 717 576 732 49
 601 718 577 581 49
 602 719 577 685 44
 603 720 578 661 39
 604 721 579 582 46
 605 723 581 755 45
 606 724 581 765 50
 607 725 582 688 48
 608 726 582 749 48
 609 727 583 607 55
 610 728 583 619 53
 611 729 584 585 55
 612 730 584 697 56
 613 731 585 778 51
 614 732 586 762 47
 615 733 586 765 39
 616 734 587 628 47
 617 735 588 595 39
 618 736 588 643 34
 619 737 589 717 34
 620 738 589 753 35
 621 739 590 755 44
 622 740 590 780 53
 623 741 591 596 54
 624 742 591 667 47
 625 743 592 593 32
 626 744 592 738 32
 627 745 593 772 44
 628 746 594 713 36
 629 747 595 771 51
 630 748 596 742 59
 631 750 598 675 40
 632 752 600 669 42
 633 753 600 727 46
 634 754 601 630 51
 635 755 601 708 50
 636 756 602 604 36
 637 757 602 615 36
 638 758 603 604 33
 639 759 603 706 31
 640 760 605 615 33
 641 761 605 626 35
 642 762 606 670 56
 643 763 606 926 55
 644 764 607 670 54
 645 766 609 677 43
 646 767 609 680 43
 647 768 610 668 46
 648 769 610 694 42
 649 770 611 683 39
 650 771 611 750 41
 651 772 612 613 43
 652 773 612 769 39
 653 774 613 627 33
 654 775 614 626 33
 655 776 614 707 33
 656 777 615 665 33
 657 778 615 774 49
 658 779 616 618 57
 659 780 616 619 52
 660 781 617 620 56
 661 782 618 620 57
 662 783 619 756 48
 663 784 621 622 37
 664 785 621 746 34
 665 786 622 624 36
 666 787 623 663 45
 667 788 623 712 48
 668 789 625 690 48
 669 790 625 1348 41
 670 791 627 691 41
 671 792 628 699 56
 672 793 628 727 54
 673 794 629 667 51
 674 795 629 763 44
 675 796 630 645 56
 676 797 631 645 55
 677 798 632 634 34
 678 799 632 649 46
 679 800 633 634 33
 680 801 633 645 42
 681 802 635 637 44
 682 803 635 732 43
 683 804 635 742 54
 684 805 636 740 45
 685 806 636 744 43
 686 807 637 743 52
 687 808 638 639 34
 688 809 638 650 43
 689 810 639 650 48
 690 811 639 653 48
 691 812 640 644 40
 692 813 640 653 47
 693 814 641 644 31
 694 815 641 645 34
 695 816 641 647 50
 696 817 642 678 44
 697 818 642 785 47
 698 819 644 645 46
 699 820 644 650 43
 700 821 644 686 47
 701 822 644 734 58
 702 823 645 650 44
 703 824 646 770 32
 704 825 646 773 39
 705 826 647 649 47
 706 827 648 651 48
 707 828 648 652 49
 708 829 651 776 47
 709 830 654 655 48
 710 831 655 701 47
 711 832 656 773 37
 712 833 657 1444 46
 713 834 657 1486 40
 714 835 659 703 52
 715 836 659 703 50
 716 837 661 769 43
 717 838 662 663 53
 718 839 662 760 44
 719 840 662 782 47
 720 841 663 778 45
 721 842 663 780 48
 722 843 664 689 53
 723 844 665 676 31
 724 845 665 706 37
 725 846 666 707 61
 726 847 667 703 49
 727 848 668 696 44
 728 849 670 1469 52
 729 850 671 754 51
 730 852 674 695 47
 731 853 675 758 42
 732 854 677 679 55
 733 855 678 679 43
 734 856 678 684 32
 735 857 678 731 38
 736 858 678 750 38
 737 859 679 683 34
 738 860 679 684 32
 739 861 679 685 48
 740 862 680 688 45
 741 863 680 701 47
 742 865 686 770 48
 743 866 687 745 30
 744 867 687 747 34
 745 868 688 689 59
 746 869 688 1359 49
 747 870 689 749 43
 748 871 689 1402 45
 749 872 691 692 42
 750 873 692 718 43
 751 874 693 694 52
 752 875 695 696 46
 753 876 697 766 56
 754 877 698 702 52
 755 878 698 704 33
 756 879 699 703 56
 757 880 700 710 35
 758 881 702 703 33
 759 882 703 704 33
 760 883 705 709 33
 761 884 705 728 28
 762 885 706 707 35
 763 886 707 772 51
 764 887 709 716 42
 765 888 709 720 48
 766 889 711 714 54
 767 890 711 727 51
 768 891 711 729 54
 769 892 713 720 46
 770 893 714 724 53
 771 894 715 739 59
 772 895 715 1190 53
 773 896 716 717 36
 774 897 716 750 32
 775 898 716 785 32
 776 899 717 719 53
 777 900 717 728 48
 778 901 717 736 36
 779 902 718 719 55
 780 903 721 755 44
 781 904 723 726 48
 782 905 723 748 49
 783 906 724 730 53
 784 907 725 748 43
 785 908 726 727 45
 786 909 726 729 45
 787 910 726 743 52
 788 911 731 754 35
 789 912 734 735 54
 790 913 735 737 49
 791 914 736 777 30
 792 915 738 1430 37
 793 916 740 752 47
 794 917 740 779 42
 795 918 741 752 53
 796 919 744 768 49
 797 920 745 784 33
 798 921 747 777 28
 799 922 750 753 45
 800 923 754 759 52
 801 924 755 781 40
 802 925 757 774 42
 803 926 758 759 34
 804 927 763 764 53
 805 929 764 778 46
 806 930 766 778 63
 807 931 768 779 38
 808 932 770 771 48
 809 933 775 1133 33
 810 934 775 1414 35
 811 935 778 783 31
 812 936 782 783 32
 813 943 792 1240 49
 814 944 792 1525 50
 815 946 794 1334 35
 816 947 794 1385 36
 817 948 795 1108 34
 818 949 795 1520 36
 819 950 796 797 32
 820 952 796 1011 34
 821 953 796 1103 41
 822 954 796 1419 34
 823 958 797 1004 34
 824 959 797 1379 33
 825 961 798 799 44
 826 963 798 1163 34
 827 965 799 996 44
 828 970 802 1087 34
 829 971 802 1586 37
 830 973 804 1345 33
 831 974 804 1426 41
 832 977 807 1328 44
 833 978 807 1479 45
 834 979 808 971 37
 835 980 808 1227 32
 836 981 809 904 36
 837 982 809 1216 33
 838 985 812 860 53
 839 986 812 918 54
 840 987 813 877 33
 841 988 813 1054 44
 842 989 814 1462 34
 843 990 814 1488 32
 844 991 815 928 34
 845 992 815 1156 33
 846 993 815 1315 35
 847 995 817 1079 42
 848 996 817 1477 47
 849 998 819 954 32
 850 999 819 993 32
 851 1000 820 838 48
 852 1001 820 1393 59
 853 1002 821 822 55
 854 1004 821 920 46
 855 1005 821 1076 33
 856 1006 821 1199 34
 857 1009 822 919 34
 858 1010 822 924 54
 859 1011 822 1355 56
 860 1015 825 1232 33
 861 1016 825 1566 41
 862 1017 826 1003 51
 863 1018 826 1566 60
 864 1019 827 911 38
 865 1020 827 1337 40
 866 1022 829 1268 48
 867 1023 829 1489 24
 868 1024 830 883 54
 869 1025 830 1334 34
 870 1028 833 1230 38
 871 1029 833 1553 51
 872 1030 834 886 31
 873 1031 834 991 47
 874 1032 834 1175 53
 875 1033 834 1178 44
 876 1034 834 1467 37
 877 1035 835 1020 24
 878 1036 835 1106 44
 879 1037 836 890 41
 880 1038 836 1105 35
 881 1040 837 1097 36
 882 1041 837 1552 38
 883 1042 838 966 43
 884 1045 840 887 33
 885 1046 840 1562 33
 886 1053 849 1320 33
 887 1054 849 1426 31
 888 1055 850 1087 34
 889 1056 850 1594 36
 890 1057 851 1066 38
 891 1058 851 1328 34
 892 1059 851 1538 52
 893 1060 852 1560 33
 894 1061 852 1589 33
 895 1064 855 997 30
 896 1065 855 1573 34
 897 1068 857 1169 33
 898 1069 857 1293 34
 899 1071 858 1162 45
 900 1073 858 1205 43
 901 1074 858 1372 50
 902 1076 859 1113 48
 903 1078 859 1358 49
 904 1079 859 1362 34
 905 1080 860 1556 51
 906 1081 861 1107 50
 907 1082 861 1585 33
 908 1083 862 947 47
 909 1084 862 1561 55
 910 1087 865 1432 49
 911 1088 865 1575 32
 912 1089 866 1196 47
 913 1090 866 1531 43
 914 1093 869 888 36
 915 1094 869 914 44
 916 1095 870 1214 47
 917 1096 870 1411 29
 918 1097 870 1418 49
 919 1098 871 896 31
 920 1099 871 1418 57
 921 1100 872 1020 39
 922 1101 872 1384 42
 923 1103 874 1098 37
 924 1104 874 1552 33
 925 1106 876 1323 60
 926 1107 876 1389 53
 927 1108 877 1050 43
 928 1109 878 879 49
 929 1110 878 1320 33
 930 1111 878 1543 43
 931 1112 879 1325 49
 932 1113 879 1426 33
 933 1114 882 1470 59
 934 1115 882 1503 54
 935 1116 883 1490 59
 936 1118 885 890 34
 937 1119 885 1476 32
 938 1120 886 1294 36
 939 1121 887 1178 36
 940 1122 888 996 42
 941 1123 889 1076 33
 942 1124 889 1207 33
 943 1125 891 1057 33
 944 1126 891 1459 37
 945 1127 892 893 37
 946 1129 892 1206 47
 947 1130 892 1448 38
 948 1131 893 1312 32
 949 1132 893 1449 43
 950 1133 894 1077 51
 951 1134 894 1514 50
 952 1135 895 986 34
 953 1136 895 1424 33
 954 1137 896 1083 34
 955 1139 898 1289 32
 956 1140 898 2089 33
 957 1142 900 1230 50
 958 1143 900 1482 51
 959 1144 901 961 35
 960 1145 901 1561 45
 961 1147 903 916 44
 962 1148 903 1184 53
 963 1149 904 1201 37
 964 1150 905 906 52
 965 1151 905 1372 49
 966 1152 905 1569 33
 967 1153 906 1095 47
 968 1154 906 1570 33
 969 1158 909 1058 54
 970 1159 909 1245 52
 971 1160 910 1156 33
 972 1161 910 1251 33
 973 1162 911 979 50
 974 1163 911 1478 47
 975 1164 912 965 46
 976 1165 912 1025 31
 977 1166 912 1293 53
 978 1167 912 1294 47
 979 1168 912 1420 31
 980 1169 912 1572 48
 981 1170 913 1454 32
 982 1171 913 1577 30
 983 1172 914 1279 32
 984 1175 915 1095 41
 985 1176 915 1236 48
 986 1179 916 1095 46
 987 1180 917 1413 43
 988 1181 917 1426 33
 989 1182 918 1503 57
 990 1183 919 974 40
 991 1184 919 1049 48
 992 1185 919 1077 51
 993 1186 920 1102 37
 994 1187 920 1343 32
 995 1188 920 1575 36
 996 1189 921 1207 33
 997 1190 921 1344 50
 998 1191 921 1513 40
 999 1193 924 1071 51
 1000 1195 926 1190 48
 1001 1197 928 1220 34
 1002 1198 929 1139 48
 1003 1199 929 1240 44
 1004 1200 929 1410 54
 1005 1206 936 1235 52
 1006 1207 936 1565 58
 1007 1209 938 1095 44
 1008 1210 938 1531 33
 1009 1211 939 1416 52
 1010 1212 939 1513 47
 1011 1217 943 1274 34
 1012 1218 943 1539 34
 1013 1221 947 1229 48
 1014 1222 948 1199 34
 1015 1223 948 1256 44
 1016 1224 949 1087 54
 1017 1225 949 1422 60
 1018 1229 953 1075 39
 1019 1230 953 1184 41
 1020 1231 954 968 36
 1021 1239 961 1282 27
 1022 1240 962 978 49
 1023 1241 962 1581 35
 1024 1242 963 1331 36
 1025 1243 963 1460 43
 1026 1244 964 1338 47
 1027 1245 964 1345 38
 1028 1246 965 973 34
 1029 1247 966 967 47
 1030 1248 966 1149 37
 1031 1249 966 1215 53
 1032 1251 967 982 53
 1033 1252 967 1268 59
 1034 1254 967 1502 50
 1035 1255 968 979 33
 1036 1256 968 1025 42
 1037 1260 971 1382 35
 1038 1261 972 1235 45
 1039 1262 972 1384 52
 1040 1263 973 979 40
 1041 1266 974 1431 51
 1042 1267 975 1354 30
 1043 1268 975 1366 28
 1044 1271 978 998 33
 1045 1272 978 1024 34
 1046 1273 978 1293 53
 1047 1274 978 1318 35
 1048 1275 978 1478 51
 1049 1276 979 1319 36
 1050 1277 979 1501 52
 1051 1279 981 1292 52
 1052 1280 981 1402 54
 1053 1281 982 1470 60
 1054 1284 985 1058 46
 1055 1285 985 1306 52
 1056 1286 986 1307 34
 1057 1292 991 1501 46
 1058 1293 992 1183 37
 1059 1294 992 1459 37
 1060 1295 993 994 33
 1061 1296 994 1289 35
 1062 1297 994 1407 34
 1063 1298 995 1017 38
 1064 1299 995 1112 41
 1065 1300 995 1145 44
 1066 1301 995 1378 32
 1067 1302 995 1539 49
 1068 1303 996 1401 34
 1069 1304 997 1111 37
 1070 1305 997 1127 32
 1071 1306 997 1222 24
 1072 1307 998 1572 34
 1073 1308 999 1241 45
 1074 1309 999 1311 48
 1075 1313 1003 1491 46
 1076 1314 1004 1008 35
 1077 1319 1008 1552 35
 1078 1321 1011 1552 39
 1079 1322 1012 1193 50
 1080 1323 1012 1553 55
 1081 1327 1017 1191 37
 1082 1328 1018 1192 33
 1083 1329 1018 1401 33
 1084 1332 1020 1522 34
 1085 1337 1024 1025 34
 1086 1338 1024 1308 30
 1087 1341 1026 1153 45
 1088 1342 1026 1583 43
 1089 1346 1030 1031 33
 1090 1347 1030 1524 33
 1091 1348 1031 1216 33
 1092 1356 1039 1040 34
 1093 1357 1039 1216 33
 1094 1358 1040 1524 34
 1095 1361 1043 1142 38
 1096 1362 1043 1217 38
 1097 1363 1044 1217 48
 1098 1364 1044 1523 50
 1099 1365 1045 1306 52
 1100 1366 1045 1536 54
 1101 1370 1049 1450 46
 1102 1371 1050 1147 40
 1103 1372 1051 1071 50
 1104 1373 1051 1440 48
 1105 1374 1052 1436 45
 1106 1375 1052 1439 45
 1107 1376 1053 1083 33
 1108 1377 1053 1223 39
 1109 1378 1053 1243 34
 1110 1379 1053 1266 37
 1111 1380 1054 1161 32
 1112 1381 1054 1436 42
 1113 1382 1054 1450 27
 1114 1383 1055 1079 39
 1115 1384 1055 1489 42
 1116 1386 1057 1083 45
 1117 1387 1059 1237 34
 1118 1388 1059 1331 36
 1119 1393 1065 1284 48
 1120 1394 1065 1549 49
 1121 1395 1066 1425 33
 1122 1396 1066 1589 33
 1123 1399 1069 1390 31
 1124 1400 1069 1546 32
 1125 1401 1070 1326 34
 1126 1402 1070 1356 34
 1127 1403 1074 1133 40
 1128 1404 1074 1552 44
 1129 1405 1075 1335 51
 1130 1406 1078 1120 45
 1131 1408 1081 1184 45
 1132 1409 1081 1385 45
 1133 1410 1082 1099 34
 1134 1411 1082 1119 33
 1135 1412 1082 1266 37
 1136 1413 1084 1138 33
 1137 1414 1084 1343 33
 1138 1416 1086 1244 33
 1139 1417 1086 1328 48
 1140 1418 1087 1557 35
 1141 1419 1088 1182 51
 1142 1420 1088 1219 26
 1143 1421 1088 1593 32
 1144 1422 1089 1431 49
 1145 1423 1089 1574 36
 1146 1430 1094 1491 45
 1147 1431 1094 1545 40
 1148 1432 1095 1511 47
 1149 1433 1095 1532 46
 1150 1434 1096 1220 33
 1151 1435 1096 1403 34
 1152 1436 1096 1492 34
 1153 1437 1096 1495 34
 1154 1439 1097 1098 38
 1155 1440 1097 1120 31
 1156 1442 1098 1419 33
 1157 1444 1099 1237 34
 1158 1446 1101 1232 60
 1159 1447 1101 1374 53
 1160 1448 1102 1585 32
 1161 1449 1103 1571 34
 1162 1450 1104 1190 48
 1163 1451 1104 1359 46
 1164 1452 1105 1167 30
 1165 1453 1106 1166 42
 1166 1454 1106 1170 51
 1167 1455 1107 1108 45
 1168 1456 1107 1343 30
 1169 1457 1108 1451 45
 1170 1460 1111 1535 34
 1171 1461 1112 1275 44
 1172 1462 1113 1511 45
 1173 1463 1114 1267 49
 1174 1464 1114 1354 31
 1175 1466 1114 1483 40
 1176 1467 1115 1181 54
 1177 1468 1115 1484 43
 1178 1469 1115 1500 42
 1179 1473 1119 1271 33
 1180 1474 1120 1301 53
 1181 1475 1120 1571 32
 1182 1476 1121 1231 51
 1183 1477 1121 1553 50
 1184 1478 1122 1143 36
 1185 1479 1122 1169 32
 1186 1480 1122 1283 31
 1187 1481 1123 1342 53
 1188 1482 1123 1528 48
 1189 1484 1127 1452 29
 1190 1488 1131 1232 41
 1191 1489 1131 1383 39
 1192 1490 1132 1195 48
 1193 1491 1132 1532 46
 1194 1492 1133 1430 33
 1195 1495 1138 1368 33
 1196 1496 1138 1435 43
 1197 1497 1138 1525 35
 1198 1498 1138 1600 50
 1199 1499 1139 1229 46
 1200 1500 1139 1451 44
 1201 1501 1140 1188 46
 1202 1502 1140 1257 47
 1203 1503 1140 1357 52
 1204 1505 1140 1598 49
 1205 1506 1141 1189 46
 1206 1507 1141 1191 33
 1207 1508 1141 1191 33
 1208 1510 1141 1397 46
 1209 1511 1142 1426 31
 1210 1512 1143 1745 34
 1211 1513 1144 1212 42
 1212 1514 1144 1595 35
 1213 1515 1145 1274 34
 1214 1516 1146 1318 38
 1215 1517 1146 1581 55
 1216 1518 1147 1485 31
 1217 1519 1148 1382 31
 1218 1520 1148 1576 32
 1219 1522 1149 1313 52
 1220 1524 1151 1216 38
 1221 1525 1151 1417 53
 1222 1527 1153 1490 43
 1223 1529 1155 1228 47
 1224 1530 1155 1357 46
 1225 1532 1158 1222 27
 1226 1533 1158 1453 28
 1227 1536 1161 1358 34
 1228 1537 1162 1485 41
 1229 1538 1163 1536 32
 1230 1541 1166 1452 41
 1231 1542 1167 1453 30
 1232 1544 1170 1389 42
 1233 1545 1171 1269 47
 1234 1546 1171 1556 53
 1235 1548 1175 1580 46
 1236 1551 1179 1384 41
 1237 1552 1179 1522 37
 1238 1554 1181 1190 47
 1239 1555 1182 1448 48
 1240 1556 1182 1449 50
 1241 1557 1182 1463 53
 1242 1558 1183 1194 25
 1243 1559 1183 1315 40
 1244 1560 1183 1460 38
 1245 1561 1183 1488 33
 1246 1562 1184 1236 47
 1247 1563 1185 1367 37
 1248 1564 1185 1489 40
 1249 1567 1188 1256 47
 1250 1568 1189 1380 45
 1251 1571 1192 1209 46
 1252 1572 1192 1282 37
 1253 1574 1192 1578 42
 1254 1575 1193 1576 49
 1255 1576 1194 1534 21
 1256 1577 1195 1278 34
 1257 1578 1196 1353 47
 1258 1581 1200 1355 48
 1259 1582 1200 1517 47
 1260 1583 1201 1202 41
 1261 1584 1201 1373 36
 1262 1585 1201 1527 50
 1263 1586 1202 1338 40
 1264 1587 1202 1523 47
 1265 1588 1203 1325 43
 1266 1589 1203 1345 47
 1267 1590 1203 1524 33
 1268 1591 1204 1279 32
 1269 1592 1204 1536 35
 1270 1593 1205 1380 56
 1271 1594 1206 1599 51
 1272 1596 1209 1479 46
 1273 1599 1212 1213 46
 1274 1601 1212 1582 37
 1275 1603 1213 1336 43
 1276 1604 1213 1593 34
 1277 1605 1213 1594 34
 1278 1606 1214 1504 34
 1279 1607 1215 1249 38
 1280 1608 1217 1348 40
 1281 1609 1217 1444 53
 1282 1611 1219 1505 27
 1283 1613 1223 1250 34
 1284 1616 1226 1261 33
 1285 1617 1226 1383 35
 1286 1618 1227 1260 32
 1287 1619 1228 1368 35
 1288 1620 1230 1498 49
 1289 1621 1231 1499 53
 1290 1622 1233 1312 54
 1291 1623 1233 1363 39
 1292 1624 1233 1382 55
 1293 1625 1233 1526 43
 1294 1626 1233 1599 53
 1295 1627 1234 1347 49
 1296 1628 1234 1564 45
 1297 1630 1239 1535 38
 1298 1631 1239 1565 38
 1299 1632 1241 1518 46
 1300 1634 1243 1251 34
 1301 1635 1244 1311 45
 1302 1636 1244 1326 39
 1303 1637 1244 1330 35
 1304 1638 1244 1546 35
 1305 1639 1245 1291 43
 1306 1641 1245 1425 33
 1307 1644 1248 1375 51
 1308 1645 1248 1390 51
 1309 1646 1249 1427 44
 1310 1647 1250 1251 36
 1311 1648 1250 1271 34
 1312 1649 1250 1290 33
 1313 1650 1250 1310 32
 1314 1651 1250 1403 34
 1315 1652 1251 1487 34
 1316 1654 1253 1514 46
 1317 1655 1253 1544 49
 1318 1658 1257 1508 46
 1319 1659 1259 1336 43
 1320 1660 1259 1563 39
 1321 1661 1260 1261 33
 1322 1663 1262 1337 36
 1323 1664 1262 1528 39
 1324 1666 1265 1313 51
 1325 1667 1265 1503 48
 1326 1668 1267 1292 50
 1327 1669 1269 1543 39
 1328 1673 1275 1545 44
 1329 1674 1276 1392 47
 1330 1675 1276 1536 39
 1331 1676 1277 1339 45
 1332 1677 1277 1500 45
 1333 1678 1278 1569 33
 1334 1679 1283 1454 32
 1335 1681 1284 1417 45
 1336 1682 1285 1298 31
 1337 1683 1285 1408 46
 1338 1685 1290 1495 34
 1339 1686 1291 1435 33
 1340 1687 1293 1467 38
 1341 1688 1293 1577 32
 1342 1689 1294 1577 31
 1343 1690 1295 1328 43
 1344 1691 1295 1475 47
 1345 1693 1298 1418 32
 1346 1694 1301 1342 57
 1347 1695 1303 1507 48
 1348 1696 1303 1598 47
 1349 1699 1307 1538 35
 1350 1700 1308 1420 31
 1351 1701 1309 1562 30
 1352 1702 1309 1802 37
 1353 1703 1310 1462 37
 1354 1704 1311 1329 30
 1355 1708 1319 1580 47
 1356 1711 1323 1360 58
 1357 1712 1329 1538 38
 1358 1713 1329 1587 36
 1359 1714 1330 1587 31
 1360 1717 1335 1374 57
 1361 1718 1339 1503 40
 1362 1720 1343 1344 47
 1363 1721 1343 1574 44
 1364 1722 1344 1520 32
 1365 1723 1346 1426 34
 1366 1724 1346 1527 43
 1367 1725 1346 1579 39
 1368 1726 1347 1553 54
 1369 1727 1351 1452 32
 1370 1728 1351 1494 41
 1371 1730 1353 1539 46
 1372 1731 1356 1390 32
 1373 1732 1360 1476 47
 1374 1734 1362 1570 32
 1375 1735 1363 1499 48
 1376 1737 1366 1502 44
 1377 1738 1367 1432 43
 1378 1739 1369 1533 46
 1379 1740 1369 1601 48
 1380 1743 1373 1524 36
 1381 1744 1375 1376 33
 1382 1745 1375 1445 33
 1383 1746 1376 1392 32
 1384 1747 1376 1538 32
 1385 1749 1378 1540 32
 1386 1750 1379 1388 34
 1387 1752 1382 1383 49
 1388 1753 1383 1482 52
 1389 1754 1383 1576 33
 1390 1755 1384 1565 51
 1391 1757 1388 1552 33
 1392 1758 1389 1537 60
 1393 1760 1393 1394 49
 1394 1761 1394 1502 52
 1395 1763 1397 1443 37
 1396 1764 1398 1416 47
 1397 1765 1398 1544 49
 1398 1772 1407 1581 32
 1399 1773 1408 1411 39
 1400 1774 1410 1601 46
 1401 1776 1413 1556 35
 1402 1777 1414 1430 32
 1403 1778 1415 1453 33
 1404 1779 1415 1537 41
 1405 1780 1416 1440 53
 1406 1781 1416 1514 47
 1407 1783 1417 1548 46
 1408 1785 1421 1422 47
 1409 1786 1421 1423 57
 1410 1787 1423 1463 57
 1411 1788 1424 1445 34
 1412 1789 1426 1489 34
 1413 1790 1427 1431 45
 1414 1791 1427 1432 35
 1415 1792 1430 1595 38
 1416 1793 1431 1432 33
 1417 1794 1431 1489 49
 1418 1797 1435 1475 47
 1419 1798 1435 1518 45
 1420 1801 1439 1513 46
 1421 1804 1443 1540 29
 1422 1811 1461 1533 34
 1423 1812 1461 1600 39
 1424 1814 1469 1470 58
 1425 1815 1469 1515 54
 1426 1818 1477 1574 47
 1427 1819 1483 1503 42
 1428 1820 1484 1502 47
 1429 1821 1486 1549 39
 1430 1822 1487 1492 34
 1431 1823 1490 1491 59
 1432 1825 1494 1537 44
 1433 1828 1498 1526 40
 1434 1829 1502 1503 45
 1435 1830 1502 1515 56
 1436 1831 1504 1534 48
 1437 1833 1505 1557 34
 1438 1834 1506 1508 34
 1439 1835 1506 1517 37
 1440 1836 1507 1517 34
 1441 1844 1540 1583 42
 1442 1846 1548 1579 44
 1443 1847 1560 1578 45
 1444 1849 1563 1564 43
 1445 1850 1565 1573 48
 1446 1853 1580 1581 44
 1447 1854 1582 1586 36
 1448 1857 1602 1729 62
 1449 1858 1602 2001 52
 1450 1860 1603 1759 55
 1451 1861 1603 2103 49
 1452 1863 1606 1673 35
 1453 1864 1606 2095 35
 1454 1865 1607 1809 41
 1455 1866 1607 2226 31
 1456 1867 1608 1687 43
 1457 1868 1608 1826 50
 1458 1869 1609 1700 46
 1459 1870 1609 1823 58
 1460 1871 1609 2087 57
 1461 1873 1610 1623 33
 1462 1874 1610 1987 32
 1463 1875 1612 1641 52
 1464 1876 1612 1662 48
 1465 1877 1613 1859 35
 1466 1878 1613 1921 32
 1467 1881 1616 1848 48
 1468 1882 1616 2071 44
 1469 1883 1617 1618 47
 1470 1884 1617 1840 35
 1471 1886 1618 1619 34
 1472 1887 1618 1651 32
 1473 1889 1619 1777 29
 1474 1890 1619 1839 33
 1475 1893 1620 1897 46
 1476 1894 1620 2059 35
 1477 1895 1622 1894 34
 1478 1896 1622 2076 42
 1479 1897 1623 1830 35
 1480 1898 1623 1832 47
 1481 1899 1623 2383 35
 1482 1900 1624 1734 36
 1483 1901 1624 1889 33
 1484 1902 1624 1898 33
 1485 1903 1624 2383 36
 1486 1908 1628 2107 33
 1487 1909 1628 2112 47
 1488 1910 1629 1659 46
 1489 1911 1629 1823 42
 1490 1914 1632 1664 42
 1491 1915 1632 1693 49
 1492 1916 1633 1874 46
 1493 1917 1633 1906 47
 1494 1918 1634 1860 42
 1495 1919 1634 2113 50
 1496 1921 1635 1743 34
 1497 1922 1635 1810 31
 1498 1923 1637 1748 52
 1499 1925 1637 1932 47
 1500 1927 1638 1990 55
 1501 1928 1638 2044 57
 1502 1929 1638 2070 42
 1503 1930 1639 1735 48
 1504 1931 1639 2103 55
 1505 1932 1640 1903 63
 1506 1933 1640 2015 57
 1507 1934 1641 2020 54
 1508 1939 1644 1761 34
 1509 1940 1644 1971 41
 1510 1941 1645 1650 58
 1511 1942 1645 1776 54
 1512 1943 1646 1655 47
 1513 1944 1646 1674 38
 1514 1946 1647 1731 51
 1515 1947 1647 1767 33
 1516 1952 1649 1752 41
 1517 1953 1649 1884 47
 1518 1954 1649 1948 53
 1519 1955 1649 1956 46
 1520 1956 1650 1930 41
 1521 1957 1650 1931 50
 1522 1958 1650 2068 33
 1523 1959 1650 2077 43
 1524 1960 1651 1916 33
 1525 1961 1652 1663 58
 1526 1962 1652 1804 47
 1527 1963 1653 1918 37
 1528 1964 1653 2018 35
 1529 1965 1654 1669 49
 1530 1966 1654 1950 53
 1531 1967 1655 1901 44
 1532 1968 1656 1673 44
 1533 1969 1656 1917 34
 1534 1970 1657 2002 51
 1535 1971 1657 2106 45
 1536 1972 1658 1693 43
 1537 1973 1658 1845 44
 1538 1974 1658 1913 36
 1539 1975 1658 2078 44
 1540 1976 1659 1985 47
 1541 1979 1661 1667 30
 1542 1980 1661 1804 37
 1543 1981 1662 1788 58
 1544 1982 1662 1826 45
 1545 1983 1663 1992 53
 1546 1985 1664 1775 49
 1547 1986 1664 2020 53
 1548 1987 1666 1667 47
 1549 1988 1666 1983 49
 1550 1989 1667 2038 32
 1551 1993 1669 1700 53
 1552 1994 1669 1758 52
 1553 1998 1673 1986 45
 1554 1999 1674 1854 42
 1555 2000 1674 1893 41
 1556 2001 1674 1918 43
 1557 2002 1675 1684 41
 1558 2003 1675 1917 33
 1559 2004 1676 1864 30
 1560 2005 1676 1945 34
 1561 2010 1680 1681 35
 1562 2011 1680 1921 35
 1563 2012 1680 1960 33
 1564 2014 1680 2012 38
 1565 2015 1681 1834 33
 1566 2016 1681 1859 40
 1567 2017 1681 1904 42
 1568 2018 1681 2096 37
 1569 2019 1682 1683 33
 1570 2020 1682 2029 31
 1571 2021 1683 1684 33
 1572 2022 1684 2015 39
 1573 2025 1686 1720 54
 1574 2026 1686 1827 47
 1575 2027 1686 1962 56
 1576 2029 1687 1983 52
 1577 2030 1688 1835 32
 1578 2031 1688 2086 29
 1579 2036 1691 1861 37
 1580 2037 1691 1874 44
 1581 2039 1694 1832 47
 1582 2040 1694 1963 55
 1583 2044 1701 1912 36
 1584 2045 1701 1922 39
 1585 2046 1703 1788 35
 1586 2047 1703 1951 48
 1587 2048 1704 1956 43
 1588 2049 1704 2112 45
 1589 2050 1705 1814 55
 1590 2051 1705 1974 55
 1591 2055 1709 2046 52
 1592 2056 1709 2112 52
 1593 2060 1712 1760 61
 1594 2061 1712 1762 51
 1595 2064 1715 1748 47
 1596 2065 1715 2022 50
 1597 2066 1716 1739 45
 1598 2067 1716 1847 45
 1599 2070 1717 1967 31
 1600 2071 1717 2108 33
 1601 2072 1719 2085 50
 1602 2073 1719 2087 36
 1603 2074 1720 2071 47
 1604 2077 1723 1731 34
 1605 2078 1723 1838 32
 1606 2079 1724 1795 56
 1607 2080 1724 1906 58
 1608 2082 1726 1727 43
 1609 2083 1726 1756 41
 1610 2084 1726 1766 52
 1611 2085 1727 1825 42
 1612 2088 1729 1787 59
 1613 2089 1730 1884 45
 1614 2090 1730 1981 43
 1615 2092 1733 1735 49
 1616 2093 1733 1737 53
 1617 2094 1734 1767 33
 1618 2096 1734 1830 32
 1619 2098 1737 1993 51
 1620 2100 1739 1959 36
 1621 2101 1739 1969 32
 1622 2104 1742 1743 30
 1623 2105 1742 1963 46
 1624 2106 1744 1901 44
 1625 2107 1744 1906 43
 1626 2108 1744 1999 30
 1627 2109 1745 2043 54
 1628 2110 1746 1862 46
 1629 2111 1746 2085 35
 1630 2113 1747 2041 46
 1631 2114 1747 2044 45
 1632 2115 1747 2056 38
 1633 2118 1748 2055 37
 1634 2119 1748 2061 44
 1635 2120 1748 2114 30
 1636 2124 1752 1783 43
 1637 2125 1753 1772 41
 1638 2128 1756 1794 56
 1639 2130 1758 1822 50
 1640 2131 1759 1801 55
 1641 2132 1760 1863 30
 1642 2133 1760 1888 51
 1643 2134 1760 1964 44
 1644 2135 1761 1855 43
 1645 2136 1761 1883 45
 1646 2137 1761 2234 41
 1647 2139 1766 1935 53
 1648 2144 1772 1801 52
 1649 2147 1776 1777 29
 1650 2148 1776 1942 36
 1651 2149 1778 1782 47
 1652 2150 1778 1919 42
 1653 2153 1781 1920 43
 1654 2154 1781 2077 44
 1655 2155 1782 1783 37
 1656 2156 1784 1919 36
 1657 2157 1784 2067 37
 1658 2161 1789 1790 45
 1659 2162 1789 1919 38
 1660 2163 1790 2113 46
 1661 2166 1794 1796 53
 1662 2167 1795 1894 47
 1663 2168 1796 1843 48
 1664 2169 1796 1878 46
 1665 2173 1802 2092 31
 1666 2175 1807 1829 34
 1667 2176 1807 1839 32
 1668 2177 1809 1964 36
 1669 2179 1810 2090 33
 1670 2181 1812 1865 38
 1671 2182 1812 1865 38
 1672 2185 1814 1969 46
 1673 2186 1814 2069 54
 1674 2189 1818 1819 34
 1675 2190 1818 2068 30
 1676 2191 1819 1885 48
 1677 2193 1822 1828 53
 1678 2195 1822 1952 54
 1679 2196 1823 1910 53
 1680 2197 1823 2084 48
 1681 2198 1824 1906 56
 1682 2199 1824 1926 52
 1683 2200 1825 2101 37
 1684 2201 1827 1985 46
 1685 2202 1828 2098 50
 1686 2203 1829 1942 33
 1687 2204 1830 1838 33
 1688 2205 1831 1846 33
 1689 2206 1831 1864 29
 1690 2207 1833 1976 43
 1691 2208 1833 2047 43
 1692 2209 1834 1960 33
 1693 2210 1835 1944 36
 1694 2211 1836 1975 49
 1695 2212 1836 2102 51
 1696 2213 1837 1962 49
 1697 2214 1837 2102 58
 1698 2215 1839 2010 55
 1699 2216 1839 2100 33
 1700 2217 1840 2010 47
 1701 2220 1843 2000 53
 1702 2222 1845 1939 60
 1703 2223 1845 1945 34
 1704 2224 1846 1992 53
 1705 2225 1846 2080 47
 1706 2226 1847 1925 45
 1707 2227 1848 1939 41
 1708 2229 1850 1945 50
 1709 2230 1850 1991 46
 1710 2232 1853 1926 52
 1711 2233 1853 1986 46
 1712 2234 1854 1924 44
 1713 2235 1855 2101 41
 1714 2236 1856 1986 56
 1715 2237 1856 2047 36
 1716 2239 1860 1862 46
 1717 2240 1861 2093 57
 1718 2241 1863 2023 39
 1719 2244 1865 1963 44
 1720 2245 1865 2090 51
 1721 2249 1869 1877 53
 1722 2250 1869 1978 50
 1723 2251 1873 1881 47
 1724 2253 1873 2013 52
 1725 2254 1873 2070 45
 1726 2255 1875 1876 50
 1727 2256 1875 1877 52
 1728 2257 1876 1878 52
 1729 2258 1877 1880 52
 1730 2260 1878 1935 55
 1731 2261 1880 1932 45
 1732 2262 1880 1947 47
 1733 2263 1880 2050 43
 1734 2264 1881 2000 45
 1735 2265 1881 2033 44
 1736 2266 1881 2035 51
 1737 2267 1881 2079 44
 1738 2269 1882 2273 50
 1739 2270 1882 2333 48
 1740 2271 1883 2064 39
 1741 2272 1883 2244 55
 1742 2273 1883 2278 54
 1743 2274 1884 2061 41
 1744 2276 1885 1934 40
 1745 2279 1888 1943 53
 1746 2281 1889 1987 38
 1747 2282 1891 1892 47
 1748 2283 1891 2021 49
 1749 2284 1892 2041 35
 1750 2285 1893 1923 40
 1751 2286 1895 1900 31
 1752 2287 1895 1927 46
 1753 2289 1897 1988 48
 1754 2291 1898 2014 32
 1755 2292 1900 1903 30
 1756 2293 1900 2073 39
 1757 2294 1901 1924 34
 1758 2295 1902 2002 56
 1759 2296 1902 2073 42
 1760 2299 1906 1907 48
 1761 2301 1906 1959 39
 1762 2302 1907 1914 29
 1763 2303 1907 1929 60
 1764 2306 1910 2097 59
 1765 2307 1911 1996 49
 1766 2308 1911 2112 47
 1767 2309 1912 2096 36
 1768 2310 1913 2086 31
 1769 2312 1914 1975 34
 1770 2313 1914 2038 47
 1771 2314 1916 2100 34
 1772 2316 1920 2072 46
 1773 2317 1921 1922 48
 1774 2318 1921 1995 43
 1775 2319 1922 2012 33
 1776 2320 1922 2080 47
 1777 2321 1923 2076 41
 1778 2322 1925 1933 55
 1779 2323 1927 2073 33
 1780 2324 1929 2018 48
 1781 2325 1930 2074 46
 1782 2326 1931 1977 50
 1783 2327 1933 2095 53
 1784 2328 1934 1988 46
 1785 2333 1943 1993 48
 1786 2334 1944 2049 34
 1787 2336 1947 1948 54
 1788 2338 1950 1951 51
 1789 2339 1952 1953 53
 1790 2340 1953 2093 56
 1791 2341 1955 1956 52
 1792 2342 1955 2033 53
 1793 2347 1965 2048 35
 1794 2348 1965 2084 50
 1795 2349 1966 2090 47
 1796 2350 1966 2114 51
 1797 2351 1967 1987 48
 1798 2352 1968 2048 46
 1799 2353 1968 2113 51
 1800 2354 1970 1999 29
 1801 2355 1970 2038 38
 1802 2356 1971 2047 34
 1803 2358 1974 1976 62
 1804 2359 1977 2037 33
 1805 2360 1978 2013 56
 1806 2364 1981 1987 46
 1807 2366 1987 2014 32
 1808 2367 1988 2108 34
 1809 2368 1989 1991 45
 1810 2369 1989 2049 36
 1811 2370 1990 2079 49
 1812 2371 1995 2078 46
 1813 2372 1996 2085 50
 1814 2373 2001 2023 47
 1815 2384 2021 2056 46
 1816 2385 2021 2058 49
 1817 2386 2022 2035 45
 1818 2387 2022 2037 49
 1819 2389 2029 2064 33
 1820 2391 2034 2050 52
 1821 2392 2034 2058 47
 1822 2395 2037 2055 52
 1823 2396 2038 2106 38
 1824 2399 2046 2069 50
 1825 2403 2059 2091 33
 1826 2404 2067 2107 34
 1827 2405 2072 2074 46
 1828 2409 2088 2089 42
 1829 2410 2088 2092 33
 1830 2411 2090 2091 33
 1831 2412 2097 2099 54
 1832 2413 2098 2099 57
 1833 2415 2116 2166 59
 1834 2416 2116 2167 49
 1835 2417 2117 2216 37
 1836 2418 2117 2235 35
 1837 2419 2118 2131 50
 1838 2420 2118 2134 52
 1839 2421 2119 2123 38
 1840 2422 2119 2220 34
 1841 2424 2119 2368 35
 1842 2425 2119 2368 35
 1843 2427 2120 2245 40
 1844 2428 2120 2365 49
 1845 2430 2121 2158 33
 1846 2431 2121 2199 32
 1847 2432 2121 2380 31
 1848 2434 2123 2306 50
 1849 2435 2124 2129 56
 1850 2436 2124 2250 42
 1851 2437 2124 2308 53
 1852 2438 2125 2229 35
 1853 2439 2125 2377 35
 1854 2440 2126 2132 50
 1855 2441 2126 2194 51
 1856 2442 2127 2284 52
 1857 2443 2127 2290 51
 1858 2445 2129 2193 52
 1859 2447 2131 2306 41
 1860 2448 2132 2196 58
 1861 2451 2134 2194 52
 1862 2453 2135 2164 32
 1863 2454 2135 2268 33
 1864 2455 2136 2251 52
 1865 2456 2136 2282 57
 1866 2457 2137 2142 54
 1867 2459 2137 2348 50
 1868 2460 2138 2139 49
 1869 2461 2138 2169 48
 1870 2462 2138 2173 54
 1871 2463 2138 2377 56
 1872 2464 2139 2255 61
 1873 2465 2139 2304 55
 1874 2467 2140 2349 33
 1875 2468 2140 2349 33
 1876 2469 2141 2345 49
 1877 2470 2141 2357 47
 1878 2471 2142 2316 50
 1879 2472 2143 2187 55
 1880 2473 2143 2294 38
 1881 2477 2147 2169 47
 1882 2478 2147 2233 54
 1883 2481 2150 2229 44
 1884 2482 2150 2322 39
 1885 2483 2151 2164 31
 1886 2484 2151 2323 32
 1887 2485 2152 2260 56
 1888 2486 2152 2290 55
 1889 2488 2154 2200 46
 1890 2489 2154 2303 42
 1891 2490 2155 2360 30
 1892 2491 2155 2362 40
 1893 2492 2156 2157 35
 1894 2493 2156 2366 32
 1895 2494 2157 2158 38
 1896 2495 2157 2214 38
 1897 2496 2157 2351 45
 1898 2497 2158 2213 33
 1899 2498 2159 2160 41
 1900 2499 2159 2165 54
 1901 2500 2159 2251 37
 1902 2501 2159 2284 56
 1903 2502 2159 2375 35
 1904 2503 2160 2279 48
 1905 2504 2161 2298 38
 1906 2505 2161 2375 39
 1907 2508 2165 2233 53
 1908 2509 2165 2263 61
 1909 2510 2165 2296 50
 1910 2511 2165 2328 43
 1911 2512 2166 2168 48
 1912 2513 2166 2171 48
 1913 2514 2166 2282 53
 1914 2516 2166 2338 59
 1915 2517 2167 2169 49
 1916 2518 2167 2286 47
 1917 2519 2167 2287 52
 1918 2521 2168 2263 52
 1919 2522 2168 2275 55
 1920 2524 2169 2299 32
 1921 2526 2170 2205 46
 1922 2527 2170 2206 49
 1923 2528 2170 2241 49
 1924 2529 2170 2275 54
 1925 2530 2170 2327 34
 1926 2531 2170 2367 49
 1927 2532 2171 2330 48
 1928 2533 2172 2173 37
 1929 2534 2172 2180 33
 1930 2535 2172 2341 53
 1931 2536 2172 2356 53
 1932 2537 2173 2179 47
 1933 2538 2173 2332 34
 1934 2539 2174 2257 54
 1935 2540 2174 2267 50
 1936 2544 2177 2232 54
 1937 2545 2177 2352 49
 1938 2546 2178 2199 35
 1939 2547 2178 2209 38
 1940 2548 2179 2299 46
 1941 2549 2180 2332 33
 1942 2553 2184 2286 51
 1943 2554 2184 2296 53
 1944 2556 2186 2188 51
 1945 2557 2186 2193 58
 1946 2558 2186 2309 54
 1947 2559 2187 2221 42
 1948 2560 2187 2225 50
 1949 2561 2187 2352 57
 1950 2562 2188 2221 45
 1951 2563 2188 2324 49
 1952 2566 2191 2228 34
 1953 2567 2191 2250 48
 1954 2568 2191 2276 52
 1955 2569 2191 2335 38
 1956 2570 2192 2237 52
 1957 2571 2192 2274 48
 1958 2572 2195 2196 35
 1959 2573 2195 2212 43
 1960 2574 2195 2336 47
 1961 2575 2195 2368 47
 1962 2576 2196 2204 50
 1963 2577 2196 2220 54
 1964 2579 2197 2274 47
 1965 2580 2197 2333 45
 1966 2581 2198 2258 60
 1967 2582 2198 2272 38
 1968 2583 2200 2361 39
 1969 2586 2203 2205 51
 1970 2588 2203 2328 49
 1971 2589 2204 2210 53
 1972 2590 2206 2356 50
 1973 2592 2208 2255 60
 1974 2593 2208 2341 48
 1975 2594 2209 2351 34
 1976 2595 2210 2316 53
 1977 2596 2211 2214 33
 1978 2597 2211 2224 32
 1979 2598 2212 2295 43
 1980 2599 2213 2224 36
 1981 2600 2215 2217 58
 1982 2601 2215 2278 54
 1983 2602 2216 2218 37
 1984 2603 2217 2237 51
 1985 2604 2218 2245 44
 1986 2607 2221 2223 47
 1987 2608 2221 2238 51
 1988 2609 2222 2227 35
 1989 2610 2222 2352 41
 1990 2611 2223 2240 47
 1991 2612 2224 2318 34
 1992 2613 2225 2276 49
 1993 2614 2226 2362 43
 1994 2615 2227 2339 35
 1995 2616 2228 2267 55
 1996 2617 2229 2230 35
 1997 2618 2230 2355 35
 1998 2619 2231 2236 52
 1999 2620 2231 2334 56
 2000 2621 2232 2292 44
 2001 2622 2232 2362 43
 2002 2623 2233 2259 33
 2003 2624 2233 2259 33
 2004 2625 2234 2361 45
 2005 2626 2235 2257 32
 2006 2627 2236 2359 31
 2007 2629 2237 2273 54
 2008 2630 2238 2298 50
 2009 2631 2239 2268 44
 2010 2632 2239 2380 33
 2011 2633 2240 2335 48
 2012 2634 2241 2338 47
 2013 2635 2242 2246 58
 2014 2636 2242 2280 55
 2015 2637 2243 2309 49
 2016 2638 2243 2324 45
 2017 2639 2244 2310 50
 2018 2641 2246 2258 60
 2019 2643 2249 2262 49
 2020 2646 2254 2323 33
 2021 2647 2254 2380 34
 2022 2648 2256 2283 55
 2023 2649 2256 2287 54
 2024 2650 2257 2258 54
 2025 2651 2257 2260 48
 2026 2652 2257 2262 50
 2027 2653 2258 2261 41
 2028 2654 2260 2261 49
 2029 2655 2260 2271 49
 2030 2656 2260 2331 49
 2031 2658 2261 2272 55
 2032 2659 2261 2365 43
 2033 2660 2264 2270 49
 2034 2661 2264 2271 50
 2035 2662 2265 2355 37
 2036 2663 2265 2378 43
 2037 2664 2270 2272 47
 2038 2665 2273 2274 52
 2039 2666 2273 2310 45
 2040 2669 2279 2280 57
 2041 2670 2281 2334 52
 2042 2671 2281 2338 55
 2043 2672 2283 2326 54
 2044 2674 2288 2344 55
 2045 2675 2288 2345 33
 2046 2678 2292 2308 45
 2047 2679 2293 2327 33
 2048 2680 2293 2330 46
 2049 2681 2294 2336 36
 2050 2682 2295 2379 47
 2051 2683 2300 2304 55
 2052 2684 2300 2353 36
 2053 2685 2300 2354 56
 2054 2686 2303 2343 57
 2055 2691 2317 2329 34
 2056 2692 2317 2350 31
 2057 2693 2318 2321 32
 2058 2695 2321 2323 34
 2059 2696 2322 2323 45
 2060 2697 2323 2329 46
 2061 2698 2323 2380 33
 2062 2699 2324 2359 41
 2063 2700 2324 2379 58
 2064 2701 2326 2367 48
 2065 2702 2339 2340 59
 2066 2703 2339 2342 45
 2067 2704 2339 2343 58
 2068 2705 2342 2343 32
 2069 2706 2342 2344 52
 2070 2707 2342 2347 33
 2071 2708 2342 2347 40
 2072 2709 2348 2379 61
 2073 2710 2350 2366 38
 2074 2711 2353 2378 46
 2075 2712 2354 2377 50
 2076 2713 2357 2358 56
 2077 2714 2357 2363 61
 2078 2715 2357 2372 48
 2079 2716 2357 2372 48
 2080 2717 2358 2361 58
 2081 2718 2360 2363 55
 2082 2719 2361 2362 48
 2083 2722 2377 2378 36
 2084 2723 2380 2381 53
 2085 2725 355 1 41
 2086 2726 354 2 38
 2087 2727 219 3 29
 2088 2728 220 3 50
 2089 2729 245 4 58
 2090 2730 246 4 51
 2091 2731 5 6 54
 2092 2732 309 5 53
 2093 2733 309 5 51
 2094 2734 310 6 55
 2095 2735 321 7 65
 2096 2736 322 7 70
 2097 2737 332 9 51
 2098 2738 346 10 49
 2099 2739 347 10 57
 2100 2740 352 11 54
 2101 2741 353 11 58
 2102 2742 359 12 61
 2103 2743 360 12 58
 2104 2744 365 13 69
 2105 2745 366 13 42
 2106 2746 367 14 45
 2107 2747 368 14 62
 2108 2748 374 15 63
 2109 2749 16 18 38
 2110 2750 17 18 42
 2111 2751 425 19 58
 2112 2752 447 20 40
 2113 2753 448 20 34
 2114 2754 502 21 52
 2115 2755 526 22 60
 2116 2756 527 22 59
 2117 2757 540 23 46
 2118 2758 545 24 51
 2119 2759 564 25 49
 2120 2760 568 26 50
 2121 2761 29 32 46
 2122 2762 613 29 62
 2123 2763 615 33 34
 2124 2764 617 35 57
 2125 2765 644 36 47
 2126 2766 645 36 49
 2127 2767 663 37 50
 2128 2769 679 40 30
 2129 2770 41 43 41
 2130 2771 689 42 48
 2131 2772 706 47 41
 2132 2773 707 47 32
 2133 2774 717 48 38
 2134 2775 716 49 41
 2135 2776 726 50 51
 2136 2777 727 51 54
 2137 2778 754 52 50
 2138 2779 778 55 49
 2139 2780 796 56 35
 2140 2781 821 59 60
 2141 2782 834 60 41
 2142 2783 836 60 42
 2143 2784 66 67 34
 2144 2785 911 67 35
 2145 2786 912 67 34
 2146 2787 978 68 52
 2147 2788 979 68 48
 2148 2789 995 69 57
 2149 2790 996 69 41
 2150 2791 1059 71 49
 2151 2793 73 75 25
 2152 2794 74 76 28
 2153 2795 1095 77 49
 2154 2796 1096 77 28
 2155 2797 1106 78 40
 2156 2798 1114 80 39
 2157 2799 1115 81 40
 2158 2800 1138 82 41
 2159 2801 1139 82 52
 2160 2802 1141 83 40
 2161 2803 1192 84 50
 2162 2804 1182 85 47
 2163 2805 1184 86 49
 2164 2806 1213 87 51
 2165 2807 1217 89 48
 2166 2808 1244 90 47
 2167 2809 1343 91 60
 2168 2810 1382 92 57
 2169 2811 1384 92 54
 2170 2812 1418 93 47
 2171 2813 1426 96 45
 2172 2815 1502 98 60
 2173 2816 1504 100 45
 2174 2817 1505 101 48
 2175 2818 1524 102 54
 2176 2819 103 106 30
 2177 2820 1536 103 41
 2178 2821 1538 104 39
 2179 2822 1552 107 44
 2180 2823 1553 107 55
 2181 2824 1603 111 34
 2182 2825 1623 113 45
 2183 2826 1624 113 30
 2184 2827 1647 114 37
 2185 2828 1649 115 35
 2186 2829 1650 116 36
 2187 2830 1655 117 46
 2188 2831 1680 118 59
 2189 2832 1686 120 59
 2190 2833 1687 120 50
 2191 2834 1747 121 49
 2192 2835 1748 121 47
 2193 2836 1760 123 42
 2194 2837 1762 123 55
 2195 2838 1764 123 40
 2196 2839 1761 124 43
 2197 2840 1763 124 36
 2198 2841 1775 125 47
 2199 2842 126 127 59
 2200 2843 1814 129 46
 2201 2844 1822 130 57
 2202 2845 1823 130 49
 2203 2846 131 133 44
 2204 2847 1839 131 58
 2205 2848 132 134 45
 2206 2849 1840 132 53
 2207 2850 1845 135 54
 2208 2851 1846 135 52
 2209 2852 1880 138 42
 2210 2853 1881 138 47
 2211 2854 1882 140 53
 2212 2855 1902 141 48
 2213 2856 1903 141 51
 2214 2857 1904 142 49
 2215 2859 143 145 45
 2216 2860 1907 144 45
 2217 2861 1906 145 54
 2218 2862 1919 147 49
 2219 2863 1920 148 45
 2220 2864 1925 149 54
 2221 2865 1987 150 47
 2222 2866 1988 151 37
 2223 2867 2090 152 39
 2224 2868 2112 154 46
 2225 2869 2113 154 38
 2226 2870 2134 155 56
 2227 2871 156 158 47
 2228 2872 2157 157 49
 2229 2873 2165 159 57
 2230 2874 2166 160 48
 2231 2875 2170 161 48
 2232 2876 2169 162 44
 2233 2877 163 165 66
 2234 2878 2188 163 47
 2235 2879 2186 164 45
 2236 2880 2187 165 66
 2237 2881 2195 166 52
 2238 2882 2196 167 48
 2239 2883 2258 169 53
 2240 2884 2260 170 44
 2241 2885 2261 171 50
 2242 2886 2339 172 62
 2243 2887 2340 173 58
 2244 2888 2357 174 61
 2245 2889 2357 175 62
 2246 2890 2377 176 51
 2247 2891 2378 176 51
 2248 2892 2380 178 47
 2249 2893 2381 179 47
 2250 2894 1764 1760 48
 2251 2895 1763 1761 44
