  psseraw:file=input/case2383busPsse30_rev21.raw&lowx=adjust
 -1  31  125  -1 0.30035067 0.0  2842  126  127 0.30035067 4.6
 -2  1989  1667  2038 0.42496252 0.0  2842  126  127 0.42496252 4.6
 -2  165  120  130 0.60264254 0.0  2842  126  127 0.60264254 4.6
 -2  2224  1846  1992 0.18737793 0.0  2842  126  127 0.18737793 4.6
 -2  1979  1661  1667 0.38011694 0.0  2842  126  127 0.38011694 4.6
 -2  1962  1652  1804 0.30945015 0.0  2842  126  127 0.30945015 4.6
 -2  1986  1664  2020 0.17673635 0.0  2842  126  127 0.17673635 4.6
 -2  1876  1612  1662 0.22628355 0.0  2842  126  127 0.22628355 4.6
 -2  1981  1662  1788 0.25093555 0.0  2842  126  127 0.25093555 4.6
 -2  2047  1703  1951 0.3237567 0.0  2842  126  127 0.3237567 4.6
 -2  1965  1654  1669 0.3907833 0.0  2842  126  127 0.3907833 4.6
 -2  2214  1837  2102 0.2995658 0.0  2842  126  127 0.2995658 4.6
 -2  2027  1686  1962 0.24842072 0.0  2842  126  127 0.24842072 4.6
 -2  2211  1836  1975 0.33355236 0.0  2842  126  127 0.33355236 4.6
 -2  1882  1616  2071 0.3570881 0.0  2842  126  127 0.3570881 4.6
 -2  2222  1845  1939 0.2875805 0.0  2842  126  127 0.2875805 4.6
 -2  2029  1687  1983 0.26163244 0.0  2842  126  127 0.26163244 4.6
 -2  1987  1666  1667 0.29262924 0.0  2842  126  127 0.29262924 4.6
 -2  2201  1827  1985 0.30681038 0.0  2842  126  127 0.30681038 4.6
 -2  1911  1629  1823 0.33893633 0.0  2842  126  127 0.33893633 4.6
 -2  2026  1686  1827 0.29932547 0.0  2842  126  127 0.29932547 4.6
 -1  205  1664  -1 0.14455462 0.0  2842  126  127 0.14455462 4.6
 -2  1989  1667  2038 0.27417278 0.0  2842  126  127 0.27417278 4.6
 -2  165  120  130 0.43873787 0.0  2842  126  127 0.43873787 4.6
 -2  2224  1846  1992 0.03538418 0.0  2842  126  127 0.03538418 4.6
 -2  1979  1661  1667 0.2228713 0.0  2842  126  127 0.2228713 4.6
 -2  1962  1652  1804 0.15476608 0.0  2842  126  127 0.15476608 4.6
 -2  1986  1664  2020 0.06474924 0.0  2842  126  127 0.06474924 4.6
 -2  1876  1612  1662 0.11636257 0.0  2842  126  127 0.11636257 4.6
 -2  1981  1662  1788 0.10940218 0.0  2842  126  127 0.10940218 4.6
 -2  2047  1703  1951 0.1819787 0.0  2842  126  127 0.1819787 4.6
 -2  1965  1654  1669 0.24857521 0.0  2842  126  127 0.24857521 4.6
 -2  2214  1837  2102 0.14455128 0.0  2842  126  127 0.14455128 4.6
 -2  2027  1686  1962 0.09475374 0.0  2842  126  127 0.09475374 4.6
 -2  2211  1836  1975 0.17792416 0.0  2842  126  127 0.17792416 4.6
 -2  1882  1616  2071 0.20360756 0.0  2842  126  127 0.20360756 4.6
 -2  2222  1845  1939 0.13790512 0.0  2842  126  127 0.13790512 4.6
 -2  2029  1687  1983 0.10993433 0.0  2842  126  127 0.10993433 4.6
 -2  1987  1666  1667 0.1401062 0.0  2842  126  127 0.1401062 4.6
 -2  2201  1827  1985 0.15040922 0.0  2842  126  127 0.15040922 4.6
 -2  1911  1629  1823 0.18253231 0.0  2842  126  127 0.18253231 4.6
 -2  2026  1686  1827 0.14352322 0.0  2842  126  127 0.14352322 4.6
 -1  245  1883  -1 0.09640306 0.0  2839  1761  124 0.09640306 0.92
 -2  2137  1761  2234 0.15653473 0.0  2839  1761  124 0.15653473 0.92
 -2  2625  2234  2361 0.17848092 0.0  2839  1761  124 0.17848092 0.92
 -2  2136  1761  1883 0.07514727 0.0  2269  1882  2273 0.07514727 1.0465
 -2  2854  1882  140 0.10659152 0.0  2839  1761  124 0.10659152 0.92
 -2  2840  1763  124 0.103769004 0.0  2839  1761  124 0.103769004 0.92
 -2  2235  1855  2101 0.0 0.0  -6  -6  -6  -6  -6
 -2  2135  1761  1855 0.0 0.0  -6  -6  -6  -6  -6
 -2  1940  1644  1971 0.0 0.0  -6  -6  -6  -6  -6
 -2  2356  1971  2047 0.0 0.0  -6  -6  -6  -6  -6
 -2  2271  1883  2064 0.0 0.0  -6  -6  -6  -6  -6
 -2  2019  1682  1683 0.017525494 0.0  2839  1761  124 0.017525494 0.92
 -2  2021  1683  1684 0.039655447 0.0  2839  1761  124 0.039655447 0.92
 -2  2603  2217  2237 0.14340359 0.0  2839  1761  124 0.14340359 0.92
 -2  2273  1883  2278 0.102969944 0.0  2839  1761  124 0.102969944 0.92
 -2  2600  2215  2217 0.12575477 0.0  2839  1761  124 0.12575477 0.92
 -2  2272  1883  2244 0.10334283 0.0  2839  1761  124 0.10334283 0.92
 -2  2639  2244  2310 0.13039762 0.0  2839  1761  124 0.13039762 0.92
 -2  2236  1856  1986 0.11615759 0.0  2839  1761  124 0.11615759 0.92
 -2  2022  1684  2015 0.07156879 0.0  2839  1761  124 0.07156879 0.92
 -2  1932  1640  1903 0.14339954 0.0  2839  1761  124 0.14339954 0.92
 -1  159  117  140 0.05039382 0.0  1939  1644  1761 0.05039382 1.035
 -2  2356  1971  2047 0.0 0.0  -6  -6  -6  -6  -6
 -2  1940  1644  1971 0.0 0.0  -6  -6  -6  -6  -6
 -2  2236  1856  1986 0.0 0.0  -6  -6  -6  -6  -6
 -2  2207  1833  1976 0.0 0.0  -6  -6  -6  -6  -6
 -2  2050  1705  1814 0.19343364 0.0  1939  1644  1761 0.15128827 1.035
 -2  2050  1705  1814 0.19343364 0.0  1940  1644  1971 0.04214537 1.035
 -2  2389  2029  2064 0.58261514 0.0  1939  1644  1761 0.318035 1.035
 -2  2389  2029  2064 0.58261514 0.0  1940  1644  1971 0.21419632 1.035
 -2  2389  2029  2064 0.58261514 0.0  2356  1971  2047 0.050383806 1.035
 -2  2020  1682  2029 0.5501729 0.0  1939  1644  1761 0.30615485 1.035
 -2  2020  1682  2029 0.5501729 0.0  1940  1644  1971 0.20363986 1.035
 -2  2020  1682  2029 0.5501729 0.0  2356  1971  2047 0.040378213 1.035
 -2  2002  1675  1684 0.10868025 0.0  1939  1644  1761 0.09815729 1.035
 -2  2002  1675  1684 0.10868025 0.0  1940  1644  1971 0.010522962 1.035
 -2  1969  1656  1917 0.06565952 0.0  1939  1644  1761 0.06565952 1.035
 -2  2232  1853  1926 0.047062635 0.0  1939  1644  1761 0.047062635 1.035
 -2  2198  1824  1906 0.08812654 0.0  1939  1644  1761 0.08812654 1.035
 -2  2085  1727  1825 0.24277842 0.0  1939  1644  1761 0.16736889 1.035
 -2  2085  1727  1825 0.24277842 0.0  1940  1644  1971 0.07540953 1.035
 -2  2200  1825  2101 0.25165224 0.0  1939  1644  1761 0.17195928 1.035
 -2  2200  1825  2101 0.25165224 0.0  1940  1644  1971 0.07969296 1.035
 -2  2082  1726  1727 0.20481825 0.0  1939  1644  1761 0.14775598 1.035
 -2  2082  1726  1727 0.20481825 0.0  1940  1644  1971 0.05706227 1.035
 -2  2895  1763  1761 0.049182475 0.0  2839  1761  124 0.049182475 0.92
 -2  1864  1606  2095 0.05318582 0.0  1939  1644  1761 0.05318582 1.035
 -2  2843  1814  129 0.17455328 0.0  1939  1644  1761 0.13634157 1.035
 -2  2843  1814  129 0.17455328 0.0  1940  1644  1971 0.038211703 1.035
 -2  2864  1925  149 0.15225029 0.0  1939  1644  1761 0.12230539 1.035
 -2  2864  1925  149 0.15225029 0.0  1940  1644  1971 0.029944897 1.035
 -2  2255  1875  1876 0.01673317 0.0  1939  1644  1761 0.01673317 1.035
 -2  2257  1876  1878 0.036154866 0.0  1939  1644  1761 0.036154866 1.035
 -1  160  117  143 0.076773286 0.0  2830  1655  117 0.076773286 1.84
 -2  2001  1674  1918 0.0 0.0  -6  -6  -6  -6  -6
 -2  1964  1653  2018 0.0 0.0  -6  -6  -6  -6  -6
 -2  2080  1724  1906 0.12470722 0.0  2830  1655  117 0.12470722 1.84
 -2  1895  1622  1894 0.04717195 0.0  2830  1655  117 0.04717195 1.84
 -2  2321  1923  2076 0.019613504 0.0  2830  1655  117 0.019613504 1.84
 -2  2285  1893  1923 0.0027474165 0.0  2830  1655  117 0.0027474165 1.84
 -2  2000  1674  1893 0.0 0.0  -6  -6  -6  -6  -6
 -2  1944  1646  1674 0.1566292 0.0  1967  1655  1901 0.1566292 1.5755
 -2  2355  1970  2038 0.04171002 0.0  2830  1655  117 0.04171002 1.84
 -2  2108  1744  1999 0.0 0.0  -6  -6  -6  -6  -6
 -2  1939  1644  1761 0.20691693 0.0  2830  1655  117 0.20691693 1.84
 -2  2860  1907  144 0.20958078 0.0  2830  1655  117 0.20958078 1.84
 -2  2107  1744  1906 0.082112074 0.0  2830  1655  117 0.082112074 1.84
 -2  2861  1906  145 0.2002114 0.0  2830  1655  117 0.2002114 1.84
 -2  177  127  157 0.08027184 0.0  2830  1655  117 0.08027184 1.84
 -2  2233  1853  1986 0.06436491 0.0  2830  1655  117 0.06436491 1.84
 -2  2199  1824  1926 0.04036534 0.0  2830  1655  117 0.04036534 1.84
 -2  2020  1682  2029 0.3330207 0.0  1939  1644  1761 0.11895621 1.035
 -2  2020  1682  2029 0.3330207 0.0  1940  1644  1971 0.030571938 1.035
 -2  2020  1682  2029 0.3330207 0.0  2830  1655  117 0.18349254 1.84
 -2  2389  2029  2064 0.36160588 0.0  1939  1644  1761 0.1305033 1.035
 -2  2389  2029  2064 0.36160588 0.0  1940  1644  1971 0.04143071 1.035
 -2  2389  2029  2064 0.36160588 0.0  2830  1655  117 0.18967187 1.84
 -2  2240  1861  2093 0.073913455 0.0  2830  1655  117 0.073913455 1.84
 -1  170  123  144 0.20959663 0.0  159  117  140 0.17319512 3.496
 -1  170  123  144 0.20959663 0.0  1939  1644  1761 0.03640151 1.035
 -2  160  117  143 0.9074895 0.0  1939  1644  1761 0.13045001 1.035
 -2  160  117  143 0.9074895 0.0  1940  1644  1971 0.04132688 1.035
 -2  160  117  143 0.9074895 0.0  1943  1646  1655 0.0053367615 1.38
 -2  160  117  143 0.9074895 0.0  2830  1655  117 0.7005795 1.84
 -2  160  117  143 0.9074895 0.0  2839  1761  124 0.029796302 0.92
 -2  1939  1644  1761 0.46759176 0.0  159  117  140 0.46759176 3.496
 -2  177  127  157 0.33343232 0.0  159  117  140 0.27505612 3.496
 -2  177  127  157 0.33343232 0.0  1939  1644  1761 0.058376193 1.035
 -2  2389  2029  2064 0.99168134 0.0  159  117  140 0.45258594 3.496
 -2  2389  2029  2064 0.99168134 0.0  1939  1644  1761 0.30146563 1.035
 -2  2389  2029  2064 0.99168134 0.0  1940  1644  1971 0.20005417 1.035
 -2  2389  2029  2064 0.99168134 0.0  2356  1971  2047 0.037575603 1.035
 -2  2020  1682  2029 0.9460217 0.0  159  117  140 0.43915033 3.496
 -2  2020  1682  2029 0.9460217 0.0  1939  1644  1761 0.28971612 1.035
 -2  2020  1682  2029 0.9460217 0.0  1940  1644  1971 0.18955815 1.035
 -2  2020  1682  2029 0.9460217 0.0  2356  1971  2047 0.02759707 1.035
 -2  212  158  176 1.0390397 0.0  159  117  140 0.7741029 3.496
 -2  212  158  176 1.0390397 0.0  1939  1644  1761 0.161968 1.035
 -2  212  158  176 1.0390397 0.0  1940  1644  1971 0.07032001 1.035
 -2  212  158  176 1.0390397 0.0  2482  2150  2322 2.5719404E-4 0.89699996
 -2  212  158  176 1.0390397 0.0  2696  2322  2323 0.029100597 0.78199995
 -2  212  158  176 1.0390397 0.0  2839  1761  124 0.0032910109 0.92
 -2  199  141  178 0.4695295 0.0  159  117  140 0.38796616 3.496
 -2  199  141  178 0.4695295 0.0  1939  1644  1761 0.08156335 1.035
 -2  211  157  158 0.61863387 0.0  159  117  140 0.4961617 3.496
 -2  211  157  158 0.61863387 0.0  1939  1644  1761 0.1052413 1.035
 -2  211  157  158 0.61863387 0.0  1940  1644  1971 0.017230868 1.035
 -2  2237  1856  2047 0.19797063 0.0  159  117  140 0.19797063 3.496
 -2  2854  1882  140 0.2022245 0.0  159  117  140 0.14751005 3.496
 -2  2854  1882  140 0.2022245 0.0  1939  1644  1761 0.05471444 1.035
 -2  2839  1761  124 0.29561162 0.0  159  117  140 0.29561162 3.496
 -2  1969  1656  1917 0.23260331 0.0  159  117  140 0.18352938 3.496
 -2  1969  1656  1917 0.23260331 0.0  1939  1644  1761 0.049073935 1.035
 -2  2002  1675  1684 0.28985345 0.0  159  117  140 0.2083261 3.496
 -2  2002  1675  1684 0.28985345 0.0  1939  1644  1761 0.08152735 1.035
 -2  219  161  166 0.33938205 0.0  159  117  140 0.2848606 3.496
 -2  219  161  166 0.33938205 0.0  1939  1644  1761 0.05452144 1.035
 -2  202  144  147 0.20922661 0.0  159  117  140 0.17259955 3.496
 -2  202  144  147 0.20922661 0.0  1939  1644  1761 0.036627054 1.035
 -2  2840  1763  124 0.20967066 0.0  159  117  140 0.17091489 3.496
 -2  2840  1763  124 0.20967066 0.0  1939  1644  1761 0.038755774 1.035
 -2  214  159  165 0.2837181 0.0  159  117  140 0.23695064 3.496
 -2  214  159  165 0.2837181 0.0  1939  1644  1761 0.046767473 1.035
 -2  200  143  144 0.037160277 0.0  159  117  140 0.008267164 3.496
 -2  200  143  144 0.037160277 0.0  1939  1644  1761 0.028893113 1.035
 -2  180  129  148 0.28555584 0.0  159  117  140 0.22733688 3.496
 -2  180  129  148 0.28555584 0.0  1939  1644  1761 0.058218956 1.035
 -2  2233  1853  1986 0.20944965 0.0  159  117  140 0.17284918 3.496
 -2  2233  1853  1986 0.20944965 0.0  1939  1644  1761 0.03660047 1.035
 -1  2020  1682  2029 0.07400942 0.0  1939  1644  1761 0.07400942 1.035
 -2  2356  1971  2047 0.0 0.0  -6  -6  -6  -6  -6
 -2  1940  1644  1971 0.011827171 0.0  2137  1761  2234 0.011827171 0.78199995
 -2  2236  1856  1986 0.0 0.0  -6  -6  -6  -6  -6
 -2  2207  1833  1976 0.0 0.0  -6  -6  -6  -6  -6
 -2  2050  1705  1814 0.25931275 0.0  1939  1644  1761 0.18626046 1.035
 -2  2050  1705  1814 0.25931275 0.0  1940  1644  1971 0.07305229 1.035
 -2  2082  1726  1727 0.29501247 0.0  1939  1644  1761 0.1941104 1.035
 -2  2082  1726  1727 0.29501247 0.0  1940  1644  1971 0.10090208 1.035
 -2  2085  1727  1825 0.33864045 0.0  1939  1644  1761 0.21669781 1.035
 -2  2085  1727  1825 0.33864045 0.0  1940  1644  1971 0.12194264 1.035
 -2  2200  1825  2101 0.34877622 0.0  1939  1644  1761 0.22194481 1.035
 -2  2200  1825  2101 0.34877622 0.0  1940  1644  1971 0.12683141 1.035
 -2  2232  1853  1926 0.14490545 0.0  1939  1644  1761 0.11750102 1.035
 -2  2232  1853  1926 0.14490545 0.0  1940  1644  1971 0.027404428 1.035
 -2  2198  1824  1906 0.23228526 0.0  1939  1644  1761 0.16490352 1.035
 -2  2198  1824  1906 0.23228526 0.0  1940  1644  1971 0.06738174 1.035
 -2  2895  1763  1761 0.02215457 0.0  1939  1644  1761 0.02215457 1.035
 -2  1864  1606  2095 0.16866672 0.0  1939  1644  1761 0.12899756 1.035
 -2  1864  1606  2095 0.16866672 0.0  1940  1644  1971 0.039669156 1.035
 -2  1969  1656  1917 0.24306345 0.0  1932  1640  1903 0.22279394 1.0465
 -2  1969  1656  1917 0.24306345 0.0  1939  1644  1761 0.020269513 1.035
 -2  2002  1675  1684 0.04661894 0.0  1932  1640  1903 0.012874246 1.0465
 -2  2002  1675  1684 0.04661894 0.0  1939  1644  1761 0.033744693 1.035
 -2  2022  1684  2015 0.07010114 0.0  1939  1644  1761 0.07010114 1.035
 -2  1932  1640  1903 1.598647 0.0  1939  1644  1761 0.16804779 1.035
 -2  1932  1640  1903 1.598647 0.0  1940  1644  1971 0.06258142 1.035
 -2  1932  1640  1903 1.598647 0.0  1968  1656  1673 0.552865 1.0465
 -2  1932  1640  1903 1.598647 0.0  1969  1656  1917 0.41187084 1.0465
 -2  1932  1640  1903 1.598647 0.0  2002  1675  1684 0.07079792 1.0465
 -2  1932  1640  1903 1.598647 0.0  2003  1675  1917 0.22735465 1.0465
 -2  1932  1640  1903 1.598647 0.0  2322  1925  1933 0.10512936 1.035
 -2  2864  1925  149 0.29132152 0.0  1939  1644  1761 0.19555807 1.035
 -2  2864  1925  149 0.29132152 0.0  1940  1644  1971 0.095763445 1.035
 -2  2601  2215  2278 0.079660416 0.0  1939  1644  1761 0.079660416 1.035
 -2  2666  2273  2310 0.048727274 0.0  1939  1644  1761 0.048727274 1.035
 -2  2843  1814  129 0.23176754 0.0  1939  1644  1761 0.16633272 1.035
 -2  2843  1814  129 0.23176754 0.0  1940  1644  1971 0.06543481 1.035
 -1  2271  1883  2064 0.08532798 0.0  1939  1644  1761 0.08532798 1.035
 -2  2356  1971  2047 0.0 0.0  -6  -6  -6  -6  -6
 -2  1940  1644  1971 0.025592327 0.0  2137  1761  2234 0.025592327 0.78199995
 -2  2236  1856  1986 0.0 0.0  -6  -6  -6  -6  -6
 -2  2207  1833  1976 0.0 0.0  -6  -6  -6  -6  -6
 -2  2050  1705  1814 0.28020775 0.0  1939  1644  1761 0.19728899 1.035
 -2  2050  1705  1814 0.28020775 0.0  1940  1644  1971 0.08291876 1.035
 -2  2082  1726  1727 0.31832457 0.0  1939  1644  1761 0.20618153 1.035
 -2  2082  1726  1727 0.31832457 0.0  1940  1644  1971 0.11214304 1.035
 -2  2085  1727  1825 0.36195862 0.0  1939  1644  1761 0.2287556 1.035
 -2  2085  1727  1825 0.36195862 0.0  1940  1644  1971 0.13320303 1.035
 -2  2200  1825  2101 0.37221682 0.0  1939  1644  1761 0.23407745 1.035
 -2  2200  1825  2101 0.37221682 0.0  1940  1644  1971 0.13813937 1.035
 -2  2232  1853  1926 0.16907823 0.0  1939  1644  1761 0.13016105 1.035
 -2  2232  1853  1926 0.16907823 0.0  1940  1644  1971 0.038917184 1.035
 -2  2198  1824  1906 0.2556845 0.0  1939  1644  1761 0.17705262 1.035
 -2  2198  1824  1906 0.2556845 0.0  1940  1644  1971 0.07863188 1.035
 -2  2895  1763  1761 0.033887625 0.0  1939  1644  1761 0.033887625 1.035
 -2  1864  1606  2095 0.19503677 0.0  1939  1644  1761 0.14260173 1.035
 -2  1864  1606  2095 0.19503677 0.0  1940  1644  1971 0.05243504 1.035
 -2  1969  1656  1917 0.32011664 0.0  1932  1640  1903 0.2908708 1.0465
 -2  1969  1656  1917 0.32011664 0.0  1939  1644  1761 0.029245853 1.035
 -2  2002  1675  1684 0.10918152 0.0  1932  1640  1903 0.06694341 1.0465
 -2  2002  1675  1684 0.10918152 0.0  1939  1644  1761 0.042238116 1.035
 -2  2022  1684  2015 0.08344936 0.0  1939  1644  1761 0.08344936 1.035
 -2  1932  1640  1903 2.1578183 0.0  1939  1644  1761 0.1899606 1.035
 -2  1932  1640  1903 2.1578183 0.0  1940  1644  1971 0.07976377 1.035
 -2  1932  1640  1903 2.1578183 0.0  1968  1656  1673 0.69911337 1.0465
 -2  1932  1640  1903 2.1578183 0.0  1969  1656  1917 0.5486301 1.0465
 -2  1932  1640  1903 2.1578183 0.0  2002  1675  1684 0.14857864 1.0465
 -2  1932  1640  1903 2.1578183 0.0  2003  1675  1917 0.32408226 1.0465
 -2  1932  1640  1903 2.1578183 0.0  2322  1925  1933 0.16768944 1.035
 -2  2864  1925  149 0.3146124 0.0  1939  1644  1761 0.20780194 1.035
 -2  2864  1925  149 0.3146124 0.0  1940  1644  1971 0.10681045 1.035
 -2  2601  2215  2278 0.09592199 0.0  1939  1644  1761 0.0909847 1.035
 -2  2601  2215  2278 0.09592199 0.0  1940  1644  1971 0.004937291 1.035
 -2  2666  2273  2310 0.06030953 0.0  1939  1644  1761 0.06030953 1.035
 -2  2843  1814  129 0.25323486 0.0  1939  1644  1761 0.17756999 1.035
 -2  2843  1814  129 0.25323486 0.0  1940  1644  1971 0.07566488 1.035
 -1  2389  2029  2064 0.08540094 0.0  1939  1644  1761 0.08540094 1.035
 -2  2356  1971  2047 0.0 0.0  -6  -6  -6  -6  -6
 -2  1940  1644  1971 0.025635302 0.0  2137  1761  2234 0.025635302 0.78199995
 -2  2236  1856  1986 0.0 0.0  -6  -6  -6  -6  -6
 -2  2207  1833  1976 0.0 0.0  -6  -6  -6  -6  -6
 -2  2050  1705  1814 0.280519 0.0  1939  1644  1761 0.19752681 1.035
 -2  2050  1705  1814 0.280519 0.0  1940  1644  1971 0.082992196 1.035
 -2  2082  1726  1727 0.31841063 0.0  1939  1644  1761 0.20622194 1.035
 -2  2082  1726  1727 0.31841063 0.0  1940  1644  1971 0.1121887 1.035
 -2  2085  1727  1825 0.3617016 0.0  1939  1644  1761 0.22870433 1.035
 -2  2085  1727  1825 0.3617016 0.0  1940  1644  1971 0.13299727 1.035
 -2  2200  1825  2101 0.37178278 0.0  1939  1644  1761 0.23395157 1.035
 -2  2200  1825  2101 0.37178278 0.0  1940  1644  1971 0.13783121 1.035
 -2  2232  1853  1926 0.16880143 0.0  1939  1644  1761 0.13011277 1.035
 -2  2232  1853  1926 0.16880143 0.0  1940  1644  1971 0.03868866 1.035
 -2  2198  1824  1906 0.25630796 0.0  1939  1644  1761 0.17766488 1.035
 -2  2198  1824  1906 0.25630796 0.0  1940  1644  1971 0.07864308 1.035
 -2  2895  1763  1761 0.033931732 0.0  1939  1644  1761 0.033931732 1.035
 -2  1864  1606  2095 0.19518161 0.0  1939  1644  1761 0.14268565 1.035
 -2  1864  1606  2095 0.19518161 0.0  1940  1644  1971 0.052495956 1.035
 -2  1969  1656  1917 0.325907 0.0  1932  1640  1903 0.29655743 1.0465
 -2  1969  1656  1917 0.325907 0.0  1939  1644  1761 0.029349566 1.035
 -2  2002  1675  1684 0.11319649 0.0  1932  1640  1903 0.07085037 1.0465
 -2  2002  1675  1684 0.11319649 0.0  1939  1644  1761 0.04234612 1.035
 -2  2022  1684  2015 0.08351052 0.0  1939  1644  1761 0.08351052 1.035
 -2  1932  1640  1903  -2  -2  -2  -2  -2  -2  -2
 -2  2864  1925  149 0.314327 0.0  1939  1644  1761 0.20773363 1.035
 -2  2864  1925  149 0.314327 0.0  1940  1644  1971 0.10659337 1.035
 -2  2601  2215  2278 0.096266985 0.0  1939  1644  1761 0.09121549 1.035
 -2  2601  2215  2278 0.096266985 0.0  1940  1644  1971 0.0050514936 1.035
 -2  2666  2273  2310 0.060389042 0.0  1939  1644  1761 0.060389042 1.035
 -2  2843  1814  129 0.25333357 0.0  1939  1644  1761 0.17774224 1.035
 -2  2843  1814  129 0.25333357 0.0  1940  1644  1971 0.075591326 1.035
 -1  2811  1384  92 0.059631824 0.0  2797  1106  78 0.059631824 1.84
 -2  2783  836  60 1.3076283 0.0  2797  1106  78 1.3076283 1.84
 -2  1711  1323  1360 0.171803 0.0  2783  836  60 0.171803 1.15
 -2  1106  876  1323 0.17181289 0.0  2783  836  60 0.17181289 1.15
 -2  1118  885  890 0.21787655 0.0  2797  1106  78 0.21787655 1.84
 -2  1732  1360  1476 0.10338426 0.0  2783  836  60 0.10270655 1.15
 -2  1732  1360  1476 0.10338426 0.0  2797  1106  78 6.777048E-4 1.84
 -2  1544  1170  1389 0.06569791 0.0  2783  836  60 0.055492043 1.15
 -2  1544  1170  1389 0.06569791 0.0  2797  1106  78 0.010205865 1.84
 -2  1454  1106  1170 0.08520794 0.0  2783  836  60 0.08520794 1.15
 -2  1533  1158  1453 0.25593007 0.0  2797  1106  78 0.25593007 1.84
 -2  1306  997  1222 0.25172842 0.0  2797  1106  78 0.25172842 1.84
 -2  1541  1166  1452 0.10757685 0.0  2783  836  60 0.10757685 1.15
 -2  1453  1106  1166 0.107833505 0.0  2783  836  60 0.107833505 1.15
 -2  1035  835  1020 0.15508866 0.0  2783  836  60 0.15508866 1.15
 -2  90  60  104 0.16164935 0.0  2797  1106  78 0.16164935 1.84
 -2  110  68  78 0.041647553 0.0  2797  1106  78 0.041647553 1.84
 -2  89  60  85 0.11268926 0.0  2797  1106  78 0.11268926 1.84
 -2  1778  1415  1453 0.10034275 0.0  2783  836  60 0.036847472 1.15
 -2  1778  1415  1453 0.10034275 0.0  2797  1106  78 0.06349528 1.84
 -2  1825  1494  1537 0.15258312 0.0  2797  1106  78 0.15258312 1.84
 -2  1728  1351  1494 0.13946247 0.0  2797  1106  78 0.13946247 1.84
 -2  1551  1179  1384 0.058839202 0.0  2783  836  60 0.0029002428 1.15
 -2  1551  1179  1384 0.058839202 0.0  2797  1106  78 0.05593896 1.84
 -2  1332  1020  1522 0.05949533 0.0  2783  836  60 0.008905292 1.15
 -2  1332  1020  1522 0.05949533 0.0  2797  1106  78 0.05059004 1.84
