  psseraw:file=input/case2383busPsse30_rev21.raw&lowx=adjust
  31  125  -1 0.30035067 0.0 1989 1667 2038  0.42496252  0.0  -0.4148879  0.0  1  0  0  0  1  0
  31  125  -1 0.30035067 0.0 165 120 130  0.60264254  0.0  -1.0064632  0.0  1  0  0  0  1  0
  31  125  -1 0.30035067 0.0 2224 1846 1992  0.18737793  0.0  0.37613612  0.0  1  0  0  0  0  0
  31  125  -1 0.30035067 0.0 1979 1661 1667  0.38011694  0.0  -0.26557714  0.0  1  0  0  0  1  0
  31  125  -1 0.30035067 0.0 1962 1652 1804  0.30945015  0.0  -0.030296199  0.0  1  0  0  0  0  0
  31  125  -1 0.30035067 0.0 1986 1664 2020  0.17673635  0.0  0.41156662  0.0  1  0  0  0  0  0
  31  125  -1 0.30035067 0.0 1876 1612 1662  0.22628355  0.0  0.24660213  0.0  1  0  0  0  0  0
  31  125  -1 0.30035067 0.0 1981 1662 1788  0.25093555  0.0  0.16452473  0.0  1  0  0  0  0  0
  31  125  -1 0.30035067 0.0 2047 1703 1951  0.3237567  0.0  -0.077929005  0.0  1  0  0  0  0  0
  31  125  -1 0.30035067 0.0 1965 1654 1669  0.3907833  0.0  -0.3010902  0.0  1  0  0  0  1  0
  31  125  -1 0.30035067 0.0 2214 1837 2102  0.2995658  0.0  0.002613192  0.0  1  0  0  0  0  0
  31  125  -1 0.30035067 0.0 2027 1686 1962  0.24842072  0.0  0.17289774  0.0  1  0  0  0  0  0
  31  125  -1 0.30035067 0.0 2211 1836 1975  0.33355236  0.0  -0.1105431  0.0  1  0  0  0  0  0
  31  125  -1 0.30035067 0.0 1882 1616 2071  0.3570881  0.0  -0.18890394  0.0  1  0  0  0  1  0
  31  125  -1 0.30035067 0.0 2222 1845 1939  0.2875805  0.0  0.042517554  0.0  1  0  0  0  0  0
  31  125  -1 0.30035067 0.0 2029 1687 1983  0.26163244  0.0  0.12891006  0.0  1  0  0  0  0  0
  31  125  -1 0.30035067 0.0 1987 1666 1667  0.29262924  0.0  0.02570803  0.0  1  0  0  0  0  0
  31  125  -1 0.30035067 0.0 2201 1827 1985  0.30681038  0.0  -0.021507237  0.0  1  0  0  0  0  0
  31  125  -1 0.30035067 0.0 1911 1629 1823  0.33893633  0.0  -0.1284687  0.0  1  0  0  0  0  0
  31  125  -1 0.30035067 0.0 2026 1686 1827  0.29932547  0.0  0.003413343  0.0  1  0  0  0  0  0
  205  1664  -1 0.14455462 0.0 1989 1667 2038  0.27417278  0.0  -0.89667267  0.0  1  0  0  0  1  0
  205  1664  -1 0.14455462 0.0 165 120 130  0.43873787  0.0  -2.0351012  0.0  1  0  0  0  1  0
  205  1664  -1 0.14455462 0.0 2224 1846 1992  0.03538418  0.0  0.75521934  0.0  1  0  0  0  0  0
  205  1664  -1 0.14455462 0.0 1979 1661 1667  0.2228713  0.0  -0.5417792  0.0  1  0  0  0  1  0
  205  1664  -1 0.14455462 0.0 1962 1652 1804  0.15476608  0.0  -0.0706409  0.0  1  0  0  0  0  0
  205  1664  -1 0.14455462 0.0 1986 1664 2020  0.06474924  0.0  0.55207765  0.0  1  0  0  0  0  0
  205  1664  -1 0.14455462 0.0 1876 1612 1662  0.11636257  0.0  0.19502693  0.0  1  0  0  0  0  0
  205  1664  -1 0.14455462 0.0 1981 1662 1788  0.10940218  0.0  0.24317753  0.0  1  0  0  0  0  0
  205  1664  -1 0.14455462 0.0 2047 1703 1951  0.1819787  0.0  -0.2588924  0.0  1  0  0  0  0  0
  205  1664  -1 0.14455462 0.0 1965 1654 1669  0.24857521  0.0  -0.71959376  0.0  1  0  0  0  1  0
  205  1664  -1 0.14455462 0.0 2214 1837 2102  0.14455128  0.0  2.309065E-5  0.0  1  0  0  0  0  0
  205  1664  -1 0.14455462 0.0 2027 1686 1962  0.09475374  0.0  0.3445125  0.0  1  0  0  0  0  0
  205  1664  -1 0.14455462 0.0 2211 1836 1975  0.17792416  0.0  -0.23084383  0.0  1  0  0  0  0  0
  205  1664  -1 0.14455462 0.0 1882 1616 2071  0.20360756  0.0  -0.4085165  0.0  1  0  0  0  1  0
  205  1664  -1 0.14455462 0.0 2222 1845 1939  0.13790512  0.0  0.045999873  0.0  1  0  0  0  0  0
  205  1664  -1 0.14455462 0.0 2029 1687 1983  0.10993433  0.0  0.23949623  0.0  1  0  0  0  0  0
  205  1664  -1 0.14455462 0.0 1987 1666 1667  0.1401062  0.0  0.03077324  0.0  1  0  0  0  0  0
  205  1664  -1 0.14455462 0.0 2201 1827 1985  0.15040922  0.0  -0.040501002  0.0  1  0  0  0  0  0
  205  1664  -1 0.14455462 0.0 1911 1629 1823  0.18253231  0.0  -0.26272213  0.0  1  0  0  0  0  0
  205  1664  -1 0.14455462 0.0 2026 1686 1827  0.14352322  0.0  0.0071350113  0.0  1  0  0  0  0  0
  245  1883  -1 0.09640306 0.0 2137 1761 2234  0.15653473  0.0  -0.6237527  0.0  1  0  0  0  1  0
  245  1883  -1 0.09640306 0.0 2625 2234 2361  0.17848092  0.0  -0.85140306  0.0  1  0  0  0  1  0
  245  1883  -1 0.09640306 0.0 2136 1761 1883  0.07514727  0.0  0.22048876  0.0  1  0  1  0  0  0
  245  1883  -1 0.09640306 0.0 2854 1882 140  0.10659152  0.0  -0.10568607  0.0  1  0  0  0  0  0
  245  1883  -1 0.09640306 0.0 2840 1763 124  0.103769004  0.0  -0.07640776  0.0  1  0  0  0  0  0
  245  1883  -1 0.09640306 0.0 2235 1855 2101  0.0  0.0  1.0  0.0  0  0  0  0  0  0
  245  1883  -1 0.09640306 0.0 2135 1761 1855  0.0  0.0  1.0  0.0  0  0  0  0  0  0
  245  1883  -1 0.09640306 0.0 1940 1644 1971  0.0  0.0  1.0  0.0  0  0  0  0  0  0
  245  1883  -1 0.09640306 0.0 2356 1971 2047  0.0  0.0  1.0  0.0  0  0  0  0  0  0
  245  1883  -1 0.09640306 0.0 2271 1883 2064  0.0  0.0  1.0  0.0  0  0  0  0  0  0
  245  1883  -1 0.09640306 0.0 2019 1682 1683  0.017525494  0.0  0.8182061  0.0  1  0  0  0  0  0
  245  1883  -1 0.09640306 0.0 2021 1683 1684  0.039655447  0.0  0.5886495  0.0  1  0  0  0  0  0
  245  1883  -1 0.09640306 0.0 2603 2217 2237  0.14340359  0.0  -0.48754185  0.0  1  0  0  0  0  0
  245  1883  -1 0.09640306 0.0 2273 1883 2278  0.102969944  0.0  -0.06811902  0.0  1  0  0  0  0  0
  245  1883  -1 0.09640306 0.0 2600 2215 2217  0.12575477  0.0  -0.30446866  0.0  1  0  0  0  0  0
  245  1883  -1 0.09640306 0.0 2272 1883 2244  0.10334283  0.0  -0.07198702  0.0  1  0  0  0  0  0
  245  1883  -1 0.09640306 0.0 2639 2244 2310  0.13039762  0.0  -0.35262942  0.0  1  0  0  0  0  0
  245  1883  -1 0.09640306 0.0 2236 1856 1986  0.11615759  0.0  -0.20491599  0.0  1  0  0  0  0  0
  245  1883  -1 0.09640306 0.0 2022 1684 2015  0.07156879  0.0  0.25760877  0.0  1  0  0  0  0  0
  245  1883  -1 0.09640306 0.0 1932 1640 1903  0.14339954  0.0  -0.4874998  0.0  1  0  0  0  0  0
  159  117  140 0.05039382 0.0 2356 1971 2047  0.0  0.0  1.0  0.0  0  0  0  0  0  0
  159  117  140 0.05039382 0.0 1940 1644 1971  0.0  0.0  1.0  0.0  0  0  0  0  0  0
  159  117  140 0.05039382 0.0 2236 1856 1986  0.0  0.0  1.0  0.0  0  0  0  0  0  0
  159  117  140 0.05039382 0.0 2207 1833 1976  0.0  0.0  1.0  0.0  0  0  0  0  0  0
  159  117  140 0.05039382 0.0 2050 1705 1814  0.19343364  0.0  -2.8384397  0.0  2  0  0  0  1  0
  159  117  140 0.05039382 0.0 2389 2029 2064  0.58261514  0.0  -10.561242  0.0  3  0  1  0  1  0
  159  117  140 0.05039382 0.0 2020 1682 2029  0.5501729  0.0  -9.917468  0.0  3  0  1  0  1  0
  159  117  140 0.05039382 0.0 2002 1675 1684  0.10868025  0.0  -1.1566186  0.0  2  0  0  0  0  0
  159  117  140 0.05039382 0.0 1969 1656 1917  0.06565952  0.0  -0.3029281  0.0  1  0  0  0  0  0
  159  117  140 0.05039382 0.0 2232 1853 1926  0.047062635  0.0  0.06610303  0.0  1  0  0  0  0  0
  159  117  140 0.05039382 0.0 2198 1824 1906  0.08812654  0.0  -0.7487569  0.0  1  0  0  0  0  0
  159  117  140 0.05039382 0.0 2085 1727 1825  0.24277842  0.0  -3.817623  0.0  2  0  1  0  1  0
  159  117  140 0.05039382 0.0 2200 1825 2101  0.25165224  0.0  -3.9937124  0.0  2  0  1  0  1  0
  159  117  140 0.05039382 0.0 2082 1726 1727  0.20481825  0.0  -3.0643525  0.0  2  0  1  0  1  0
  159  117  140 0.05039382 0.0 2895 1763 1761  0.049182475  0.0  0.024037575  0.0  1  0  0  0  0  0
  159  117  140 0.05039382 0.0 1864 1606 2095  0.05318582  0.0  -0.055403635  0.0  1  0  0  0  0  0
  159  117  140 0.05039382 0.0 2843 1814 129  0.17455328  0.0  -2.4637833  0.0  2  0  0  0  1  0
  159  117  140 0.05039382 0.0 2864 1925 149  0.15225029  0.0  -2.0212095  0.0  2  0  0  0  1  0
  159  117  140 0.05039382 0.0 2255 1875 1876  0.01673317  0.0  0.66795194  0.0  1  0  0  0  0  0
  159  117  140 0.05039382 0.0 2257 1876 1878  0.036154866  0.0  0.28255355  0.0  1  0  0  0  0  0
  160  117  143 0.076773286 0.0 2001 1674 1918  0.0  0.0  1.0  0.0  0  0  0  0  0  0
  160  117  143 0.076773286 0.0 1964 1653 2018  0.0  0.0  1.0  0.0  0  0  0  0  0  0
  160  117  143 0.076773286 0.0 2080 1724 1906  0.12470722  0.0  -0.624357  0.0  1  0  0  0  0  0
  160  117  143 0.076773286 0.0 1895 1622 1894  0.04717195  0.0  0.38556817  0.0  1  0  0  0  0  0
  160  117  143 0.076773286 0.0 2321 1923 2076  0.019613504  0.0  0.744527  0.0  1  0  0  0  0  0
  160  117  143 0.076773286 0.0 2285 1893 1923  0.0027474165  0.0  0.9642139  0.0  1  0  0  0  0  0
  160  117  143 0.076773286 0.0 2000 1674 1893  0.0  0.0  1.0  0.0  0  0  0  0  0  0
  160  117  143 0.076773286 0.0 1944 1646 1674  0.1566292  0.0  -1.0401524  0.0  1  0  1  0  0  0
  160  117  143 0.076773286 0.0 2355 1970 2038  0.04171002  0.0  0.45671183  0.0  1  0  0  0  0  0
  160  117  143 0.076773286 0.0 2108 1744 1999  0.0  0.0  1.0  0.0  0  0  0  0  0  0
  160  117  143 0.076773286 0.0 1939 1644 1761  0.20691693  0.0  -1.6951684  0.0  1  0  0  0  1  0
  160  117  143 0.076773286 0.0 2860 1907 144  0.20958078  0.0  -1.7298659  0.0  1  0  0  0  1  0
  160  117  143 0.076773286 0.0 2107 1744 1906  0.082112074  0.0  -0.06953966  0.0  1  0  0  0  0  0
  160  117  143 0.076773286 0.0 2861 1906 145  0.2002114  0.0  -1.6078265  0.0  1  0  0  0  1  0
  160  117  143 0.076773286 0.0 177 127 157  0.08027184  0.0  -0.04556994  0.0  1  0  0  0  0  0
  160  117  143 0.076773286 0.0 2233 1853 1986  0.06436491  0.0  0.16162361  0.0  1  0  0  0  0  0
  160  117  143 0.076773286 0.0 2199 1824 1926  0.04036534  0.0  0.47422677  0.0  1  0  0  0  0  0
  160  117  143 0.076773286 0.0 2020 1682 2029  0.3330207  0.0  -3.3377156  0.0  3  0  1  0  1  0
  160  117  143 0.076773286 0.0 2389 2029 2064  0.36160588  0.0  -3.7100482  0.0  3  0  1  0  1  0
  160  117  143 0.076773286 0.0 2240 1861 2093  0.073913455  0.0  0.037250336  0.0  1  0  0  0  0  0
  170  123  144 0.20959663 0.0 160 117 143  0.9074895  0.0  -3.329695  0.0  5  0  1  0  1  0
  170  123  144 0.20959663 0.0 1939 1644 1761  0.46759176  0.0  -1.2309126  0.0  1  0  0  0  1  0
  170  123  144 0.20959663 0.0 177 127 157  0.33343232  0.0  -0.5908286  0.0  2  0  0  0  1  0
  170  123  144 0.20959663 0.0 2389 2029 2064  0.99168134  0.0  -3.73138  0.0  4  0  1  0  1  0
  170  123  144 0.20959663 0.0 2020 1682 2029  0.9460217  0.0  -3.5135348  0.0  4  0  1  0  1  0
  170  123  144 0.20959663 0.0 212 158 176  1.0390397  0.0  -3.9573302  0.0  6  0  1  0  1  0
  170  123  144 0.20959663 0.0 199 141 178  0.4695295  0.0  -1.2401577  0.0  2  0  0  0  1  0
  170  123  144 0.20959663 0.0 211 157 158  0.61863387  0.0  -1.9515449  0.0  3  0  0  0  1  0
  170  123  144 0.20959663 0.0 2237 1856 2047  0.19797063  0.0  0.055468474  0.0  1  0  0  0  0  0
  170  123  144 0.20959663 0.0 2854 1882 140  0.2022245  0.0  0.03517299  0.0  2  0  0  0  0  0
  170  123  144 0.20959663 0.0 2839 1761 124  0.29561162  0.0  -0.41038343  0.0  1  0  0  0  1  0
  170  123  144 0.20959663 0.0 1969 1656 1917  0.23260331  0.0  -0.109766446  0.0  2  0  0  0  0  0
  170  123  144 0.20959663 0.0 2002 1675 1684  0.28985345  0.0  -0.38291082  0.0  2  0  0  0  0  0
  170  123  144 0.20959663 0.0 219 161 166  0.33938205  0.0  -0.6192152  0.0  2  0  0  0  1  0
  170  123  144 0.20959663 0.0 202 144 147  0.20922661  0.0  0.0017654179  0.0  2  0  0  0  0  0
  170  123  144 0.20959663 0.0 2840 1763 124  0.20967066  0.0  -3.531973E-4  0.0  2  0  0  0  0  0
  170  123  144 0.20959663 0.0 214 159 165  0.2837181  0.0  -0.35363868  0.0  2  0  0  0  1  0
  170  123  144 0.20959663 0.0 200 143 144  0.037160277  0.0  0.82270575  0.0  2  0  0  0  0  0
  170  123  144 0.20959663 0.0 180 129 148  0.28555584  0.0  -0.3624066  0.0  2  0  0  0  1  0
  170  123  144 0.20959663 0.0 2233 1853 1986  0.20944965  0.0  7.012758E-4  0.0  2  0  0  0  0  0
  2020  1682  2029 0.07400942 0.0 2356 1971 2047  0.0  0.0  1.0  0.0  0  0  0  0  0  0
  2020  1682  2029 0.07400942 0.0 1940 1644 1971  0.011827171  0.0  0.8401937  0.0  1  0  0  0  0  0
  2020  1682  2029 0.07400942 0.0 2236 1856 1986  0.0  0.0  1.0  0.0  0  0  0  0  0  0
  2020  1682  2029 0.07400942 0.0 2207 1833 1976  0.0  0.0  1.0  0.0  0  0  0  0  0  0
  2020  1682  2029 0.07400942 0.0 2050 1705 1814  0.25931275  0.0  -2.5037804  0.0  2  0  1  0  1  0
  2020  1682  2029 0.07400942 0.0 2082 1726 1727  0.29501247  0.0  -2.9861476  0.0  2  0  1  0  1  0
  2020  1682  2029 0.07400942 0.0 2085 1727 1825  0.33864045  0.0  -3.57564  0.0  2  0  1  0  1  0
  2020  1682  2029 0.07400942 0.0 2200 1825 2101  0.34877622  0.0  -3.7125924  0.0  2  0  1  0  1  0
  2020  1682  2029 0.07400942 0.0 2232 1853 1926  0.14490545  0.0  -0.95793253  0.0  2  0  0  0  0  0
  2020  1682  2029 0.07400942 0.0 2198 1824 1906  0.23228526  0.0  -2.1385906  0.0  2  0  1  0  1  0
  2020  1682  2029 0.07400942 0.0 2895 1763 1761  0.02215457  0.0  0.700652  0.0  1  0  0  0  0  0
  2020  1682  2029 0.07400942 0.0 1864 1606 2095  0.16866672  0.0  -1.2789899  0.0  2  0  0  0  1  0
  2020  1682  2029 0.07400942 0.0 1969 1656 1917  0.24306345  0.0  -2.2842233  0.0  2  0  1  0  0  0
  2020  1682  2029 0.07400942 0.0 2002 1675 1684  0.04661894  0.0  0.3700945  0.0  2  0  0  0  0  0
  2020  1682  2029 0.07400942 0.0 2022 1684 2015  0.07010114  0.0  0.052807827  0.0  1  0  0  0  0  0
  2020  1682  2029 0.07400942 0.0 1932 1640 1903  1.598647  0.0  -20.600588  0.0  7  0  1  0  1  0
  2020  1682  2029 0.07400942 0.0 2864 1925 149  0.29132152  0.0  -2.9362762  0.0  2  0  1  0  1  0
  2020  1682  2029 0.07400942 0.0 2601 2215 2278  0.079660416  0.0  -0.07635511  0.0  1  0  0  0  0  0
  2020  1682  2029 0.07400942 0.0 2666 2273 2310  0.048727274  0.0  0.34160712  0.0  1  0  0  0  0  0
  2020  1682  2029 0.07400942 0.0 2843 1814 129  0.23176754  0.0  -2.1315951  0.0  2  0  1  0  1  0
  2271  1883  2064 0.08532798 0.0 2356 1971 2047  0.0  0.0  1.0  0.0  0  0  0  0  0  0
  2271  1883  2064 0.08532798 0.0 1940 1644 1971  0.025592327  0.0  0.7000711  0.0  1  0  0  0  0  0
  2271  1883  2064 0.08532798 0.0 2236 1856 1986  0.0  0.0  1.0  0.0  0  0  0  0  0  0
  2271  1883  2064 0.08532798 0.0 2207 1833 1976  0.0  0.0  1.0  0.0  0  0  0  0  0  0
  2271  1883  2064 0.08532798 0.0 2050 1705 1814  0.28020775  0.0  -2.2838905  0.0  2  0  1  0  1  0
  2271  1883  2064 0.08532798 0.0 2082 1726 1727  0.31832457  0.0  -2.7305999  0.0  2  0  1  0  1  0
  2271  1883  2064 0.08532798 0.0 2085 1727 1825  0.36195862  0.0  -3.2419686  0.0  2  0  1  0  1  0
  2271  1883  2064 0.08532798 0.0 2200 1825 2101  0.37221682  0.0  -3.3621893  0.0  2  0  1  0  1  0
  2271  1883  2064 0.08532798 0.0 2232 1853 1926  0.16907823  0.0  -0.98150975  0.0  2  0  0  0  0  0
  2271  1883  2064 0.08532798 0.0 2198 1824 1906  0.2556845  0.0  -1.9964906  0.0  2  0  1  0  1  0
  2271  1883  2064 0.08532798 0.0 2895 1763 1761  0.033887625  0.0  0.6028545  0.0  1  0  0  0  0  0
  2271  1883  2064 0.08532798 0.0 1864 1606 2095  0.19503677  0.0  -1.2857305  0.0  2  0  1  0  1  0
  2271  1883  2064 0.08532798 0.0 1969 1656 1917  0.32011664  0.0  -2.7516022  0.0  2  0  1  0  0  0
  2271  1883  2064 0.08532798 0.0 2002 1675 1684  0.10918152  0.0  -0.2795512  0.0  2  0  1  0  0  0
  2271  1883  2064 0.08532798 0.0 2022 1684 2015  0.08344936  0.0  0.022016449  0.0  1  0  0  0  0  0
  2271  1883  2064 0.08532798 0.0 1932 1640 1903  2.1578183  0.0  -24.288517  0.0  7  0  1  0  1  0
  2271  1883  2064 0.08532798 0.0 2864 1925 149  0.3146124  0.0  -2.6870952  0.0  2  0  1  0  1  0
  2271  1883  2064 0.08532798 0.0 2601 2215 2278  0.09592199  0.0  -0.12415634  0.0  2  0  0  0  0  0
  2271  1883  2064 0.08532798 0.0 2666 2273 2310  0.06030953  0.0  0.29320338  0.0  1  0  0  0  0  0
  2271  1883  2064 0.08532798 0.0 2843 1814 129  0.25323486  0.0  -1.9677821  0.0  2  0  1  0  1  0
  2389  2029  2064 0.08540094 0.0 2356 1971 2047  0.0  0.0  1.0  0.0  0  0  0  0  0  0
  2389  2029  2064 0.08540094 0.0 1940 1644 1971  0.025635302  0.0  0.6998241  0.0  1  0  0  0  0  0
  2389  2029  2064 0.08540094 0.0 2236 1856 1986  0.0  0.0  1.0  0.0  0  0  0  0  0  0
  2389  2029  2064 0.08540094 0.0 2207 1833 1976  0.0  0.0  1.0  0.0  0  0  0  0  0  0
  2389  2029  2064 0.08540094 0.0 2050 1705 1814  0.280519  0.0  -2.2847297  0.0  2  0  1  0  1  0
  2389  2029  2064 0.08540094 0.0 2082 1726 1727  0.31841063  0.0  -2.7284207  0.0  2  0  1  0  1  0
  2389  2029  2064 0.08540094 0.0 2085 1727 1825  0.3617016  0.0  -3.2353354  0.0  2  0  1  0  1  0
  2389  2029  2064 0.08540094 0.0 2200 1825 2101  0.37178278  0.0  -3.3533804  0.0  2  0  1  0  1  0
  2389  2029  2064 0.08540094 0.0 2232 1853 1926  0.16880143  0.0  -0.9765758  0.0  2  0  0  0  0  0
  2389  2029  2064 0.08540094 0.0 2198 1824 1906  0.25630796  0.0  -2.0012312  0.0  2  0  1  0  1  0
  2389  2029  2064 0.08540094 0.0 2895 1763 1761  0.033931732  0.0  0.6026773  0.0  1  0  0  0  0  0
  2389  2029  2064 0.08540094 0.0 1864 1606 2095  0.19518161  0.0  -1.2854738  0.0  2  0  1  0  1  0
  2389  2029  2064 0.08540094 0.0 1969 1656 1917  0.325907  0.0  -2.816199  0.0  2  0  1  0  0  0
  2389  2029  2064 0.08540094 0.0 2002 1675 1684  0.11319649  0.0  -0.32547128  0.0  2  0  1  0  0  0
  2389  2029  2064 0.08540094 0.0 2022 1684 2015  0.08351052  0.0  0.022135833  0.0  1  0  0  0  0  0
  2389  2029  2064 0.08540094 0.0 1932 1640 1903  -2.0  -2.0  -2.0  -2.0  -2  -2  -2  -2  -2  -2
  2389  2029  2064 0.08540094 0.0 2864 1925 149  0.314327  0.0  -2.6806035  0.0  2  0  1  0  1  0
  2389  2029  2064 0.08540094 0.0 2601 2215 2278  0.096266985  0.0  -0.12723567  0.0  2  0  0  0  0  0
  2389  2029  2064 0.08540094 0.0 2666 2273 2310  0.060389042  0.0  0.29287612  0.0  1  0  0  0  0  0
  2389  2029  2064 0.08540094 0.0 2843 1814 129  0.25333357  0.0  -1.9664026  0.0  2  0  1  0  1  0
  2811  1384  92 0.059631824 0.0 2783 836 60  1.3076283  0.0  -20.928362  0.0  1  0  0  0  1  0
  2811  1384  92 0.059631824 0.0 1711 1323 1360  0.171803  0.0  -1.8810623  0.0  1  0  1  0  0  0
  2811  1384  92 0.059631824 0.0 1106 876 1323  0.17181289  0.0  -1.8812282  0.0  1  0  1  0  0  0
  2811  1384  92 0.059631824 0.0 1118 885 890  0.21787655  0.0  -2.6536958  0.0  1  0  0  0  1  0
  2811  1384  92 0.059631824 0.0 1732 1360 1476  0.10338426  0.0  -0.73370945  0.0  2  0  1  0  0  0
  2811  1384  92 0.059631824 0.0 1544 1170 1389  0.06569791  0.0  -0.101725616  0.0  2  0  1  0  0  0
  2811  1384  92 0.059631824 0.0 1454 1106 1170  0.08520794  0.0  -0.42890042  0.0  1  0  1  0  0  0
  2811  1384  92 0.059631824 0.0 1533 1158 1453  0.25593007  0.0  -3.291837  0.0  1  0  0  0  1  0
  2811  1384  92 0.059631824 0.0 1306 997 1222  0.25172842  0.0  -3.2213771  0.0  1  0  0  0  1  0
  2811  1384  92 0.059631824 0.0 1541 1166 1452  0.10757685  0.0  -0.80401736  0.0  1  0  1  0  0  0
  2811  1384  92 0.059631824 0.0 1453 1106 1166  0.107833505  0.0  -0.8083214  0.0  1  0  1  0  0  0
  2811  1384  92 0.059631824 0.0 1035 835 1020  0.15508866  0.0  -1.60077  0.0  1  0  1  0  0  0
  2811  1384  92 0.059631824 0.0 90 60 104  0.16164935  0.0  -1.7107899  0.0  1  0  0  0  1  0
  2811  1384  92 0.059631824 0.0 110 68 78  0.041647553  0.0  0.30158848  0.0  1  0  0  0  0  0
  2811  1384  92 0.059631824 0.0 89 60 85  0.11268926  0.0  -0.8897503  0.0  1  0  0  0  1  0
  2811  1384  92 0.059631824 0.0 1778 1415 1453  0.10034275  0.0  -0.6827047  0.0  2  0  0  0  0  0
  2811  1384  92 0.059631824 0.0 1825 1494 1537  0.15258312  0.0  -1.5587533  0.0  1  0  0  0  1  0
  2811  1384  92 0.059631824 0.0 1728 1351 1494  0.13946247  0.0  -1.3387256  0.0  1  0  0  0  1  0
  2811  1384  92 0.059631824 0.0 1551 1179 1384  0.058839202  0.0  0.013291939  0.0  2  0  0  0  0  0
  2811  1384  92 0.059631824 0.0 1332 1020 1522  0.05949533  0.0  0.0022889562  0.0  2  0  0  0  0  0
