 No., BrcContingencyIndex, fbusCont, tbusCont, #ofPVtoPQ
 1 1 1 16 27
 2 2 2 17 29
 3 3 3 10 26
 4 4 4 7 39
 5 5 4 11 31
 6 6 4 14 15
 7 7 4 16 22
 8 8 4 22 18
 9 9 5 7 37
 10 10 5 10 30
 11 11 6 8 30
 12 12 6 9 30
 13 13 6 15 25
 14 14 6 31 32
 15 15 7 12 23
 16 16 7 13 29
 17 17 7 19 26
 18 18 7 21 43
 19 19 7 29 35
 20 20 8 18 30
 21 21 10 171 31
 22 22 11 16 23
 23 23 11 17 21
 24 24 11 111 22
 25 25 12 140 39
 26 26 13 29 36
 27 27 14 17 19
 28 28 15 18 27
 29 29 15 165 31
 30 30 16 73 32
 31 31 17 74 40
 32 32 18 20 31
 33 33 18 75 23
 34 34 18 76 22
 35 35 18 101 28
 36 36 19 124 40
 37 37 20 67 36
 38 38 22 112 36
 39 39 23 37 36
 40 40 23 46 24
 41 41 23 53 42
 42 42 24 54 32
 43 43 25 41 23
 44 44 25 53 38
 45 45 25 54 37
 46 46 26 38 37
 47 47 27 28 23
 48 48 27 33 28
 49 49 27 48 23
 50 50 27 74 24
 51 51 28 47 23
 52 52 28 88 24
 53 53 29 30 46
 54 54 29 45 31
 55 55 29 48 32
 56 56 30 46 31
 57 57 30 49 23
 58 58 31 32 40
 59 59 31 39 22
 60 60 32 36 43
 61 61 34 35 24
 62 62 34 51 38
 63 63 34 183 31
 64 64 35 183 29
 65 65 37 38 37
 66 66 38 55 36
 67 67 39 40 25
 68 68 40 44 32
 69 69 41 42 41
 70 70 41 80 23
 71 71 42 47 33
 72 72 42 54 26
 73 73 43 44 24
 74 74 43 99 31
 75 75 44 50 31
 76 76 45 46 37
 77 77 45 49 23
 78 78 48 49 22
 79 79 50 51 41
 80 80 50 98 35
 81 81 50 100 31
 82 82 52 53 38
 83 84 56 74 22
 84 87 59 63 35
 85 88 59 82 24
 86 89 60 85 23
 87 90 60 104 28
 88 91 61 62 34
 89 92 61 64 33
 90 94 61 184 28
 91 95 62 82 38
 92 97 63 71 26
 93 98 63 91 33
 94 99 63 94 36
 95 100 63 96 28
 96 101 64 69 29
 97 102 64 79 31
 98 103 64 93 26
 99 104 64 95 36
 100 105 65 90 19
 101 106 65 91 18
 102 107 66 68 30
 103 108 66 152 20
 104 109 67 138 20
 105 110 68 78 32
 106 111 69 83 25
 107 112 70 73 35
 108 113 70 107 39
 109 115 71 86 23
 110 116 73 87 32
 111 117 74 108 42
 112 118 75 76 24
 113 119 76 105 25
 114 120 77 84 31
 115 121 77 85 30
 116 122 78 103 24
 117 123 79 88 30
 118 124 80 81 23
 119 125 80 96 35
 120 126 81 93 27
 121 127 83 84 21
 122 128 83 103 30
 123 129 84 184 33
 124 130 85 86 29
 125 131 86 108 36
 126 132 87 88 25
 127 133 87 94 33
 128 134 89 94 33
 129 135 89 102 19
 130 136 90 104 29
 131 137 92 100 32
 132 138 92 106 32
 133 139 93 94 31
 134 140 95 96 32
 135 141 95 102 40
 136 142 98 99 38
 137 143 99 101 29
 138 144 100 101 36
 139 145 103 104 40
 140 146 105 106 29
 141 149 107 108 31
 142 150 111 112 34
 143 151 111 123 25
 144 152 111 124 25
 145 153 113 114 35
 146 154 113 151 28
 147 155 114 131 34
 148 156 115 116 35
 149 157 115 133 27
 150 158 116 138 22
 151 159 117 140 16
 152 160 117 143 29
 153 162 118 126 27
 154 163 118 142 21
 155 164 120 125 25
 156 165 120 130 17
 157 167 121 151 31
 158 168 123 124 25
 159 169 123 140 25
 160 170 123 144 14
 161 171 124 139 24
 162 172 125 126 39
 163 173 125 135 21
 164 174 125 186 24
 165 175 126 186 24
 166 176 127 128 25
 167 177 127 157 29
 168 178 128 145 27
 169 179 129 143 29
 170 180 129 148 30
 171 181 130 132 29
 172 182 130 154 26
 173 183 131 132 29
 174 184 131 147 26
 175 185 131 151 34
 176 186 132 148 24
 177 187 132 150 34
 178 188 133 134 30
 179 189 133 182 22
 180 190 134 182 22
 181 192 135 142 22
 182 194 139 140 26
 183 195 139 166 24
 184 196 139 174 33
 185 197 140 167 28
 186 198 141 144 26
 187 199 141 178 25
 188 200 143 144 25
 189 201 143 149 32
 190 202 144 147 16
 191 204 147 148 30
 192 205 147 154 30
 193 206 150 151 26
 194 207 150 152 21
 195 209 155 166 44
 196 210 156 179 18
 197 211 157 158 33
 198 212 158 176 20
 199 213 159 160 30
 200 214 159 165 44
 201 215 159 176 29
 202 216 160 168 35
 203 217 160 177 30
 204 218 161 162 35
 205 219 161 166 27
 206 220 162 179 35
 207 221 163 164 30
 208 222 163 172 50
 209 223 164 167 36
 210 224 166 167 29
 211 225 168 169 38
 212 226 170 171 27
 213 227 170 174 34
 214 228 172 173 40
 215 229 173 175 28
 216 230 174 175 31
 217 231 176 177 21
 218 232 178 179 26
 219 233 187 202 33
 220 234 187 423 32
 221 235 188 434 21
 222 236 188 437 18
 223 239 190 355 36
 224 240 190 376 42
 225 243 192 193 33
 226 244 192 194 27
 227 245 192 308 29
 228 247 193 332 34
 229 248 194 248 34
 230 249 194 256 30
 231 250 194 332 31
 232 251 195 285 42
 233 252 195 514 43
 234 255 198 351 28
 235 256 198 425 40
 236 259 200 428 36
 237 260 200 533 40
 238 261 201 219 21
 239 262 201 255 21
 240 263 202 239 23
 241 264 202 332 32
 242 269 206 224 45
 243 270 206 384 38
 244 272 208 326 22
 245 273 208 342 26
 246 274 209 211 37
 247 275 209 334 35
 248 276 210 282 28
 249 277 210 353 42
 250 278 211 233 35
 251 279 211 333 33
 252 280 211 386 31
 253 281 212 305 29
 254 282 212 511 30
 255 283 213 333 31
 256 284 213 343 20
 257 285 213 415 24
 258 286 213 458 23
 259 287 213 473 19
 260 288 214 442 38
 261 289 214 533 40
 262 290 214 2249 25
 263 291 215 273 41
 264 292 215 279 37
 265 293 216 447 36
 266 294 216 1120 37
 267 297 218 219 25
 268 298 218 340 26
 269 299 219 227 26
 270 300 220 437 22
 271 301 220 510 29
 272 304 222 262 32
 273 305 222 361 31
 274 306 223 372 24
 275 307 223 613 24
 276 308 224 425 42
 277 309 225 510 36
 278 310 225 2218 23
 279 311 226 227 24
 280 312 226 348 30
 281 320 233 341 29
 282 325 236 384 29
 283 326 236 385 30
 284 327 237 373 43
 285 328 237 516 37
 286 329 238 361 36
 287 330 238 492 32
 288 331 239 284 33
 289 332 240 340 20
 290 333 240 401 23
 291 335 241 287 30
 292 336 241 503 30
 293 337 242 324 35
 294 338 242 440 36
 295 339 243 306 37
 296 340 243 309 37
 297 341 244 486 41
 298 342 244 520 42
 299 343 245 253 27
 300 344 245 254 43
 301 345 245 281 39
 302 346 245 299 33
 303 347 245 396 23
 304 349 246 304 44
 305 351 246 471 35
 306 353 248 474 31
 307 354 249 294 35
 308 355 249 474 35
 309 359 253 352 24
 310 360 254 338 47
 311 361 255 336 30
 312 362 255 369 31
 313 363 256 320 31
 314 364 257 363 33
 315 365 257 458 34
 316 366 258 265 36
 317 367 258 1753 38
 318 369 260 365 33
 319 370 260 493 34
 320 371 261 272 24
 321 372 261 353 24
 322 373 262 438 37
 323 374 263 323 33
 324 375 263 411 32
 325 376 264 516 29
 326 377 264 537 38
 327 378 265 283 35
 328 380 266 408 32
 329 381 266 525 35
 330 382 267 280 27
 331 383 267 519 26
 332 385 269 332 36
 333 386 269 511 33
 334 388 272 353 24
 335 389 273 304 39
 336 390 274 281 40
 337 391 274 288 27
 338 392 275 280 27
 339 393 275 534 38
 340 396 277 293 19
 341 397 277 406 35
 342 398 278 526 29
 343 399 278 534 38
 344 400 279 441 32
 345 401 281 472 32
 346 402 282 291 38
 347 403 282 471 41
 348 404 283 350 30
 349 405 283 1787 37
 350 406 284 308 29
 351 407 285 286 38
 352 408 286 337 36
 353 409 286 473 19
 354 410 287 318 28
 355 411 288 352 28
 356 412 289 299 37
 357 413 289 472 32
 358 414 290 294 32
 359 415 290 336 33
 360 416 291 429 32
 361 417 293 296 19
 362 418 294 346 30
 363 419 294 524 32
 364 421 295 425 37
 365 422 295 537 35
 366 423 296 519 37
 367 424 297 298 42
 368 425 297 353 43
 369 426 298 525 36
 370 427 300 430 28
 371 428 300 658 25
 372 429 300 708 31
 373 430 303 442 40
 374 431 303 2124 28
 375 432 305 345 29
 376 433 305 460 33
 377 434 305 512 34
 378 435 306 493 31
 379 436 307 462 33
 380 437 307 508 24
 381 439 309 520 42
 382 440 310 312 32
 383 441 310 420 38
 384 443 310 477 42
 385 444 311 312 39
 386 445 311 372 23
 387 446 312 323 30
 388 448 314 381 25
 389 449 314 387 26
 390 450 315 341 19
 391 451 315 2249 28
 392 454 317 468 34
 393 455 317 514 35
 394 456 318 467 36
 395 458 320 348 30
 396 459 321 451 44
 397 461 321 467 47
 398 462 321 485 34
 399 463 321 506 41
 400 465 322 351 22
 401 466 322 389 35
 402 467 322 452 35
 403 468 322 455 46
 404 470 322 478 20
 405 471 322 490 33
 406 472 324 538 26
 407 473 325 371 24
 408 474 325 375 23
 409 475 326 364 23
 410 480 334 395 33
 411 481 335 369 24
 412 482 335 2331 24
 413 483 336 347 30
 414 484 337 377 21
 415 485 337 379 35
 416 486 338 394 46
 417 488 342 445 36
 418 489 342 624 30
 419 490 342 710 30
 420 491 343 377 20
 421 492 344 346 29
 422 493 344 381 30
 423 494 344 523 36
 424 495 345 347 33
 425 496 347 386 27
 426 497 350 526 39
 427 498 352 406 40
 428 499 353 429 37
 429 500 354 370 40
 430 502 356 360 44
 431 503 356 432 41
 432 504 357 509 34
 433 505 357 523 31
 434 507 359 375 24
 435 508 359 378 39
 436 509 359 393 44
 437 510 361 374 44
 438 512 363 477 33
 439 513 364 439 25
 440 514 365 416 24
 441 515 365 440 38
 442 516 366 484 35
 443 517 366 504 20
 444 518 366 578 19
 445 519 367 370 40
 446 520 367 445 40
 447 521 368 376 44
 448 523 371 378 36
 449 524 373 393 39
 450 525 374 395 38
 451 526 374 428 40
 452 527 379 432 44
 453 528 380 410 34
 454 529 380 1602 37
 455 532 385 389 29
 456 533 387 415 23
 457 538 394 532 35
 458 539 396 526 32
 459 544 401 434 23
 460 550 408 417 36
 461 551 409 532 36
 462 552 409 660 27
 463 553 410 525 38
 464 554 411 412 27
 465 555 411 423 28
 466 556 411 426 21
 467 557 412 413 32
 468 558 413 612 30
 469 559 413 643 33
 470 560 416 451 28
 471 561 417 447 38
 472 563 420 477 40
 473 565 424 612 24
 474 566 424 722 29
 475 567 425 438 33
 476 568 425 492 34
 477 569 425 536 43
 478 570 426 535 32
 479 572 430 613 35
 480 573 439 676 23
 481 574 441 527 36
 482 579 448 482 24
 483 580 452 504 33
 484 581 455 464 32
 485 582 455 502 39
 486 583 456 490 23
 487 584 456 494 39
 488 586 457 476 32
 489 587 457 514 18
 490 588 460 535 35
 491 589 461 508 26
 492 590 461 515 39
 493 591 462 465 37
 494 592 463 497 29
 495 593 463 514 35
 496 594 464 515 35
 497 595 465 494 34
 498 596 468 531 32
 499 599 476 507 38
 500 601 477 501 41
 501 603 478 531 33
 502 606 482 1078 22
 503 607 482 2043 27
 504 610 484 494 32
 505 611 485 489 35
 506 612 486 507 39
 507 613 489 500 35
 508 614 489 505 39
 509 615 490 491 30
 510 616 491 494 31
 511 618 493 500 33
 512 619 493 505 31
 513 621 497 506 38
 514 623 501 515 27
 515 624 503 515 26
 516 625 509 512 25
 517 626 511 524 35
 518 628 519 526 40
 519 630 536 538 40
 520 631 539 540 32
 521 632 539 559 37
 522 633 539 633 23
 523 634 539 737 37
 524 635 539 776 31
 525 636 540 544 33
 526 637 540 634 23
 527 638 540 650 33
 528 639 540 652 34
 529 640 540 653 33
 530 642 542 712 40
 531 643 542 737 40
 532 644 542 751 23
 533 645 543 560 26
 534 646 543 617 35
 535 647 543 740 34
 536 648 544 696 40
 537 649 545 546 34
 538 650 545 587 34
 539 651 545 727 31
 540 652 545 756 37
 541 653 546 575 24
 542 654 546 725 27
 543 655 546 730 24
 544 656 546 739 41
 545 657 546 755 24
 546 658 547 631 40
 547 659 547 672 36
 548 660 547 751 24
 549 661 548 573 22
 550 662 548 660 16
 551 664 549 671 40
 552 665 549 760 33
 553 667 551 746 18
 554 668 551 750 19
 555 669 551 757 25
 556 670 551 784 27
 557 671 552 553 26
 558 672 552 588 23
 559 673 552 643 23
 560 674 552 771 26
 561 675 553 658 23
 562 676 554 703 33
 563 677 554 744 31
 564 678 555 693 33
 565 679 555 785 27
 566 680 556 559 26
 567 681 556 674 23
 568 682 556 781 30
 569 683 557 558 27
 570 684 557 690 23
 571 685 557 733 30
 572 686 558 579 27
 573 687 560 617 25
 574 690 563 569 24
 575 691 563 571 24
 576 692 564 598 30
 577 693 564 655 42
 578 694 564 669 36
 579 695 565 654 33
 580 696 565 655 34
 581 697 565 664 39
 582 698 565 762 34
 583 699 566 568 24
 584 700 566 571 24
 585 701 567 700 23
 586 702 567 716 20
 587 703 568 569 33
 588 704 568 672 33
 589 705 568 712 31
 590 706 569 656 27
 591 707 569 712 32
 592 708 570 666 36
 593 709 570 733 29
 594 710 572 694 34
 595 711 572 722 33
 596 712 573 594 21
 597 713 573 613 26
 598 715 575 741 24
 599 716 576 721 22
 600 717 576 732 29
 601 718 577 581 34
 602 719 577 685 30
 603 720 578 661 25
 604 721 579 582 24
 605 723 581 755 31
 606 724 581 765 32
 607 725 582 688 22
 608 726 582 749 29
 609 727 583 607 31
 610 728 583 619 32
 611 729 584 585 32
 612 730 584 697 39
 613 731 585 778 42
 614 732 586 762 28
 615 733 586 765 28
 616 734 587 628 34
 617 735 588 595 24
 618 736 588 643 22
 619 737 589 717 24
 620 738 589 753 23
 621 739 590 755 31
 622 740 590 780 35
 623 741 591 596 32
 624 742 591 667 36
 625 743 592 593 27
 626 744 592 738 23
 627 745 593 772 22
 628 746 594 713 29
 629 747 595 771 24
 630 748 596 742 31
 631 750 598 675 30
 632 752 600 669 34
 633 753 600 727 37
 634 754 601 630 31
 635 755 601 708 31
 636 756 602 604 33
 637 757 602 615 27
 638 758 603 604 24
 639 759 603 706 24
 640 760 605 615 24
 641 761 605 626 23
 642 762 606 670 32
 643 763 606 926 30
 644 764 607 670 30
 645 766 609 677 27
 646 767 609 680 25
 647 768 610 668 33
 648 769 610 694 37
 649 770 611 683 33
 650 771 611 750 35
 651 772 612 613 34
 652 773 612 769 28
 653 774 613 627 20
 654 775 614 626 23
 655 776 614 707 23
 656 777 615 665 23
 657 778 615 774 25
 658 779 616 618 33
 659 780 616 619 29
 660 781 617 620 36
 661 782 618 620 36
 662 783 619 756 25
 663 784 621 622 36
 664 785 621 746 28
 665 786 622 624 36
 666 787 623 663 30
 667 788 623 712 39
 668 789 625 690 29
 669 790 625 1348 27
 670 791 627 691 21
 671 792 628 699 36
 672 793 628 727 36
 673 794 629 667 37
 674 795 629 763 35
 675 796 630 645 37
 676 797 631 645 43
 677 798 632 634 23
 678 799 632 649 24
 679 800 633 634 24
 680 801 633 645 33
 681 802 635 637 35
 682 803 635 732 22
 683 804 635 742 31
 684 805 636 740 28
 685 806 636 744 32
 686 807 637 743 34
 687 808 638 639 26
 688 809 638 650 30
 689 810 639 650 32
 690 811 639 653 33
 691 812 640 644 33
 692 813 640 653 33
 693 814 641 644 24
 694 815 641 645 25
 695 816 641 647 33
 696 817 642 678 30
 697 818 642 785 29
 698 819 644 645 32
 699 820 644 650 38
 700 821 644 686 32
 701 822 644 734 38
 702 823 645 650 31
 703 824 646 770 22
 704 825 646 773 24
 705 826 647 649 32
 706 827 648 651 30
 707 828 648 652 33
 708 829 651 776 34
 709 830 654 655 35
 710 831 655 701 35
 711 832 656 773 27
 712 833 657 1444 29
 713 834 657 1486 23
 714 835 659 703 20
 715 836 659 703 31
 716 837 661 769 20
 717 838 662 663 37
 718 839 662 760 34
 719 840 662 782 32
 720 841 663 778 31
 721 842 663 780 34
 722 843 664 689 31
 723 844 665 676 24
 724 845 665 706 23
 725 846 666 707 43
 726 847 667 703 40
 727 848 668 696 32
 728 849 670 1469 35
 729 850 671 754 41
 730 852 674 695 23
 731 853 675 758 28
 732 854 677 679 35
 733 855 678 679 27
 734 856 678 684 23
 735 857 678 731 23
 736 858 678 750 31
 737 859 679 683 32
 738 860 679 684 23
 739 861 679 685 33
 740 862 680 688 33
 741 863 680 701 34
 742 865 686 770 30
 743 866 687 745 23
 744 867 687 747 24
 745 868 688 689 31
 746 869 688 1359 31
 747 870 689 749 27
 748 871 689 1402 21
 749 872 691 692 24
 750 873 692 718 21
 751 874 693 694 29
 752 875 695 696 23
 753 876 697 766 40
 754 877 698 702 20
 755 878 698 704 24
 756 879 699 703 40
 757 880 700 710 26
 758 881 702 703 24
 759 882 703 704 24
 760 883 705 709 27
 761 884 705 728 26
 762 885 706 707 24
 763 886 707 772 40
 764 887 709 716 23
 765 888 709 720 31
 766 889 711 714 36
 767 890 711 727 32
 768 891 711 729 25
 769 892 713 720 30
 770 893 714 724 37
 771 894 715 739 40
 772 895 715 1190 39
 773 896 716 717 30
 774 897 716 750 26
 775 898 716 785 28
 776 899 717 719 35
 777 900 717 728 28
 778 901 717 736 22
 779 902 718 719 26
 780 903 721 755 24
 781 904 723 726 32
 782 905 723 748 35
 783 906 724 730 35
 784 907 725 748 34
 785 908 726 727 23
 786 909 726 729 34
 787 910 726 743 37
 788 911 731 754 26
 789 912 734 735 36
 790 913 735 737 33
 791 914 736 777 23
 792 915 738 1430 30
 793 916 740 752 30
 794 917 740 779 27
 795 918 741 752 37
 796 919 744 768 30
 797 920 745 784 24
 798 921 747 777 23
 799 922 750 753 27
 800 923 754 759 33
 801 924 755 781 32
 802 925 757 774 25
 803 926 758 759 25
 804 927 763 764 25
 805 929 764 778 29
 806 930 766 778 45
 807 931 768 779 24
 808 932 770 771 27
 809 933 775 1133 24
 810 934 775 1414 23
 811 935 778 783 24
 812 936 782 783 24
 813 943 792 1240 33
 814 944 792 1525 33
 815 946 794 1334 28
 816 947 794 1385 30
 817 948 795 1108 24
 818 949 795 1520 28
 819 950 796 797 29
 820 952 796 1011 32
 821 953 796 1103 23
 822 954 796 1419 25
 823 958 797 1004 23
 824 959 797 1379 23
 825 961 798 799 23
 826 963 798 1163 24
 827 965 799 996 23
 828 970 802 1087 20
 829 971 802 1586 23
 830 973 804 1345 24
 831 974 804 1426 25
 832 977 807 1328 32
 833 978 807 1479 32
 834 979 808 971 26
 835 980 808 1227 24
 836 981 809 904 23
 837 982 809 1216 24
 838 985 812 860 31
 839 986 812 918 36
 840 987 813 877 28
 841 988 813 1054 35
 842 989 814 1462 35
 843 990 814 1488 22
 844 991 815 928 24
 845 992 815 1156 24
 846 993 815 1315 29
 847 995 817 1079 37
 848 996 817 1477 29
 849 998 819 954 24
 850 999 819 993 24
 851 1000 820 838 35
 852 1001 820 1393 35
 853 1002 821 822 31
 854 1004 821 920 33
 855 1005 821 1076 25
 856 1006 821 1199 32
 857 1009 822 919 24
 858 1010 822 924 28
 859 1011 822 1355 35
 860 1015 825 1232 37
 861 1016 825 1566 37
 862 1017 826 1003 42
 863 1018 826 1566 43
 864 1019 827 911 28
 865 1020 827 1337 24
 866 1022 829 1268 35
 867 1023 829 1489 32
 868 1024 830 883 32
 869 1025 830 1334 24
 870 1028 833 1230 31
 871 1029 833 1553 38
 872 1030 834 886 32
 873 1031 834 991 36
 874 1032 834 1175 30
 875 1033 834 1178 30
 876 1034 834 1467 21
 877 1035 835 1020 27
 878 1036 835 1106 31
 879 1037 836 890 34
 880 1038 836 1105 32
 881 1040 837 1097 22
 882 1041 837 1552 30
 883 1042 838 966 31
 884 1045 840 887 30
 885 1046 840 1562 27
 886 1053 849 1320 24
 887 1054 849 1426 26
 888 1055 850 1087 25
 889 1056 850 1594 24
 890 1057 851 1066 24
 891 1058 851 1328 24
 892 1059 851 1538 29
 893 1060 852 1560 31
 894 1061 852 1589 23
 895 1064 855 997 28
 896 1065 855 1573 31
 897 1068 857 1169 25
 898 1069 857 1293 25
 899 1071 858 1162 31
 900 1073 858 1205 31
 901 1074 858 1372 30
 902 1076 859 1113 39
 903 1078 859 1358 34
 904 1079 859 1362 23
 905 1080 860 1556 33
 906 1081 861 1107 24
 907 1082 861 1585 27
 908 1083 862 947 31
 909 1084 862 1561 35
 910 1087 865 1432 35
 911 1088 865 1575 35
 912 1089 866 1196 34
 913 1090 866 1531 33
 914 1093 869 888 23
 915 1094 869 914 23
 916 1095 870 1214 28
 917 1096 870 1411 27
 918 1097 870 1418 30
 919 1098 871 896 26
 920 1099 871 1418 31
 921 1100 872 1020 29
 922 1101 872 1384 24
 923 1103 874 1098 23
 924 1104 874 1552 28
 925 1106 876 1323 27
 926 1107 876 1389 34
 927 1108 877 1050 24
 928 1109 878 879 31
 929 1110 878 1320 24
 930 1111 878 1543 30
 931 1112 879 1325 25
 932 1113 879 1426 23
 933 1114 882 1470 32
 934 1115 882 1503 30
 935 1116 883 1490 36
 936 1118 885 890 29
 937 1119 885 1476 23
 938 1120 886 1294 32
 939 1121 887 1178 28
 940 1122 888 996 23
 941 1123 889 1076 25
 942 1124 889 1207 22
 943 1125 891 1057 24
 944 1126 891 1459 26
 945 1127 892 893 27
 946 1129 892 1206 25
 947 1130 892 1448 28
 948 1131 893 1312 23
 949 1132 893 1449 27
 950 1133 894 1077 36
 951 1134 894 1514 32
 952 1135 895 986 23
 953 1136 895 1424 23
 954 1137 896 1083 24
 955 1139 898 1289 24
 956 1140 898 2089 24
 957 1142 900 1230 23
 958 1143 900 1482 24
 959 1144 901 961 23
 960 1145 901 1561 34
 961 1147 903 916 35
 962 1148 903 1184 36
 963 1149 904 1201 29
 964 1150 905 906 30
 965 1151 905 1372 33
 966 1152 905 1569 23
 967 1153 906 1095 33
 968 1154 906 1570 23
 969 1158 909 1058 33
 970 1159 909 1245 29
 971 1160 910 1156 24
 972 1161 910 1251 24
 973 1162 911 979 29
 974 1163 911 1478 30
 975 1164 912 965 33
 976 1165 912 1025 23
 977 1166 912 1293 30
 978 1167 912 1294 35
 979 1168 912 1420 23
 980 1169 912 1572 40
 981 1170 913 1454 30
 982 1171 913 1577 25
 983 1172 914 1279 24
 984 1175 915 1095 32
 985 1176 915 1236 30
 986 1179 916 1095 31
 987 1180 917 1413 27
 988 1181 917 1426 24
 989 1182 918 1503 42
 990 1183 919 974 32
 991 1184 919 1049 35
 992 1185 919 1077 35
 993 1186 920 1102 32
 994 1187 920 1343 28
 995 1188 920 1575 36
 996 1189 921 1207 22
 997 1190 921 1344 36
 998 1191 921 1513 28
 999 1193 924 1071 27
 1000 1195 926 1190 35
 1001 1197 928 1220 24
 1002 1198 929 1139 34
 1003 1199 929 1240 31
 1004 1200 929 1410 34
 1005 1206 936 1235 35
 1006 1207 936 1565 36
 1007 1209 938 1095 29
 1008 1210 938 1531 25
 1009 1211 939 1416 36
 1010 1212 939 1513 36
 1011 1217 943 1274 24
 1012 1218 943 1539 23
 1013 1221 947 1229 33
 1014 1222 948 1199 35
 1015 1223 948 1256 33
 1016 1224 949 1087 22
 1017 1225 949 1422 23
 1018 1229 953 1075 28
 1019 1230 953 1184 34
 1020 1231 954 968 26
 1021 1239 961 1282 23
 1022 1240 962 978 35
 1023 1241 962 1581 36
 1024 1242 963 1331 32
 1025 1243 963 1460 31
 1026 1244 964 1338 24
 1027 1245 964 1345 27
 1028 1246 965 973 33
 1029 1247 966 967 33
 1030 1248 966 1149 23
 1031 1249 966 1215 40
 1032 1251 967 982 37
 1033 1252 967 1268 38
 1034 1254 967 1502 28
 1035 1255 968 979 31
 1036 1256 968 1025 33
 1037 1260 971 1382 27
 1038 1261 972 1235 35
 1039 1262 972 1384 33
 1040 1263 973 979 24
 1041 1266 974 1431 35
 1042 1267 975 1354 31
 1043 1268 975 1366 34
 1044 1271 978 998 32
 1045 1272 978 1024 24
 1046 1273 978 1293 35
 1047 1274 978 1318 30
 1048 1275 978 1478 35
 1049 1276 979 1319 33
 1050 1277 979 1501 35
 1051 1279 981 1292 26
 1052 1280 981 1402 23
 1053 1281 982 1470 38
 1054 1284 985 1058 31
 1055 1285 985 1306 29
 1056 1286 986 1307 23
 1057 1292 991 1501 31
 1058 1293 992 1183 23
 1059 1294 992 1459 27
 1060 1295 993 994 24
 1061 1296 994 1289 30
 1062 1297 994 1407 23
 1063 1298 995 1017 23
 1064 1299 995 1112 26
 1065 1300 995 1145 34
 1066 1301 995 1378 24
 1067 1302 995 1539 32
 1068 1303 996 1401 27
 1069 1304 997 1111 36
 1070 1305 997 1127 26
 1071 1306 997 1222 27
 1072 1307 998 1572 31
 1073 1308 999 1241 31
 1074 1309 999 1311 30
 1075 1313 1003 1491 39
 1076 1314 1004 1008 23
 1077 1319 1008 1552 23
 1078 1321 1011 1552 24
 1079 1322 1012 1193 27
 1080 1323 1012 1553 34
 1081 1327 1017 1191 31
 1082 1328 1018 1192 34
 1083 1329 1018 1401 28
 1084 1332 1020 1522 29
 1085 1337 1024 1025 23
 1086 1338 1024 1308 23
 1087 1341 1026 1153 22
 1088 1342 1026 1583 26
 1089 1346 1030 1031 24
 1090 1347 1030 1524 24
 1091 1348 1031 1216 24
 1092 1356 1039 1040 24
 1093 1357 1039 1216 24
 1094 1358 1040 1524 24
 1095 1361 1043 1142 23
 1096 1362 1043 1217 24
 1097 1363 1044 1217 23
 1098 1364 1044 1523 35
 1099 1365 1045 1306 35
 1100 1366 1045 1536 26
 1101 1370 1049 1450 35
 1102 1371 1050 1147 27
 1103 1372 1051 1071 30
 1104 1373 1051 1440 30
 1105 1374 1052 1436 33
 1106 1375 1052 1439 35
 1107 1376 1053 1083 24
 1108 1377 1053 1223 29
 1109 1378 1053 1243 24
 1110 1379 1053 1266 25
 1111 1380 1054 1161 30
 1112 1381 1054 1436 30
 1113 1382 1054 1450 31
 1114 1383 1055 1079 33
 1115 1384 1055 1489 34
 1116 1386 1057 1083 31
 1117 1387 1059 1237 24
 1118 1388 1059 1331 35
 1119 1393 1065 1284 27
 1120 1394 1065 1549 26
 1121 1395 1066 1425 27
 1122 1396 1066 1589 31
 1123 1399 1069 1390 23
 1124 1400 1069 1546 27
 1125 1401 1070 1326 24
 1126 1402 1070 1356 24
 1127 1403 1074 1133 25
 1128 1404 1074 1552 31
 1129 1405 1075 1335 36
 1130 1406 1078 1120 22
 1131 1408 1081 1184 31
 1132 1409 1081 1385 24
 1133 1410 1082 1099 23
 1134 1411 1082 1119 24
 1135 1412 1082 1266 26
 1136 1413 1084 1138 23
 1137 1414 1084 1343 22
 1138 1416 1086 1244 32
 1139 1417 1086 1328 31
 1140 1418 1087 1557 27
 1141 1419 1088 1182 26
 1142 1420 1088 1219 31
 1143 1421 1088 1593 30
 1144 1422 1089 1431 36
 1145 1423 1089 1574 31
 1146 1430 1094 1491 25
 1147 1431 1094 1545 24
 1148 1432 1095 1511 27
 1149 1433 1095 1532 32
 1150 1434 1096 1220 23
 1151 1435 1096 1403 23
 1152 1436 1096 1492 24
 1153 1437 1096 1495 24
 1154 1439 1097 1098 22
 1155 1440 1097 1120 24
 1156 1442 1098 1419 28
 1157 1444 1099 1237 24
 1158 1446 1101 1232 37
 1159 1447 1101 1374 44
 1160 1448 1102 1585 26
 1161 1449 1103 1571 23
 1162 1450 1104 1190 34
 1163 1451 1104 1359 29
 1164 1452 1105 1167 34
 1165 1453 1106 1166 33
 1166 1454 1106 1170 27
 1167 1455 1107 1108 30
 1168 1456 1107 1343 29
 1169 1457 1108 1451 32
 1170 1460 1111 1535 33
 1171 1461 1112 1275 25
 1172 1462 1113 1511 31
 1173 1463 1114 1267 38
 1174 1464 1114 1354 28
 1175 1466 1114 1483 31
 1176 1467 1115 1181 41
 1177 1468 1115 1484 34
 1178 1469 1115 1500 29
 1179 1473 1119 1271 23
 1180 1474 1120 1301 29
 1181 1475 1120 1571 24
 1182 1476 1121 1231 26
 1183 1477 1121 1553 36
 1184 1478 1122 1143 30
 1185 1479 1122 1169 27
 1186 1480 1122 1283 28
 1187 1481 1123 1342 33
 1188 1482 1123 1528 37
 1189 1484 1127 1452 24
 1190 1488 1131 1232 34
 1191 1489 1131 1383 34
 1192 1490 1132 1195 35
 1193 1491 1132 1532 31
 1194 1492 1133 1430 30
 1195 1495 1138 1368 24
 1196 1496 1138 1435 32
 1197 1497 1138 1525 24
 1198 1498 1138 1600 37
 1199 1499 1139 1229 35
 1200 1500 1139 1451 34
 1201 1501 1140 1188 34
 1202 1502 1140 1257 34
 1203 1503 1140 1357 35
 1204 1505 1140 1598 33
 1205 1506 1141 1189 33
 1206 1507 1141 1191 24
 1207 1508 1141 1191 24
 1208 1510 1141 1397 24
 1209 1511 1142 1426 27
 1210 1512 1143 1745 33
 1211 1513 1144 1212 29
 1212 1514 1144 1595 26
 1213 1515 1145 1274 24
 1214 1516 1146 1318 31
 1215 1517 1146 1581 24
 1216 1518 1147 1485 32
 1217 1519 1148 1382 23
 1218 1520 1148 1576 23
 1219 1522 1149 1313 28
 1220 1524 1151 1216 26
 1221 1525 1151 1417 35
 1222 1527 1153 1490 21
 1223 1529 1155 1228 25
 1224 1530 1155 1357 32
 1225 1532 1158 1222 27
 1226 1533 1158 1453 26
 1227 1536 1161 1358 32
 1228 1537 1162 1485 33
 1229 1538 1163 1536 23
 1230 1541 1166 1452 32
 1231 1542 1167 1453 29
 1232 1544 1170 1389 30
 1233 1545 1171 1269 38
 1234 1546 1171 1556 34
 1235 1548 1175 1580 38
 1236 1551 1179 1384 28
 1237 1552 1179 1522 24
 1238 1554 1181 1190 32
 1239 1555 1182 1448 27
 1240 1556 1182 1449 26
 1241 1557 1182 1463 27
 1242 1558 1183 1194 35
 1243 1559 1183 1315 29
 1244 1560 1183 1460 30
 1245 1561 1183 1488 24
 1246 1562 1184 1236 37
 1247 1563 1185 1367 27
 1248 1564 1185 1489 31
 1249 1567 1188 1256 31
 1250 1568 1189 1380 34
 1251 1571 1192 1209 34
 1252 1572 1192 1282 30
 1253 1574 1192 1578 31
 1254 1575 1193 1576 22
 1255 1576 1194 1534 36
 1256 1577 1195 1278 24
 1257 1578 1196 1353 33
 1258 1581 1200 1355 37
 1259 1582 1200 1517 29
 1260 1583 1201 1202 34
 1261 1584 1201 1373 24
 1262 1585 1201 1527 32
 1263 1586 1202 1338 23
 1264 1587 1202 1523 24
 1265 1588 1203 1325 32
 1266 1589 1203 1345 29
 1267 1590 1203 1524 32
 1268 1591 1204 1279 24
 1269 1592 1204 1536 24
 1270 1593 1205 1380 26
 1271 1594 1206 1599 35
 1272 1596 1209 1479 34
 1273 1599 1212 1213 25
 1274 1601 1212 1582 23
 1275 1603 1213 1336 38
 1276 1604 1213 1593 36
 1277 1605 1213 1594 23
 1278 1606 1214 1504 31
 1279 1607 1215 1249 32
 1280 1608 1217 1348 27
 1281 1609 1217 1444 26
 1282 1611 1219 1505 34
 1283 1613 1223 1250 24
 1284 1616 1226 1261 26
 1285 1617 1226 1383 27
 1286 1618 1227 1260 24
 1287 1619 1228 1368 28
 1288 1620 1230 1498 25
 1289 1621 1231 1499 26
 1290 1622 1233 1312 31
 1291 1623 1233 1363 24
 1292 1624 1233 1382 37
 1293 1625 1233 1526 34
 1294 1626 1233 1599 33
 1295 1627 1234 1347 25
 1296 1628 1234 1564 32
 1297 1630 1239 1535 27
 1298 1631 1239 1565 31
 1299 1632 1241 1518 35
 1300 1634 1243 1251 24
 1301 1635 1244 1311 28
 1302 1636 1244 1326 35
 1303 1637 1244 1330 23
 1304 1638 1244 1546 26
 1305 1639 1245 1291 34
 1306 1641 1245 1425 26
 1307 1644 1248 1375 28
 1308 1645 1248 1390 28
 1309 1646 1249 1427 35
 1310 1647 1250 1251 27
 1311 1648 1250 1271 23
 1312 1649 1250 1290 30
 1313 1650 1250 1310 24
 1314 1651 1250 1403 24
 1315 1652 1251 1487 24
 1316 1654 1253 1514 27
 1317 1655 1253 1544 27
 1318 1658 1257 1508 32
 1319 1659 1259 1336 35
 1320 1660 1259 1563 34
 1321 1661 1260 1261 24
 1322 1663 1262 1337 30
 1323 1664 1262 1528 37
 1324 1666 1265 1313 25
 1325 1667 1265 1503 25
 1326 1668 1267 1292 27
 1327 1669 1269 1543 32
 1328 1673 1275 1545 28
 1329 1674 1276 1392 24
 1330 1675 1276 1536 34
 1331 1676 1277 1339 29
 1332 1677 1277 1500 32
 1333 1678 1278 1569 23
 1334 1679 1283 1454 24
 1335 1681 1284 1417 34
 1336 1682 1285 1298 23
 1337 1683 1285 1408 22
 1338 1685 1290 1495 24
 1339 1686 1291 1435 29
 1340 1687 1293 1467 32
 1341 1688 1293 1577 24
 1342 1689 1294 1577 23
 1343 1690 1295 1328 28
 1344 1691 1295 1475 30
 1345 1693 1298 1418 25
 1346 1694 1301 1342 37
 1347 1695 1303 1507 33
 1348 1696 1303 1598 32
 1349 1699 1307 1538 23
 1350 1700 1308 1420 23
 1351 1701 1309 1562 25
 1352 1702 1309 1802 29
 1353 1703 1310 1462 31
 1354 1704 1311 1329 30
 1355 1708 1319 1580 35
 1356 1711 1323 1360 36
 1357 1712 1329 1538 30
 1358 1713 1329 1587 34
 1359 1714 1330 1587 23
 1360 1717 1335 1374 37
 1361 1718 1339 1503 32
 1362 1720 1343 1344 35
 1363 1721 1343 1574 31
 1364 1722 1344 1520 24
 1365 1723 1346 1426 22
 1366 1724 1346 1527 24
 1367 1725 1346 1579 25
 1368 1726 1347 1553 31
 1369 1727 1351 1452 35
 1370 1728 1351 1494 30
 1371 1730 1353 1539 32
 1372 1731 1356 1390 29
 1373 1732 1360 1476 33
 1374 1734 1362 1570 23
 1375 1735 1363 1499 29
 1376 1737 1366 1502 35
 1377 1738 1367 1432 27
 1378 1739 1369 1533 36
 1379 1740 1369 1601 34
 1380 1743 1373 1524 24
 1381 1744 1375 1376 32
 1382 1745 1375 1445 24
 1383 1746 1376 1392 28
 1384 1747 1376 1538 23
 1385 1749 1378 1540 24
 1386 1750 1379 1388 24
 1387 1752 1382 1383 36
 1388 1753 1383 1482 39
 1389 1754 1383 1576 22
 1390 1755 1384 1565 37
 1391 1757 1388 1552 23
 1392 1758 1389 1537 34
 1393 1760 1393 1394 33
 1394 1761 1394 1502 34
 1395 1763 1397 1443 25
 1396 1764 1398 1416 30
 1397 1765 1398 1544 28
 1398 1772 1407 1581 23
 1399 1773 1408 1411 30
 1400 1774 1410 1601 32
 1401 1776 1413 1556 26
 1402 1777 1414 1430 23
 1403 1778 1415 1453 28
 1404 1779 1415 1537 39
 1405 1780 1416 1440 29
 1406 1781 1416 1514 31
 1407 1783 1417 1548 35
 1408 1785 1421 1422 32
 1409 1786 1421 1423 26
 1410 1787 1423 1463 27
 1411 1788 1424 1445 24
 1412 1789 1426 1489 32
 1413 1790 1427 1431 30
 1414 1791 1427 1432 24
 1415 1792 1430 1595 26
 1416 1793 1431 1432 34
 1417 1794 1431 1489 25
 1418 1797 1435 1475 34
 1419 1798 1435 1518 22
 1420 1801 1439 1513 34
 1421 1804 1443 1540 28
 1422 1811 1461 1533 32
 1423 1812 1461 1600 23
 1424 1814 1469 1470 36
 1425 1815 1469 1515 33
 1426 1818 1477 1574 32
 1427 1819 1483 1503 33
 1428 1820 1484 1502 31
 1429 1821 1486 1549 22
 1430 1822 1487 1492 24
 1431 1823 1490 1491 41
 1432 1825 1494 1537 31
 1433 1828 1498 1526 29
 1434 1829 1502 1503 35
 1435 1830 1502 1515 32
 1436 1831 1504 1534 34
 1437 1833 1505 1557 28
 1438 1834 1506 1508 33
 1439 1835 1506 1517 33
 1440 1836 1507 1517 31
 1441 1844 1540 1583 27
 1442 1846 1548 1579 25
 1443 1847 1560 1578 27
 1444 1849 1563 1564 26
 1445 1850 1565 1573 39
 1446 1853 1580 1581 33
 1447 1854 1582 1586 23
 1448 1857 1602 1729 39
 1449 1858 1602 2001 34
 1450 1860 1603 1759 32
 1451 1861 1603 2103 30
 1452 1863 1606 1673 22
 1453 1864 1606 2095 27
 1454 1865 1607 1809 26
 1455 1866 1607 2226 28
 1456 1867 1608 1687 35
 1457 1868 1608 1826 36
 1458 1869 1609 1700 26
 1459 1870 1609 1823 40
 1460 1871 1609 2087 29
 1461 1873 1610 1623 21
 1462 1874 1610 1987 23
 1463 1875 1612 1641 25
 1464 1876 1612 1662 29
 1465 1877 1613 1859 23
 1466 1878 1613 1921 37
 1467 1881 1616 1848 31
 1468 1882 1616 2071 28
 1469 1883 1617 1618 30
 1470 1884 1617 1840 21
 1471 1886 1618 1619 23
 1472 1887 1618 1651 22
 1473 1889 1619 1777 26
 1474 1890 1619 1839 22
 1475 1893 1620 1897 33
 1476 1894 1620 2059 27
 1477 1895 1622 1894 37
 1478 1896 1622 2076 30
 1479 1897 1623 1830 28
 1480 1898 1623 1832 32
 1481 1899 1623 2383 26
 1482 1900 1624 1734 29
 1483 1901 1624 1889 21
 1484 1902 1624 1898 20
 1485 1903 1624 2383 24
 1486 1908 1628 2107 27
 1487 1909 1628 2112 34
 1488 1910 1629 1659 33
 1489 1911 1629 1823 33
 1490 1914 1632 1664 25
 1491 1915 1632 1693 27
 1492 1916 1633 1874 29
 1493 1917 1633 1906 31
 1494 1918 1634 1860 26
 1495 1919 1634 2113 27
 1496 1921 1635 1743 21
 1497 1922 1635 1810 28
 1498 1923 1637 1748 37
 1499 1925 1637 1932 33
 1500 1927 1638 1990 39
 1501 1928 1638 2044 39
 1502 1929 1638 2070 30
 1503 1930 1639 1735 35
 1504 1931 1639 2103 29
 1505 1932 1640 1903 37
 1506 1933 1640 2015 35
 1507 1934 1641 2020 27
 1508 1939 1644 1761 23
 1509 1940 1644 1971 25
 1510 1941 1645 1650 33
 1511 1942 1645 1776 34
 1512 1943 1646 1655 29
 1513 1944 1646 1674 29
 1514 1946 1647 1731 27
 1515 1947 1647 1767 19
 1516 1952 1649 1752 21
 1517 1953 1649 1884 35
 1518 1954 1649 1948 33
 1519 1955 1649 1956 28
 1520 1956 1650 1930 18
 1521 1957 1650 1931 37
 1522 1958 1650 2068 24
 1523 1959 1650 2077 18
 1524 1960 1651 1916 23
 1525 1961 1652 1663 25
 1526 1962 1652 1804 27
 1527 1963 1653 1918 23
 1528 1964 1653 2018 26
 1529 1965 1654 1669 28
 1530 1966 1654 1950 36
 1531 1967 1655 1901 30
 1532 1968 1656 1673 18
 1533 1969 1656 1917 18
 1534 1970 1657 2002 31
 1535 1971 1657 2106 34
 1536 1972 1658 1693 28
 1537 1973 1658 1845 37
 1538 1974 1658 1913 18
 1539 1975 1658 2078 30
 1540 1976 1659 1985 29
 1541 1979 1661 1667 20
 1542 1980 1661 1804 30
 1543 1981 1662 1788 37
 1544 1982 1662 1826 33
 1545 1983 1663 1992 30
 1546 1985 1664 1775 36
 1547 1986 1664 2020 25
 1548 1987 1666 1667 33
 1549 1988 1666 1983 32
 1550 1989 1667 2038 20
 1551 1993 1669 1700 26
 1552 1994 1669 1758 38
 1553 1998 1673 1986 28
 1554 1999 1674 1854 21
 1555 2000 1674 1893 22
 1556 2001 1674 1918 29
 1557 2002 1675 1684 21
 1558 2003 1675 1917 15
 1559 2004 1676 1864 21
 1560 2005 1676 1945 26
 1561 2010 1680 1681 26
 1562 2011 1680 1921 23
 1563 2012 1680 1960 24
 1564 2014 1680 2012 27
 1565 2015 1681 1834 23
 1566 2016 1681 1859 28
 1567 2017 1681 1904 37
 1568 2018 1681 2096 24
 1569 2019 1682 1683 22
 1570 2020 1682 2029 24
 1571 2021 1683 1684 23
 1572 2022 1684 2015 21
 1573 2025 1686 1720 32
 1574 2026 1686 1827 37
 1575 2027 1686 1962 30
 1576 2029 1687 1983 31
 1577 2030 1688 1835 32
 1578 2031 1688 2086 20
 1579 2036 1691 1861 22
 1580 2037 1691 1874 27
 1581 2039 1694 1832 38
 1582 2040 1694 1963 33
 1583 2044 1701 1912 36
 1584 2045 1701 1922 35
 1585 2046 1703 1788 23
 1586 2047 1703 1951 33
 1587 2048 1704 1956 20
 1588 2049 1704 2112 22
 1589 2050 1705 1814 32
 1590 2051 1705 1974 33
 1591 2055 1709 2046 30
 1592 2056 1709 2112 28
 1593 2060 1712 1760 46
 1594 2061 1712 1762 35
 1595 2064 1715 1748 36
 1596 2065 1715 2022 35
 1597 2066 1716 1739 22
 1598 2067 1716 1847 20
 1599 2070 1717 1967 26
 1600 2071 1717 2108 20
 1601 2072 1719 2085 29
 1602 2073 1719 2087 24
 1603 2074 1720 2071 29
 1604 2077 1723 1731 21
 1605 2078 1723 1838 21
 1606 2079 1724 1795 32
 1607 2080 1724 1906 38
 1608 2082 1726 1727 31
 1609 2083 1726 1756 24
 1610 2084 1726 1766 29
 1611 2085 1727 1825 28
 1612 2088 1729 1787 38
 1613 2089 1730 1884 25
 1614 2090 1730 1981 33
 1615 2092 1733 1735 30
 1616 2093 1733 1737 36
 1617 2094 1734 1767 29
 1618 2096 1734 1830 23
 1619 2098 1737 1993 32
 1620 2100 1739 1959 22
 1621 2101 1739 1969 33
 1622 2104 1742 1743 32
 1623 2105 1742 1963 32
 1624 2106 1744 1901 23
 1625 2107 1744 1906 31
 1626 2108 1744 1999 15
 1627 2109 1745 2043 21
 1628 2110 1746 1862 28
 1629 2111 1746 2085 22
 1630 2113 1747 2041 32
 1631 2114 1747 2044 36
 1632 2115 1747 2056 30
 1633 2118 1748 2055 23
 1634 2119 1748 2061 32
 1635 2120 1748 2114 32
 1636 2124 1752 1783 19
 1637 2125 1753 1772 28
 1638 2128 1756 1794 36
 1639 2130 1758 1822 39
 1640 2131 1759 1801 35
 1641 2132 1760 1863 23
 1642 2133 1760 1888 29
 1643 2134 1760 1964 24
 1644 2135 1761 1855 33
 1645 2136 1761 1883 36
 1646 2137 1761 2234 32
 1647 2139 1766 1935 28
 1648 2144 1772 1801 33
 1649 2147 1776 1777 27
 1650 2148 1776 1942 23
 1651 2149 1778 1782 25
 1652 2150 1778 1919 25
 1653 2153 1781 1920 20
 1654 2154 1781 2077 24
 1655 2155 1782 1783 19
 1656 2156 1784 1919 24
 1657 2157 1784 2067 30
 1658 2161 1789 1790 22
 1659 2162 1789 1919 24
 1660 2163 1790 2113 25
 1661 2166 1794 1796 38
 1662 2167 1795 1894 36
 1663 2168 1796 1843 29
 1664 2169 1796 1878 31
 1665 2173 1802 2092 31
 1666 2175 1807 1829 22
 1667 2176 1807 1839 21
 1668 2177 1809 1964 20
 1669 2179 1810 2090 28
 1670 2181 1812 1865 20
 1671 2182 1812 1865 20
 1672 2185 1814 1969 37
 1673 2186 1814 2069 36
 1674 2189 1818 1819 27
 1675 2190 1818 2068 26
 1676 2191 1819 1885 38
 1677 2193 1822 1828 35
 1678 2195 1822 1952 31
 1679 2196 1823 1910 35
 1680 2197 1823 2084 27
 1681 2198 1824 1906 34
 1682 2199 1824 1926 35
 1683 2200 1825 2101 29
 1684 2201 1827 1985 38
 1685 2202 1828 2098 32
 1686 2203 1829 1942 23
 1687 2204 1830 1838 23
 1688 2205 1831 1846 18
 1689 2206 1831 1864 24
 1690 2207 1833 1976 26
 1691 2208 1833 2047 30
 1692 2209 1834 1960 23
 1693 2210 1835 1944 32
 1694 2211 1836 1975 33
 1695 2212 1836 2102 39
 1696 2213 1837 1962 35
 1697 2214 1837 2102 38
 1698 2215 1839 2010 38
 1699 2216 1839 2100 21
 1700 2217 1840 2010 39
 1701 2220 1843 2000 31
 1702 2222 1845 1939 30
 1703 2223 1845 1945 16
 1704 2224 1846 1992 25
 1705 2225 1846 2080 39
 1706 2226 1847 1925 24
 1707 2227 1848 1939 28
 1708 2229 1850 1945 30
 1709 2230 1850 1991 33
 1710 2232 1853 1926 39
 1711 2233 1853 1986 37
 1712 2234 1854 1924 22
 1713 2235 1855 2101 31
 1714 2236 1856 1986 34
 1715 2237 1856 2047 30
 1716 2239 1860 1862 28
 1717 2240 1861 2093 36
 1718 2241 1863 2023 24
 1719 2244 1865 1963 28
 1720 2245 1865 2090 35
 1721 2249 1869 1877 33
 1722 2250 1869 1978 33
 1723 2251 1873 1881 33
 1724 2253 1873 2013 28
 1725 2254 1873 2070 28
 1726 2255 1875 1876 32
 1727 2256 1875 1877 33
 1728 2257 1876 1878 35
 1729 2258 1877 1880 33
 1730 2260 1878 1935 22
 1731 2261 1880 1932 31
 1732 2262 1880 1947 25
 1733 2263 1880 2050 30
 1734 2264 1881 2000 29
 1735 2265 1881 2033 27
 1736 2266 1881 2035 34
 1737 2267 1881 2079 38
 1738 2269 1882 2273 34
 1739 2270 1882 2333 28
 1740 2271 1883 2064 21
 1741 2272 1883 2244 37
 1742 2273 1883 2278 36
 1743 2274 1884 2061 33
 1744 2276 1885 1934 33
 1745 2279 1888 1943 39
 1746 2281 1889 1987 31
 1747 2282 1891 1892 31
 1748 2283 1891 2021 31
 1749 2284 1892 2041 27
 1750 2285 1893 1923 22
 1751 2286 1895 1900 24
 1752 2287 1895 1927 35
 1753 2289 1897 1988 35
 1754 2291 1898 2014 23
 1755 2292 1900 1903 19
 1756 2293 1900 2073 33
 1757 2294 1901 1924 25
 1758 2295 1902 2002 31
 1759 2296 1902 2073 23
 1760 2299 1906 1907 32
 1761 2301 1906 1959 30
 1762 2302 1907 1914 15
 1763 2303 1907 1929 35
 1764 2306 1910 2097 40
 1765 2307 1911 1996 28
 1766 2308 1911 2112 30
 1767 2309 1912 2096 23
 1768 2310 1913 2086 19
 1769 2312 1914 1975 22
 1770 2313 1914 2038 29
 1771 2314 1916 2100 22
 1772 2316 1920 2072 25
 1773 2317 1921 1922 36
 1774 2318 1921 1995 32
 1775 2319 1922 2012 36
 1776 2320 1922 2080 36
 1777 2321 1923 2076 27
 1778 2322 1925 1933 37
 1779 2323 1927 2073 24
 1780 2324 1929 2018 34
 1781 2325 1930 2074 31
 1782 2326 1931 1977 33
 1783 2327 1933 2095 36
 1784 2328 1934 1988 31
 1785 2333 1943 1993 37
 1786 2334 1944 2049 22
 1787 2336 1947 1948 35
 1788 2338 1950 1951 34
 1789 2339 1952 1953 35
 1790 2340 1953 2093 35
 1791 2341 1955 1956 37
 1792 2342 1955 2033 33
 1793 2347 1965 2048 20
 1794 2348 1965 2084 32
 1795 2349 1966 2090 35
 1796 2350 1966 2114 33
 1797 2351 1967 1987 32
 1798 2352 1968 2048 23
 1799 2353 1968 2113 30
 1800 2354 1970 1999 14
 1801 2355 1970 2038 16
 1802 2356 1971 2047 28
 1803 2358 1974 1976 36
 1804 2359 1977 2037 19
 1805 2360 1978 2013 28
 1806 2364 1981 1987 33
 1807 2366 1987 2014 23
 1808 2367 1988 2108 19
 1809 2368 1989 1991 32
 1810 2369 1989 2049 31
 1811 2370 1990 2079 42
 1812 2371 1995 2078 35
 1813 2372 1996 2085 33
 1814 2373 2001 2023 30
 1815 2384 2021 2056 33
 1816 2385 2021 2058 36
 1817 2386 2022 2035 30
 1818 2387 2022 2037 33
 1819 2389 2029 2064 22
 1820 2391 2034 2050 34
 1821 2392 2034 2058 31
 1822 2395 2037 2055 30
 1823 2396 2038 2106 20
 1824 2399 2046 2069 30
 1825 2403 2059 2091 18
 1826 2404 2067 2107 31
 1827 2405 2072 2074 23
 1828 2409 2088 2089 31
 1829 2410 2088 2092 24
 1830 2411 2090 2091 28
 1831 2412 2097 2099 33
 1832 2413 2098 2099 34
 1833 2415 2116 2166 35
 1834 2416 2116 2167 35
 1835 2417 2117 2216 24
 1836 2418 2117 2235 25
 1837 2419 2118 2131 35
 1838 2420 2118 2134 39
 1839 2421 2119 2123 21
 1840 2422 2119 2220 26
 1841 2424 2119 2368 24
 1842 2425 2119 2368 24
 1843 2427 2120 2245 30
 1844 2428 2120 2365 28
 1845 2430 2121 2158 23
 1846 2431 2121 2199 22
 1847 2432 2121 2380 29
 1848 2434 2123 2306 26
 1849 2435 2124 2129 33
 1850 2436 2124 2250 24
 1851 2437 2124 2308 39
 1852 2438 2125 2229 29
 1853 2439 2125 2377 26
 1854 2440 2126 2132 29
 1855 2441 2126 2194 39
 1856 2442 2127 2284 21
 1857 2443 2127 2290 33
 1858 2445 2129 2193 34
 1859 2447 2131 2306 28
 1860 2448 2132 2196 34
 1861 2451 2134 2194 35
 1862 2453 2135 2164 24
 1863 2454 2135 2268 22
 1864 2455 2136 2251 37
 1865 2456 2136 2282 39
 1866 2457 2137 2142 30
 1867 2459 2137 2348 35
 1868 2460 2138 2139 34
 1869 2461 2138 2169 30
 1870 2462 2138 2173 25
 1871 2463 2138 2377 32
 1872 2464 2139 2255 32
 1873 2465 2139 2304 35
 1874 2467 2140 2349 24
 1875 2468 2140 2349 24
 1876 2469 2141 2345 28
 1877 2470 2141 2357 30
 1878 2471 2142 2316 32
 1879 2472 2143 2187 36
 1880 2473 2143 2294 34
 1881 2477 2147 2169 34
 1882 2478 2147 2233 38
 1883 2481 2150 2229 28
 1884 2482 2150 2322 27
 1885 2483 2151 2164 22
 1886 2484 2151 2323 23
 1887 2485 2152 2260 37
 1888 2486 2152 2290 37
 1889 2488 2154 2200 34
 1890 2489 2154 2303 34
 1891 2490 2155 2360 19
 1892 2491 2155 2362 20
 1893 2492 2156 2157 23
 1894 2493 2156 2366 24
 1895 2494 2157 2158 22
 1896 2495 2157 2214 26
 1897 2496 2157 2351 24
 1898 2497 2158 2213 23
 1899 2498 2159 2160 27
 1900 2499 2159 2165 38
 1901 2500 2159 2251 31
 1902 2501 2159 2284 22
 1903 2502 2159 2375 24
 1904 2503 2160 2279 19
 1905 2504 2161 2298 25
 1906 2505 2161 2375 27
 1907 2508 2165 2233 34
 1908 2509 2165 2263 40
 1909 2510 2165 2296 37
 1910 2511 2165 2328 28
 1911 2512 2166 2168 32
 1912 2513 2166 2171 36
 1913 2514 2166 2282 38
 1914 2516 2166 2338 27
 1915 2517 2167 2169 34
 1916 2518 2167 2286 36
 1917 2519 2167 2287 28
 1918 2521 2168 2263 37
 1919 2522 2168 2275 25
 1920 2524 2169 2299 24
 1921 2526 2170 2205 32
 1922 2527 2170 2206 38
 1923 2528 2170 2241 34
 1924 2529 2170 2275 34
 1925 2530 2170 2327 24
 1926 2531 2170 2367 31
 1927 2532 2171 2330 30
 1928 2533 2172 2173 32
 1929 2534 2172 2180 24
 1930 2535 2172 2341 31
 1931 2536 2172 2356 31
 1932 2537 2173 2179 32
 1933 2538 2173 2332 24
 1934 2539 2174 2257 30
 1935 2540 2174 2267 32
 1936 2544 2177 2232 33
 1937 2545 2177 2352 35
 1938 2546 2178 2199 30
 1939 2547 2178 2209 31
 1940 2548 2179 2299 30
 1941 2549 2180 2332 24
 1942 2553 2184 2286 39
 1943 2554 2184 2296 37
 1944 2556 2186 2188 28
 1945 2557 2186 2193 36
 1946 2558 2186 2309 31
 1947 2559 2187 2221 32
 1948 2560 2187 2225 29
 1949 2561 2187 2352 40
 1950 2562 2188 2221 38
 1951 2563 2188 2324 27
 1952 2566 2191 2228 32
 1953 2567 2191 2250 28
 1954 2568 2191 2276 28
 1955 2569 2191 2335 27
 1956 2570 2192 2237 23
 1957 2571 2192 2274 28
 1958 2572 2195 2196 24
 1959 2573 2195 2212 33
 1960 2574 2195 2336 22
 1961 2575 2195 2368 38
 1962 2576 2196 2204 34
 1963 2577 2196 2220 37
 1964 2579 2197 2274 31
 1965 2580 2197 2333 33
 1966 2581 2198 2258 28
 1967 2582 2198 2272 26
 1968 2583 2200 2361 24
 1969 2586 2203 2205 30
 1970 2588 2203 2328 31
 1971 2589 2204 2210 28
 1972 2590 2206 2356 33
 1973 2592 2208 2255 35
 1974 2593 2208 2341 35
 1975 2594 2209 2351 28
 1976 2595 2210 2316 31
 1977 2596 2211 2214 25
 1978 2597 2211 2224 25
 1979 2598 2212 2295 32
 1980 2599 2213 2224 28
 1981 2600 2215 2217 37
 1982 2601 2215 2278 36
 1983 2602 2216 2218 19
 1984 2603 2217 2237 37
 1985 2604 2218 2245 31
 1986 2607 2221 2223 29
 1987 2608 2221 2238 31
 1988 2609 2222 2227 22
 1989 2610 2222 2352 25
 1990 2611 2223 2240 22
 1991 2612 2224 2318 20
 1992 2613 2225 2276 29
 1993 2614 2226 2362 22
 1994 2615 2227 2339 20
 1995 2616 2228 2267 30
 1996 2617 2229 2230 25
 1997 2618 2230 2355 23
 1998 2619 2231 2236 34
 1999 2620 2231 2334 33
 2000 2621 2232 2292 20
 2001 2622 2232 2362 28
 2002 2623 2233 2259 23
 2003 2624 2233 2259 23
 2004 2625 2234 2361 30
 2005 2626 2235 2257 23
 2006 2627 2236 2359 26
 2007 2629 2237 2273 30
 2008 2630 2238 2298 29
 2009 2631 2239 2268 33
 2010 2632 2239 2380 24
 2011 2633 2240 2335 22
 2012 2634 2241 2338 33
 2013 2635 2242 2246 35
 2014 2636 2242 2280 40
 2015 2637 2243 2309 34
 2016 2638 2243 2324 32
 2017 2639 2244 2310 38
 2018 2641 2246 2258 36
 2019 2643 2249 2262 34
 2020 2646 2254 2323 25
 2021 2647 2254 2380 25
 2022 2648 2256 2283 34
 2023 2649 2256 2287 32
 2024 2650 2257 2258 31
 2025 2651 2257 2260 26
 2026 2652 2257 2262 34
 2027 2653 2258 2261 29
 2028 2654 2260 2261 31
 2029 2655 2260 2271 35
 2030 2656 2260 2331 28
 2031 2658 2261 2272 36
 2032 2659 2261 2365 27
 2033 2660 2264 2270 35
 2034 2661 2264 2271 29
 2035 2662 2265 2355 21
 2036 2663 2265 2378 20
 2037 2664 2270 2272 25
 2038 2665 2273 2274 35
 2039 2666 2273 2310 29
 2040 2669 2279 2280 38
 2041 2670 2281 2334 31
 2042 2671 2281 2338 36
 2043 2672 2283 2326 27
 2044 2674 2288 2344 39
 2045 2675 2288 2345 27
 2046 2678 2292 2308 24
 2047 2679 2293 2327 25
 2048 2680 2293 2330 32
 2049 2681 2294 2336 32
 2050 2682 2295 2379 34
 2051 2683 2300 2304 36
 2052 2684 2300 2353 22
 2053 2685 2300 2354 33
 2054 2686 2303 2343 41
 2055 2691 2317 2329 31
 2056 2692 2317 2350 28
 2057 2693 2318 2321 23
 2058 2695 2321 2323 27
 2059 2696 2322 2323 30
 2060 2697 2323 2329 32
 2061 2698 2323 2380 26
 2062 2699 2324 2359 27
 2063 2700 2324 2379 32
 2064 2701 2326 2367 35
 2065 2702 2339 2340 38
 2066 2703 2339 2342 35
 2067 2704 2339 2343 39
 2068 2705 2342 2343 24
 2069 2706 2342 2344 36
 2070 2707 2342 2347 24
 2071 2708 2342 2347 27
 2072 2709 2348 2379 34
 2073 2710 2350 2366 23
 2074 2711 2353 2378 31
 2075 2712 2354 2377 38
 2076 2713 2357 2358 35
 2077 2714 2357 2363 35
 2078 2715 2357 2372 30
 2079 2716 2357 2372 30
 2080 2717 2358 2361 32
 2081 2718 2360 2363 33
 2082 2719 2361 2362 26
 2083 2722 2377 2378 25
 2084 2723 2380 2381 35
 2085 2725 355 1 26
 2086 2726 354 2 33
 2087 2727 219 3 20
 2088 2728 220 3 27
 2089 2729 245 4 46
 2090 2730 246 4 36
 2091 2731 5 6 38
 2092 2732 309 5 39
 2093 2733 309 5 34
 2094 2734 310 6 44
 2095 2735 321 7 51
 2096 2736 322 7 50
 2097 2737 332 9 39
 2098 2738 346 10 35
 2099 2739 347 10 35
 2100 2740 352 11 46
 2101 2741 353 11 40
 2102 2742 359 12 42
 2103 2743 360 12 44
 2104 2744 365 13 39
 2105 2745 366 13 26
 2106 2746 367 14 38
 2107 2747 368 14 47
 2108 2748 374 15 49
 2109 2749 16 18 26
 2110 2750 17 18 27
 2111 2751 425 19 33
 2112 2752 447 20 31
 2113 2753 448 20 25
 2114 2754 502 21 39
 2115 2755 526 22 47
 2116 2756 527 22 41
 2117 2757 540 23 39
 2118 2758 545 24 35
 2119 2759 564 25 33
 2120 2760 568 26 39
 2121 2761 29 32 30
 2122 2762 613 29 36
 2123 2763 615 33 26
 2124 2764 617 35 37
 2125 2765 644 36 40
 2126 2766 645 36 42
 2127 2767 663 37 35
 2128 2769 679 40 36
 2129 2770 41 43 27
 2130 2771 689 42 41
 2131 2772 706 47 24
 2132 2773 707 47 24
 2133 2774 717 48 27
 2134 2775 716 49 29
 2135 2776 726 50 37
 2136 2777 727 51 36
 2137 2778 754 52 34
 2138 2779 778 55 37
 2139 2780 796 56 21
 2140 2781 821 59 34
 2141 2782 834 60 34
 2142 2783 836 60 35
 2143 2784 66 67 24
 2144 2785 911 67 31
 2145 2786 912 67 21
 2146 2787 978 68 28
 2147 2788 979 68 28
 2148 2789 995 69 33
 2149 2790 996 69 24
 2150 2791 1059 71 31
 2151 2793 73 75 25
 2152 2794 74 76 22
 2153 2795 1095 77 33
 2154 2796 1096 77 22
 2155 2797 1106 78 38
 2156 2798 1114 80 35
 2157 2799 1115 81 38
 2158 2800 1138 82 30
 2159 2801 1139 82 34
 2160 2802 1141 83 37
 2161 2803 1192 84 24
 2162 2804 1182 85 33
 2163 2805 1184 86 36
 2164 2806 1213 87 28
 2165 2807 1217 89 36
 2166 2808 1244 90 33
 2167 2809 1343 91 35
 2168 2810 1382 92 42
 2169 2811 1384 92 32
 2170 2812 1418 93 35
 2171 2813 1426 96 35
 2172 2815 1502 98 44
 2173 2816 1504 100 34
 2174 2817 1505 101 36
 2175 2818 1524 102 26
 2176 2819 103 106 29
 2177 2820 1536 103 23
 2178 2821 1538 104 35
 2179 2822 1552 107 23
 2180 2823 1553 107 41
 2181 2824 1603 111 24
 2182 2825 1623 113 26
 2183 2826 1624 113 23
 2184 2827 1647 114 21
 2185 2828 1649 115 24
 2186 2829 1650 116 20
 2187 2830 1655 117 26
 2188 2831 1680 118 34
 2189 2832 1686 120 32
 2190 2833 1687 120 27
 2191 2834 1747 121 38
 2192 2835 1748 121 34
 2193 2836 1760 123 22
 2194 2837 1762 123 36
 2195 2838 1764 123 22
 2196 2839 1761 124 21
 2197 2840 1763 124 22
 2198 2841 1775 125 33
 2199 2842 126 127 25
 2200 2843 1814 129 23
 2201 2844 1822 130 34
 2202 2845 1823 130 31
 2203 2846 131 133 34
 2204 2847 1839 131 40
 2205 2848 132 134 29
 2206 2849 1840 132 40
 2207 2850 1845 135 32
 2208 2851 1846 135 21
 2209 2852 1880 138 20
 2210 2853 1881 138 26
 2211 2854 1882 140 35
 2212 2855 1902 141 30
 2213 2856 1903 141 31
 2214 2857 1904 142 33
 2215 2859 143 145 26
 2216 2860 1907 144 32
 2217 2861 1906 145 29
 2218 2862 1919 147 33
 2219 2863 1920 148 27
 2220 2864 1925 149 29
 2221 2865 1987 150 25
 2222 2866 1988 151 33
 2223 2867 2090 152 22
 2224 2868 2112 154 33
 2225 2869 2113 154 24
 2226 2870 2134 155 44
 2227 2871 156 158 18
 2228 2872 2157 157 22
 2229 2873 2165 159 33
 2230 2874 2166 160 29
 2231 2875 2170 161 32
 2232 2876 2169 162 36
 2233 2877 163 165 42
 2234 2878 2188 163 32
 2235 2879 2186 164 30
 2236 2880 2187 165 46
 2237 2881 2195 166 39
 2238 2882 2196 167 38
 2239 2883 2258 169 36
 2240 2884 2260 170 27
 2241 2885 2261 171 25
 2242 2886 2339 172 41
 2243 2887 2340 173 36
 2244 2888 2357 174 36
 2245 2889 2357 175 34
 2246 2890 2377 176 31
 2247 2891 2378 176 32
 2248 2892 2380 178 42
 2249 2893 2381 179 35
 2250 2894 1764 1760 35
 2251 2895 1763 1761 21
