72.416047
-72.416047
122.018420
-122.018420
145.091010
-56.176494
-88.914516
-216.886485
140.818471
147.333969
154.986534
-80.670660
-88.430951
-57.150878
-271.388309
-87.639268
-0.692119
-91.528461
-91.528461
-304.668431
131.952380
-114.718033
465.242716
-251.852425
-25.040903
9.734792
-30.353730
-124.990867
176.837438
-171.684507
-139.027975
-304.668431
-131.952380
-123.119352
-17.305274
-100.500483
204.407013
252.578049
-95.323909
-119.605164
-101.237519
122.366832
-96.792043
-50.615692
161.821392
-71.999444
-80.087156
262.355347
-70.301425
-44.719953
471.272223
402.245326
-183.744929
137.101813
85.232592
212.676221
137.971963
-210.628450
-88.805309
130.071121
217.761530
99.618645
-129.972376
-8.341445
-112.907136
-89.379869
-124.990867
-7.067870
-69.145573
-4.457218
-40.334211
47.593706
77.924371
-85.183865
62.082665
-62.082665
84.824991
-99.286102
66.627354
-52.166243
74.503664
-74.503664
70.783517
-81.660144
-84.580904
-95.457531
-57.336266
-128.119784
-27.991813
-260.551399
-56.097743
-22.418730
-5.388146
-56.007205
-21.200608
-559.187996
41.214712
-298.636597
-81.660144
-157.777146
-248.122090
-90.344943
-89.655057
-68.122090
-150.587008
-148.049589
12.916038
-53.250249
87.419702
105.150712
-63.936000
249.030714
-143.880002
-209.117485
-73.837989
29.696486
-62.536997
-128.710020
-78.278468
-196.988606
-119.989404
-338.773892
8.413499
21.160758
-59.951515
-59.921748
-53.246041
-53.753593
-53.285890
-353.801444
74.242280
49.738332
-108.953059
-105.679354
21.361731
-21.361731
174.000000
-86.580298
116.476134
-116.476134
18.384000
17.584000
57.768528
12.675183
-70.443711
-38.817757
74.203412
-47.793287
-65.227883
55.063943
-67.632060
248.800000
-236.231883
-193.736057
248.800000
-202.714671
-118.819781
-177.514182
-48.338838
124.597824
-166.578168
-145.350295
-38.661774
-43.052789
-59.120789
-149.223873
-59.495228
-208.719101
-664.194469
85.437874
42.119022
-26.702263
13.316163
19.476801
-13.700191
-108.870310
-2.027323
-143.563829
-143.563829
0.000000
-102.598542
-52.272129
-47.844000
9.774088
68.105325
-55.331492
-18.630210
-98.579398
173.319027
115.803066
6.832349
-94.785471
-27.849944
-130.273458
-103.571195
-166.578168
-8.355378
-141.155660
-85.519796
104.337956
-94.309334
-89.340402
-91.720473
-42.441787
-105.074975
-71.995428
-144.576117
11.885396
25.885787
-88.247680
113.059725
-71.665030
38.458384
174.254583
-131.299641
-37.130890
19.696346
-56.827236
-18.556975
-24.495814
-59.698992
109.676738
-26.576871
-42.729220
-93.524389
-33.871291
-115.153047
-80.425819
-59.967956
12.391004
-78.910000
160.077670
-85.835391
40.088266
139.106613
20.308457
-38.566651
-40.271610
170.086336
306.529844
23.349990
41.148773
-127.867027
434.916000
407.820000
94.429516
-133.048709
-104.944636
7.067870
-198.590586
-194.459400
-37.553792
-69.068049
64.747696
-69.467033
-64.348712
-158.788659
-89.720609
37.501604
147.488910
-184.990514
209.808235
-172.306631
224.273663
-91.792656
-132.481007
0.000000
164.969017
-58.713847
-106.255171
44.610866
85.314103
-59.570271
-70.354697
0.000000
66.215658
-20.954442
-45.261216
72.481842
-93.005613
-215.364080
-9.942297
-29.885872
26.118185
-87.928806
-58.554541
9.672433
192.481076
-188.832695
-16.060094
-35.067293
-400.000356
-17.269906
-158.902272
-105.770252
-158.902272
23.425416
-95.985638
-119.411054
-240.046686
-35.781408
-87.485877
-103.028114
-473.303882
-79.061795
-223.656749
-102.709243
-30.676374
-81.039295
-222.870742
-101.984570
-19.841178
71.695126
154.855579
152.734421
0.000000
-15.040068
-81.205119
-92.587508
0.000000
-232.847792
-221.538442
-240.524158
-178.782622
-228.782026
-173.705251
16.895166
111.832413
47.817788
-75.978963
-83.671239
-61.663915
-12.090000
9.711234
-22.186075
-100.264549
-40.292536
-134.112969
0.000000
-136.716197
103.232243
-198.688260
-87.908195
-23.652861
-100.264549
-103.173609
87.649670
-86.460631
-74.919498
0.000000
-121.069431
-69.273662
-93.633190
75.050557
-75.050557
-104.087699
-104.087699
58.266899
-164.037150
162.354598
-96.501319
-59.944892
-197.768520
-161.212093
-135.461039
-198.393807
-159.434087
-11.612262
-58.599991
-46.987729
3.871362
-7.740900
-43.320725
-169.996368
42.032244
-84.643398
-41.263538
-84.584264
-172.304066
43.619025
-88.751098
-88.822688
-135.461039
-135.461039
47.234031
-28.578820
-75.812852
-75.885321
28.769461
-70.801705
-73.757155
-44.987694
-137.184376
-63.018829
-63.427221
1.606193
-120.772088
-120.710987
77.781066
-29.963278
-30.177996
22.331178
-14.868766
-29.251890
36.881890
9.770000
0.000000
24.880047
-19.984047
15.236000
-10.340000
2.328260
-38.203745
-19.182582
-7.328000
-20.664260
-15.546565
-46.065535
23.408355
-26.090324
34.230324
6.020000
-8.304000
7.301643
6.682357
32.272000
-31.128000
-41.166280
-39.870280
-6.686060
-12.296060
-1.830203
-46.169380
33.443893
20.870000
0.000000
9.464000
4.746088
8.693912
21.092000
4.957506
-10.813506
3.223766
10.711766
12.003421
6.212579
-23.636530
0.866717
26.546047
-4.386193
14.330751
-10.336717
-15.147041
28.153004
8.604520
-20.233765
-12.413175
25.206280
-3.177105
-15.753218
21.289218
50.988096
-40.368096
-4.080000
-6.020000
61.888110
-49.668110
1.649300
-47.061890
-39.228881
-14.750000
18.830000
-13.265462
21.101462
-58.858774
73.778774
24.010812
-33.618881
-16.318881
-7.259300
-31.699300
32.184000
-23.064000
-7.464000
20.664000
-7.120000
-6.352000
-6.352000
-21.796530
47.784000
-21.016000
-17.104000
44.112000
25.805912
-27.029912
39.399261
-25.449261
-32.872750
-20.896750
11.920053
38.468110
3.338110
-5.100000
0.008421
10.188421
-25.581226
27.045226
-16.938422
16.938422
-79.344605
80.568605
-5.007712
-39.461453
33.580795
-31.212782
-36.633799
-2.936000
-8.854782
-15.000000
-23.848096
-21.744000
-12.877688
-0.362312
8.797688
-21.380000
-47.545895
-17.104000
7.724476
-23.573453
51.408569
-28.932509
-40.859300
-22.639733
-15.724520
-0.643381
4.723381
-0.510000
17.125478
25.677478
-1.940076
-7.587924
-13.025462
24.287926
-17.927926
11.189261
-1.469261
25.836619
-14.260000
43.223040
-33.215040
-2.462095
-14.918095
-11.896000
41.710385
-29.374385
-2.936000
-13.052076
-5.409218
25.747986
-5.211986
-2.462095
-25.401905
-11.408000
-20.784000
-39.072674
52.424674
-4.395511
-35.409905
-15.750782
-36.143218
-23.196675
7.712096
20.598975
25.661645
-14.470053
-17.950324
4.354089
16.153765
-14.655579
5.300014
-18.643218
33.287218
36.400527
-19.080527
-9.748675
-30.156674
70.370014
-20.327175
-6.120000
35.901655
-8.070739
-9.000674
-46.873615
-57.133615
-38.449615
53.990976
-46.011492
9.124516
8.493175
-2.495385
13.107395
-16.980874
8.523286
8.717578
15.071870
3.268130
-71.989895
94.128605
-9.597152
-123.854074
-0.732000
-117.669199
-22.674774
48.594774
-32.271926
7.120000
55.173004
-48.943004
-10.796530
-1.326530
25.680000
-6.240000
42.553970
49.673970
-21.999579
-17.752000
-33.739300
1.783696
-17.104000
86.902305
21.799233
-79.037131
12.224000
-21.733643
-60.737912
30.381297
-26.447385
30.144000
22.036583
-8.309750
-12.141226
9.787440
3.934923
0.338494
10.996000
1.880567
14.032000
6.971787
24.076436
17.732509
-13.652509
32.328042
4.967041
8.508870
-21.533453
-11.816000
-56.539845
-18.566555
-14.119784
-14.127041
64.465233
-57.867131
-65.553004
-43.539360
30.513498
-39.276047
42.361463
-63.296674
-5.035325
-19.326420
-3.424000
40.787905
-37.235905
-36.399360
38.439360
-8.304000
-5.815490
-38.081440
-51.082820
64.970213
0.000000
29.983733
2.378494
-21.307696
-39.677226
-29.290535
-54.829297
38.080676
7.670420
-68.355845
-0.143953
-36.432000
26.597440
41.639261
-42.180436
-62.562280
33.458870
-13.139347
30.599347
1.768000
-9.920000
47.297912
-34.073004
-64.360000
-81.923040
5.116000
-13.944000
-12.165453
-29.385799
4.180000
9.160000
11.112000
7.328000
8.881890
-3.264000
-19.248000
-14.920000
28.128000
44.216000
53.843040
5.901453
-0.205453
-1.775347
18.454434
-7.139234
-14.163126
24.558434
65.461903
-24.287469
-4.611696
57.023040
13.750000
-97.094074
14.260000
45.831364
-35.727364
-8.049462
10.680750
-21.527872
2.808874
43.392000
59.214976
4.498494
-2.462782
23.520000
0.000000
0.000000
-9.156000
-74.475869
33.645297
-36.414252
34.414867
-4.345267
66.673267
-29.328000
22.991170
5.528830
-4.032874
-34.416003
59.706331
54.791870
45.629131
-13.505124
-8.990252
82.644739
11.993970
0.000000
-12.224000
39.661170
-7.510000
-71.812500
-101.975040
-7.291417
-8.144000
-36.350000
5.010472
-33.181397
-11.520000
-40.848000
-17.882535
65.168944
-65.904605
71.029831
21.019113
9.352983
53.344983
-14.664000
-77.149831
-54.019113
-13.440000
-65.181131
17.136000
-8.272500
28.528421
-19.999360
-0.042825
20.052000
5.917421
52.920000
-7.538774
61.410208
-4.853137
-5.888329
-31.148925
-19.519817
-5.280363
-6.499444
15.973907
-31.492183
8.964426
-2.640000
-24.533908
39.011314
-0.809406
-2.482605
4.831718
15.024211
-0.711637
-37.757603
-21.267543
28.089520
-10.216765
2.787002
-2.942320
-25.021412
-4.899544
-7.681328
40.962990
-18.144396
0.809406
12.978547
-6.826547
-7.920000
42.291915
-22.059915
-4.400000
-0.689445
0.596230
18.280723
-9.083048
11.595492
-3.767752
3.583986
3.936274
30.783492
-58.321551
62.121551
19.874714
-22.914714
-3.858863
-4.941558
26.804421
-6.851552
37.637534
-17.193982
-2.051552
7.942611
16.428000
16.428000
23.200096
-8.572096
-11.336607
-32.215098
-8.614539
11.354639
22.304391
5.105007
-38.764038
18.283904
-3.055904
1.807784
2.592216
-59.360648
15.504396
4.064493
-23.904895
4.172343
-9.761982
16.313982
-16.143364
25.975364
-28.438271
44.056818
1.760000
13.294238
-19.127362
-19.127362
-1.173035
5.973035
55.584676
0.588448
-9.188000
-7.481072
15.500038
4.873453
1.154995
5.638760
9.563684
-4.075938
4.674846
-20.605864
26.212038
-19.500038
-21.267543
2.384765
8.955483
6.072827
1.839173
23.206617
-11.534617
-20.378445
-4.430445
8.643828
-11.683828
2.308172
-21.406271
6.464765
-27.338445
-5.400000
-7.736607
2.880000
3.814539
4.977461
28.068516
-21.916516
-9.654444
-14.054444
-12.249556
42.065556
-15.927506
-8.895506
9.975015
-11.055015
8.118760
1.760000
-14.428872
-18.588872
-11.722078
18.114078
18.769943
-14.369943
-11.378057
-66.936676
-29.323636
24.832494
24.832494
-1.941471
-23.080723
38.774919
31.584919
55.347761
47.564919
-3.931235
11.134555
-5.462555
12.014555
35.094928
-11.278928
-46.829534
-55.141534
-18.371636
-41.282999
46.271456
9.812736
0.401215
48.692516
54.510990
13.362911
0.149089
-6.863467
9.767138
30.379083
15.307362
-31.058445
33.760666
41.450666
38.887083
-1.802735
5.322735
6.435338
3.766072
-22.550353
-17.190353
22.458696
19.346393
-27.653089
25.309975
-16.517975
-4.069814
-16.721612
-41.540144
-34.058388
-19.802368
4.956895
10.236895
-13.901089
-7.996183
24.540183
7.927817
16.106639
9.715933
-18.744895
9.221762
12.158238
-1.022608
-1.177392
56.864676
12.032254
5.731915
-17.764169
-11.057684
4.934617
39.425007
-6.658494
29.261023
-3.609982
22.878108
-9.562078
-23.917822
49.883915
7.912000
-2.210442
6.136607
-6.836872
72.003594
-9.581697
3.022422
-19.990345
-31.961943
-9.682303
-16.925035
-31.504805
12.035933
63.936000
-27.872144
1.463048
0.583048
22.357753
-46.387495
-4.754995
2.148713
17.091636
-13.691636
-13.482714
-3.490442
9.834846
2.390221
9.190221
18.910100
10.599784
-9.699779
20.680221
-5.971876
27.475876
20.167064
-9.740172
22.589853
-11.057729
-23.437214
27.759675
1.437539
-5.174271
-6.169214
-11.408456
-18.608456
-8.224426
-3.250656
-14.708740
-16.532364
-30.115876
-7.336952
0.780364
24.487362
35.673680
-27.405680
8.293412
4.857680
-1.418758
-24.585539
-47.275083
8.774422
-34.058388
-26.090388
-3.816952
20.875828
-30.384238
19.937782
24.284238
-28.927782
6.743048
3.816952
-12.791173
-12.327393
-30.084421
19.560723
-6.815393
17.149441
-2.120226
24.829441
19.962846
-21.437782
-26.229039
-4.151812
-7.280188
-9.451831
-0.616169
0.000000
23.389718
5.520000
0.000000
6.632216
0.000000
3.985924
7.204076
-0.700000
-1.194298
9.884298
15.464239
-9.460171
-38.730197
0.000000
-5.166852
0.189995
-31.765081
-15.468000
0.000000
-12.828000
-3.455096
-15.247100
-7.200000
11.095554
-2.400000
-6.013554
0.000000
-11.095554
0.000000
0.000000
0.000000
0.000000
-2.662932
-8.886333
4.600000
-22.360121
61.216967
-13.390000
0.000000
35.517683
-35.517683
-28.599134
11.776197
20.350885
-0.360885
5.710182
-3.024271
-51.991137
-48.966866
48.877209
-61.967209
-9.073662
-21.279481
-0.838436
12.529242
1.181194
-9.090000
20.378806
29.468806
3.040000
-27.765419
-24.725419
-7.765880
24.411924
-5.981305
-4.210463
-60.247181
-13.502934
13.738172
-0.240000
0.000000
-6.712636
37.536952
-36.565621
-0.240000
3.040000
2.560000
56.235517
59.275517
-14.525517
-11.965517
-64.516745
-62.836745
-5.700000
34.127407
39.827407
-19.685702
8.595702
14.148000
4.800000
-3.153429
10.994571
-4.969203
10.437953
-9.747715
-43.035981
-19.022340
-34.880041
56.708041
-33.675798
-17.590430
13.961655
12.652169
22.600169
26.961358
22.642151
-15.610151
-28.891981
-6.249830
-8.265494
-8.508000
-17.028000
-13.453026
-9.753026
0.000000
47.764256
66.534655
6.642562
8.465438
-20.316048
9.157770
42.636336
18.181149
7.191149
-6.472000
0.000000
-30.571271
-24.099271
-19.512000
-19.512000
46.845388
52.125388
18.390000
5.207209
-5.100000
-43.996214
-8.223423
0.000000
-3.089580
-5.300000
38.029954
20.850373
-69.363523
8.702416
12.878632
13.559340
0.571473
0.000000
-19.512000
-12.980195
31.170195
-27.384789
-21.023822
-7.192000
7.735743
19.333336
12.141336
-31.860064
-1.858272
58.786336
6.622422
19.463630
-6.833073
-17.261073
-12.468000
7.877432
20.345432
-6.792000
-48.693810
-55.485810
-37.687209
73.104578
37.274256
-82.502848
4.046757
77.151335
-25.508295
-30.414010
27.575702
7.400000
-20.656190
-13.256190
5.342797
-35.043981
19.973336
12.382934
-1.933763
0.543454
18.335060
6.954475
0.000000
-36.043809
37.659334
-30.103427
37.057902
89.220924
100.410924
33.781147
-30.269147
14.463027
-1.440000
-21.674254
-20.234254
-4.440000
8.077513
5.470487
19.271473
0.571473
8.068131
-6.518849
1.549282
48.630885
47.670002
2.066577
35.913426
41.506354
15.250373
-24.180000
-36.470000
-15.790000
21.650386
-20.491747
13.929242
-22.010520
84.314053
93.767328
51.198374
-26.670070
-54.795673
-46.864446
-29.872671
70.155744
-29.881215
38.113215
1.189119
0.000000
-3.996983
10.261782
-6.264800
0.000000
-3.280000
9.798849
59.870674
67.059315
-42.141712
-44.817464
33.683422
76.930924
-35.520041
-18.863054
-41.960195
-0.013763
47.838185
47.824422
-4.440000
-37.536952
-5.640000
-16.695015
0.000000
-0.838436
-8.338847
21.475924
-22.434355
6.472000
0.000000
46.417818
46.417818
-1.680000
16.919437
15.239437
0.000000
-15.360707
-15.360707
-140.000000
-138.600000
0.000000
0.000000
-20.761543
-25.681543
12.353456
-4.474982
-0.320000
0.000000
-23.391340
17.717760
39.737823
-9.169194
-11.889194
-0.480000
-0.840000
16.281152
30.307338
46.588490
-35.517419
15.112000
0.000000
-9.890000
3.300000
14.000000
0.000000
-1.000000
23.771473
27.687615
-15.579615
5.409284
16.121284
15.360890
-6.419110
40.770374
14.717409
8.596051
-35.430000
-14.590000
7.797163
30.527405
29.680019
-21.667187
26.028847
23.812572
-6.872000
0.000000
2.280000
-28.599134
25.187437
27.467437
-6.714374
-4.440000
-19.308000
44.617464
20.452480
-16.732480
-5.700000
0.000000
28.791744
4.345831
-34.136263
-21.365199
76.139328
-18.656825
14.517953
8.268000
-10.279287
-2.011287
-4.692841
9.832000
0.000000
-37.700055
-47.532055
33.781147
0.000000
-14.152000
-4.720000
-4.720000
-5.360000
10.437953
25.295060
22.735060
-22.313419
34.900773
16.109354
52.326024
-68.943914
-27.183811
-35.101450
-45.807158
16.401566
-15.670375
16.689453
46.816193
38.019744
-10.991808
-24.045020
-3.400000
-0.700000
-5.417617
-19.943133
7.102904
-5.400000
0.000000
11.148000
16.548000
7.102904
30.456000
12.461148
-22.049050
32.957050
-14.795744
-17.225913
-51.083449
67.121768
67.485015
16.401566
-23.731212
-6.505299
-5.530886
0.000000
0.000000
2.400000
0.000000
2.857498
11.160671
-3.432000
0.000000
-51.907995
56.007995
5.380000
0.310000
7.400302
2.446675
21.421301
2.446675
7.305897
9.990000
8.040000
5.600000
9.348000
11.492251
7.859776
35.100831
-7.190500
35.100831
-1.440000
1.440000
48.946866
47.506866
34.152387
35.592387
-61.204055
62.724055
-3.200000
0.000000
0.000000
33.683422
-34.487209
-38.496952
62.076952
-80.003741
80.003741
-27.524543
-1.438868
6.328613
-26.392034
-55.919954
74.803741
20.793422
-9.288806
-2.788806
-8.388000
-7.844546
15.686587
-3.249284
-8.090000
0.000000
-1.800000
-3.400000
-43.738238
-40.338238
-4.517197
1.791149
-5.700000
0.989622
-23.093743
-17.393743
7.999578
8.989200
-6.646156
14.566156
-20.270760
0.269528
-8.312917
28.361475
20.048558
-22.326587
18.158553
-10.320034
17.797904
13.717904
0.000000
-2.470272
-3.430272
-6.798436
-16.245893
-0.692215
8.898108
4.083105
8.206895
-7.090000
-7.490000
-3.800000
-10.890000
-7.890000
-15.380000
48.060840
55.150840
-8.693870
31.619829
-14.331498
-15.473734
-7.955597
5.264603
8.022838
6.066513
19.897318
6.720000
-17.497081
19.308000
-17.366587
-2.160000
0.080022
2.240022
26.681329
10.737995
33.515495
44.547495
-14.137388
-22.185315
-1.303839
26.614046
-17.741507
-42.078285
1.840000
7.672000
-13.830375
-61.271914
-1.807145
24.307287
24.172480
4.440000
-32.600030
62.351976
-9.858547
-22.098811
4.560000
-6.232000
-4.960000
23.118553
0.964745
-21.165995
0.601322
-0.601322
-33.442603
33.417388
16.573215
-23.140745
23.140745
4.480000
21.169453
-11.868000
22.980000
-3.200000
93.473538
90.273538
14.546574
25.573728
5.897656
11.459206
4.100000
0.984441
-37.921492
-20.619020
-42.342426
-38.503340
-43.918285
54.617823
-58.693627
-47.228963
0.000000
-52.869586
-94.856566
3.857510
3.857510
-2.675634
-39.706248
-68.306610
25.642603
45.013672
-41.093672
15.653456
-18.685199
-5.093199
-23.197209
18.380284
-12.260284
-10.790000
10.279057
11.990000
12.189847
24.179847
0.000000
-51.907995
11.400000
-20.548963
30.338963
0.000000
48.016193
48.016193
0.000000
12.590000
-55.919954
17.797209
1.338446
0.000000
-1.930467
-22.185315
-12.206921
21.890000
8.690171
42.372848
-26.682848
-4.982710
-2.196285
-7.992000
-8.872000
21.958886
-5.890886
0.000000
54.911976
42.139334
42.417902
-18.849194
-63.070393
3.501194
21.161284
-8.007481
0.691936
7.701872
1.388128
7.490000
-16.769501
47.127823
-78.087065
-13.308000
-8.040000
-43.039680
36.889388
17.799438
53.473083
12.378950
-58.990393
-8.833426
27.384789
3.979587
17.141122
-23.213621
-6.072499
1.474472
-10.967943
-2.695645
22.250890
-57.074637
-10.353202
8.638989
-20.695256
1.189119
10.521321
-57.786214
-25.331809
0.000000
-43.039680
-13.790000
-22.080000
65.652005
-2.960000
17.678333
0.000000
-41.020307
4.409892
-20.217438
22.152064
53.420000
-66.653534
-29.416653
4.080000
-4.772215
1.200000
11.864236
-5.360000
0.000000
-22.511803
-27.871803
11.776197
15.448963
13.630942
-0.601322
-19.791427
-25.774678
-6.758384
-31.294942
22.371809
7.663693
29.512307
2.160000
-11.030375
-8.870375
-1.101808
8.535079
14.863692
11.104878
8.704422
-15.079950
-3.020737
-14.808944
-2.200000
-3.117197
-2.300000
7.698000
-62.860996
-60.560996
85.000000
-73.803439
26.398553
-31.064019
-11.850020
18.945734
26.217227
0.000000
-38.858130
-38.858130
7.390000
5.200000
-53.493627
-31.072307
29.512307
-6.127803
-16.384000
57.556745
-38.608745
0.000000
-16.787426
-16.787426
-13.279287
55.562848
-3.280000
-3.300000
-2.721074
-58.550840
-12.072622
41.678187
-0.929189
18.258811
25.923426
25.801215
-7.490000
62.718238
27.805728
19.725728
-10.063695
11.656603
-8.471056
-4.605660
-16.492889
-30.853649
-34.138021
-25.148021
-6.232000
34.037728
10.912745
-35.479586
-37.279586
13.672000
0.000000
33.781147
-23.632671
-6.249830
-2.214765
-4.316338
-15.340142
2.320000
2.680000
2.720000
-15.936825
0.000000
-7.390000
-48.693810
42.092524
1.906814
-28.511950
9.790000
-13.470739
-6.800022
3.689189
0.000000
27.568546
-64.380882
-20.269639
46.223184
-10.594355
-0.168085
15.343693
-55.953957
60.033957
-2.847694
30.232483
-28.177253
-36.703810
2.300000
18.550373
6.430678
-13.961655
4.495520
25.591872
-10.144355
-14.344355
0.000000
30.456000
-10.720939
39.837843
22.997154
-4.960622
-34.877221
-1.200000
-33.901450
-6.019100
33.065818
11.008583
28.138487
-23.254666
26.836993
16.764366
6.328900
74.727981
-7.112000
19.757147
19.757147
-0.400000
-39.306248
61.048130
54.748130
0.000000
12.290000
0.000000
11.578474
3.300000
-3.280000
19.389354
-6.373728
14.344355
0.000000
59.870674
8.480188
44.601272
67.387693
67.476952
-70.252794
-5.600000
22.311915
-10.692000
-13.729194
-17.889194
-17.889194
-26.109147
-67.040564
3.351279
4.938721
39.413672
-17.550398
-19.632682
13.668000
9.233322
15.448021
22.378192
1.800000
5.400000
81.803741
-6.349719
3.488474
-32.956529
4.480000
5.360000
0.000000
0.000000
-4.400000
5.040000
-1.245645
18.835645
0.000000
18.915454
-28.626801
3.100000
1.900000
-42.358806
-7.219813
-4.338547
14.458238
-13.547597
28.117707
-8.090000
68.123957
-11.832000
-7.032000
25.462942
-1.529100
-37.014801
44.662393
-3.268000
7.278436
25.413627
-12.223627
-22.089586
-6.886725
24.080000
-8.690000
-10.809468
-0.360000
-5.663116
-6.046100
-56.007995
9.190000
13.121915
41.161149
-22.980000
29.512307
-6.595271
-9.990000
-3.300000
1.283459
-10.726333
-5.400000
-9.590000
-39.461645
-43.171009
-18.690000
-59.893381
-68.686412
-5.500000
1.965260
10.535260
55.183589
-46.943589
10.979223
-9.329223
14.432897
33.354006
-35.985431
-9.780000
10.262445
3.065841
30.776024
-23.196024
-4.105033
17.204967
6.710000
2.200000
-9.717694
-20.047694
-18.268198
34.439810
0.000000
-21.685197
3.966999
-0.550000
-30.061484
23.069223
-3.850000
0.000000
10.787707
-6.914763
-0.654695
-21.535305
-2.142428
-28.098195
-23.251965
-6.881295
-12.691293
13.679950
-26.696174
20.310000
-11.520000
-5.858390
-5.540000
13.333818
-1.738811
-18.715218
21.617639
7.894888
0.000000
-125.281269
-125.281269
33.530719
-40.882336
-43.395970
-49.610160
0.000000
-14.160502
23.510502
34.105669
-25.020336
42.162660
-43.335992
13.511575
-3.491028
-34.688118
-56.338166
-60.840621
31.440758
-11.776297
38.466024
3.903626
-1.175626
13.740000
-3.190000
90.000000
-87.470000
29.609908
30.489908
62.664108
-62.224108
0.000000
-28.809573
-18.757302
-11.050000
0.000000
-16.570000
-14.533735
-92.482954
-30.500369
-12.360703
-45.742862
-81.820576
-18.961887
-32.850048
68.284028
7.266999
6.070676
1.619324
34.339133
-13.129133
26.924753
-23.624753
-63.513193
22.689012
-12.899012
-18.959426
-5.329426
111.101269
12.169485
-59.896883
43.263870
-14.095218
21.200000
-13.410000
17.449324
-11.069324
-15.835247
2.189223
12.880676
0.000000
-35.067293
-41.766024
-12.346748
19.266748
16.412577
-11.220000
-5.500000
0.000000
-24.812897
0.957650
-4.400000
15.255930
0.000000
-17.186247
-24.889670
-44.385305
-64.269133
3.150988
-7.179012
23.919788
-20.619788
3.469023
10.000000
25.060000
-12.350000
-64.501513
-6.162440
-11.087891
-5.610000
-15.043327
-6.752109
-14.215033
5.043915
-48.578285
-66.564691
81.514691
-52.924691
-40.653703
9.640000
-25.930000
-42.027694
2.225218
-23.179069
-19.890000
-28.276748
-19.226883
37.476883
-12.640000
0.000000
-20.880000
-12.640000
-8.190719
23.580719
0.000000
18.784063
-11.094063
-16.380000
-18.410000
20.650000
-17.781715
39.431715
-1.414753
7.684753
53.128939
-49.977837
-29.634377
-27.104377
-30.959918
-28.920998
39.387017
-24.920999
42.123009
-16.050000
-5.940000
0.000000
-18.382059
29.885872
0.000000
5.720000
-44.536227
-47.590898
-10.411414
19.201414
-5.500000
8.570000
-13.417348
-16.802652
25.884569
-9.334569
-27.517694
3.850000
-2.090000
17.819573
-7.929573
-39.604695
59.031448
-9.890000
33.859216
-4.276172
-11.773044
45.949216
-4.080000
10.050000
-33.837645
0.944156
16.235844
0.000000
45.948166
-31.328166
6.667302
-4.400000
-2.554872
6.020000
10.211834
-6.600000
7.086348
3.672238
0.000000
-10.990000
-9.699498
18.529498
42.012863
34.465005
-61.979826
5.353397
18.335970
10.095970
-5.329211
1.380504
-16.323590
7.037144
-7.719290
-21.319036
-7.248544
-14.510263
-12.613930
-19.610000
-12.285346
-12.398378
-89.314954
19.553381
-6.341226
-24.010000
3.303828
34.950000
16.054860
-35.493381
17.892875
11.842057
-40.859066
-66.920221
34.781232
-63.649216
54.274963
-56.526219
-6.600000
-8.473044
-22.533249
-19.383249
-13.254989
-8.235338
-28.893381
-33.871335
0.000000
30.061484
6.175298
81.384927
-68.313126
59.224705
0.000000
-61.893458
68.284028
89.314954
-32.779121
-22.973818
8.715721
-3.410000
4.525611
-56.180654
61.587211
-56.180654
-5.365145
26.440000
12.753828
-16.414695
-54.959568
-0.375740
-5.500000
6.960000
-5.499226
-7.713991
5.526085
-17.055298
33.526218
59.583589
0.000000
33.229976
-0.440000
0.220000
0.220000
-25.305438
-36.800000
-13.012238
3.750999
-5.100213
-7.679539
-17.407205
-27.749835
-2.347205
5.500000
-30.351694
-4.219191
-36.860132
-25.344891
-22.711579
-31.792253
-22.699375
-48.809216
5.855218
-18.636226
-9.365298
7.379573
37.439788
-33.039788
-27.485623
34.845623
2.037891
-19.226883
5.240931
0.259069
17.949069
-5.759069
64.359930
-33.160862
22.493520
7.140000
-2.860000
67.208272
12.650000
-4.022306
-39.283329
-29.700676
-11.707044
37.313946
-6.857694
-7.470000
15.503117
-7.593117
7.910000
5.449375
-1.049375
-10.379670
-54.309216
-5.934377
14.604377
-4.180000
-35.375970
6.209281
26.467009
-11.423542
9.610000
-23.915435
26.168977
16.050000
29.505854
-21.232000
-25.542159
35.335364
58.016425
-11.210000
-46.325364
-22.038118
-54.901216
76.199433
-29.621216
-62.203359
-11.546085
-9.116956
-74.618660
-40.674613
-25.845306
-79.076272
-22.182297
-25.799262
-36.464186
-3.300000
-74.129544
-71.930110
-86.464691
-15.493812
-17.706535
-6.830724
-12.640000
10.552795
0.000000
-2.260000
-27.731834
-0.440000
4.392110
-14.945901
17.915901
-9.555901
-35.485305
15.316158
0.327297
0.000000
-21.217707
0.000000
1.041015
23.835683
-0.539019
5.890330
32.357068
-19.568278
-24.053617
-28.394797
57.599764
13.603875
-14.541043
-47.509670
25.534513
-2.464000
-2.288000
-14.463774
-44.638598
47.907383
5.288285
-46.706883
-13.515427
-17.880923
-16.113320
17.156999
-42.106673
46.560995
-48.301344
28.103870
-13.526673
4.657044
-21.535305
-55.214603
20.107297
-11.270867
69.949373
-11.855759
-33.605260
15.832795
-7.690000
-6.223538
-5.183046
-16.920000
-21.241834
-19.226883
30.780000
12.360703
15.110000
-18.674753
-26.099281
18.079281
-7.386076
10.818076
0.000000
-16.218709
-4.400000
-10.430000
-0.225758
20.995758
-22.884739
-1.629296
23.787634
-16.694242
-21.511667
41.539826
-21.009826
-70.980000
0.000000
-0.824377
6.794241
-37.095364
-10.990000
0.000000
0.000000
37.955322
0.000000
1.041015
25.542652
4.953117
12.416883
-18.439575
33.593870
-32.308598
-28.227009
7.690000
8.790000
1.650000
-19.780000
54.950000
0.000000
9.340000
-32.640000
0.000000
-14.400000
-22.495863
-17.878694
16.571262
-40.484364
15.110000
-86.464691
24.053617
8.169306
5.310694
18.610000
10.880000
-9.039291
-6.310574
-14.730000
-30.344454
-13.390999
-18.024611
-17.470000
14.510000
-22.170692
22.973818
58.959373
0.000000
-9.670000
-7.050000
20.234254
-7.713991
-38.785738
-5.453774
-0.716226
0.000000
28.670917
15.161324
-9.439037
-20.929037
-1.142010
-18.824714
-55.392010
-1.887468
11.990000
-11.257729
-11.257729
-2.000000
-24.342082
-34.832070
-22.180000
-36.167430
-17.742141
-13.422925
13.190000
-47.102010
-14.246589
-7.331091
-5.379118
-38.726103
-48.472390
-31.153730
-8.173730
9.111903
16.901903
-5.499906
-23.236589
-5.000000
-23.122010
-45.143730
43.953164
-43.953164
-5.787786
-6.484893
2.224937
-12.765063
-37.304342
-42.604342
-14.672337
-16.990000
-18.307663
9.852430
9.781776
-84.860214
-49.553449
-44.124012
-25.666442
-15.080000
-4.145000
-4.145000
-23.527423
-48.507423
-25.162337
-26.375165
-8.147165
8.490000
-14.990000
-2.000000
-3.474614
-19.962139
-4.500000
3.500000
37.418452
32.418452
-0.124937
-1.124937
-30.691903
-22.701903
-0.700000
-17.589796
16.689796
-25.740459
-30.840459
-22.871274
-11.289547
-66.672459
-44.190758
-30.302659
-30.505029
-15.773501
-37.704048
-19.314342
6.111903
-29.383113
2.216499
-5.403113
-18.393113
-14.990000
0.000000
-43.698036
30.882463
-3.814977
-45.112569
12.515837
-31.596555
-47.545599
-4.694336
-34.410844
1.081984
1.569080
73.569878
12.990000
11.437651
43.492254
11.490000
-10.698436
-11.380837
-49.407749
-3.208725
-12.913869
22.520075
-4.886708
-8.864169
-19.670216
40.541856
-12.132786
-11.044012
28.963082
27.371144
8.957214
-37.670944
-31.248956
-12.392000
-30.519117
-9.990000
-2.551370
4.480630
-9.752141
-3.652141
10.281144
4.157214
0.000000
-1.997763
-3.500000
8.659080
12.559080
0.000000
3.871984
-32.704746
-25.232385
-63.959868
-48.370293
-33.598740
-37.282427
-43.488987
-7.090000
-15.320073
-3.221044
-8.358909
-39.382293
6.101776
11.547637
31.537637
-4.603850
-38.608266
-12.730872
-10.464542
-25.542337
-16.877468
-1.000000
-69.050110
-66.630110
-7.025826
1.066729
-28.079796
1.200000
-4.400000
-31.921835
-8.990000
3.148165
-51.542337
9.773082
-13.890000
-33.134012
-16.144012
-21.527859
-40.852337
-31.045943
-14.555943
-30.618266
-17.460490
0.416535
6.416535
-3.439037
12.573465
2.732082
-6.000000
-6.000000
-20.382224
23.346566
1.373370
-7.525370
-10.790224
16.626433
-39.462293
-34.353589
1.373370
6.768956
12.682349
23.672349
-4.721068
-1.721068
-30.769118
-50.710488
4.995000
4.995000
42.236219
-35.388281
-21.111068
-27.980000
32.815829
11.186887
-13.465063
-25.455008
-0.398224
3.073590
19.206499
14.206499
17.863685
-15.963685
5.986188
-9.990000
-33.160586
-26.000000
-5.252071
-3.500000
-7.990000
-18.005331
-22.005292
35.299878
59.279878
91.162764
3.895741
-14.207798
4.111862
-1.726082
-23.071347
-7.327491
-8.989644
-32.401645
-40.331976
13.498653
-9.481347
-32.662349
-40.744772
20.488653
23.522473
-33.466188
-24.380000
-4.000000
14.206499
6.268932
8.368932
22.309878
0.000000
-5.552577
-6.037423
5.500000
-2.700000
-24.269118
-5.380216
-19.570216
-2.755165
-18.528266
-37.256442
-21.555921
39.680521
-6.890204
-6.200000
-26.980000
-14.390000
-60.760000
26.680453
4.700453
10.926433
-13.390000
1.936433
23.428452
38.670453
-20.305150
-33.601068
18.259397
-2.369893
42.989931
-41.826043
-39.966737
-9.496534
-17.642577
-14.992136
-3.197864
-30.797663
-7.289547
-43.495405
-59.217059
-4.599086
20.419541
26.460000
26.460000
0.631155
-2.960459
-47.197358
-6.494277
-39.970000
36.470811
1.225097
-18.192898
