88.652460
-88.652460
147.332124
-147.332124
145.336077
-55.734163
-89.601914
-208.447449
152.711623
140.493636
163.822536
-84.739233
-99.649593
-64.191519
-266.682597
-92.634153
-0.518496
-86.764974
-86.764974
-304.567973
127.471111
-113.983777
451.717087
-248.147575
-26.523532
8.279179
-31.860218
-127.227148
179.345859
-166.106842
-136.988898
-304.567973
-127.471111
-127.091831
-16.123910
-99.736677
214.496791
257.303268
-99.118375
-122.675769
-97.294292
114.863973
-93.661882
-47.725623
164.377256
-72.194063
-83.904015
283.293870
-84.782693
-58.017540
470.558478
415.581189
-168.961066
125.949103
72.199111
193.107180
121.963558
-183.160985
-66.688514
97.694250
187.117195
92.326580
-124.186798
-8.801246
-99.641036
-74.718703
-127.227148
-2.120574
-67.767740
-14.850920
-27.330319
47.502098
75.003750
-95.175529
53.996142
-53.996142
87.069502
-105.962717
77.570352
-58.677136
69.533874
-69.533874
71.336187
-100.774430
-84.038976
-113.477219
-73.498888
-144.835075
-69.642884
-244.528999
-73.532271
-42.840595
-30.115189
-73.294928
-40.367956
-558.029514
30.726601
-313.500515
-100.774430
-145.061369
-220.378512
-75.317143
-74.682857
-70.378512
-158.081326
-155.419189
22.840801
-50.171120
92.374675
110.646601
-79.920000
280.540914
-169.894313
-231.299448
-87.520027
42.838923
-72.107441
-131.566493
-85.635514
-197.199110
-101.300863
-302.678196
25.792830
18.314899
-72.823844
-72.782485
-52.104888
-74.774684
-74.157945
-325.577492
72.965809
58.338643
-108.405155
-105.198980
30.958968
-30.958968
174.000000
-81.625325
100.589609
-100.589609
22.980000
21.980000
57.821378
16.577423
-74.398802
-39.460732
82.303922
-51.007078
-70.757576
34.305192
-78.495325
249.000000
-204.809867
-214.694808
249.000000
-200.931792
-119.101404
-182.675520
-52.099906
117.317164
-173.824561
-157.489723
-44.493876
-42.135198
-55.525198
-148.528487
-72.931018
-221.459505
-697.504095
95.995530
51.635805
-35.497927
15.691744
21.741348
1.321995
-107.991952
-10.647207
-132.367241
-132.367241
0.000000
-104.860215
-56.201577
-39.870000
10.118015
70.286146
-55.077540
-37.025731
-76.806530
119.423240
129.204237
2.165079
-95.503344
-35.865972
-138.984525
-103.486598
-173.824561
-2.109078
-147.399500
-80.471499
109.828508
-88.957586
-98.020553
-100.096832
-32.078619
-110.858321
-64.751065
-112.530133
0.445752
23.335627
-91.719816
119.395942
-72.138647
28.989486
179.710771
-127.324111
-40.289278
19.172766
-59.462044
-10.775334
-31.359864
-63.576206
63.477612
-91.046912
-52.558699
-101.965826
-37.324530
-120.346686
-85.828120
-61.775757
9.471475
-78.910000
155.318578
-82.352770
54.017716
99.772020
22.044235
-33.327459
-42.602991
150.129409
277.683672
13.770468
30.337997
-153.213240
362.430000
339.850000
82.370211
-117.510842
-97.226610
2.120574
-201.742420
-197.491454
-35.515074
-68.160565
68.152506
-70.704679
-65.608391
-159.451737
-91.291173
51.165463
138.189085
-189.354548
229.104836
-177.939373
224.484127
-91.995325
-132.488803
0.000000
165.239830
-58.851474
-106.388356
46.945868
83.216418
-59.849973
-70.312313
0.000000
66.066318
-20.771952
-45.294366
91.262620
-80.667295
-215.171301
-9.479062
-28.488338
26.300957
-76.109671
-58.627272
4.624688
192.210757
-189.287774
-16.060944
-35.613959
-399.999643
-17.269056
-162.316106
-101.974250
-162.316106
25.088750
-94.506625
-119.595375
-239.197423
-35.162156
-87.717379
-103.425782
-462.634279
-83.739328
-222.997610
-101.936720
-33.029673
-85.661587
-222.226317
-101.218526
-22.653600
67.140215
154.788198
152.801802
0.000000
-14.960555
-81.524076
-92.803144
0.000000
-238.929864
-229.469394
-242.119985
-175.952130
-224.837556
-170.946692
16.737513
110.472782
49.723470
-76.230224
-83.966027
-61.722029
-12.090000
9.236562
-24.714578
-100.857715
-38.564114
-134.026071
0.000000
-137.601529
103.109658
-198.967337
-88.575818
-24.610033
-100.857715
-108.688668
95.688382
-88.218241
-76.406565
0.000000
-125.771123
-69.580436
-94.224745
74.862398
-74.862398
-104.783584
-104.783584
62.246259
-164.220509
167.029843
-98.614137
-65.983701
-194.812647
-162.182211
-133.698081
-195.470035
-160.386090
-11.924534
-57.845704
-45.921170
4.655034
-7.269500
-47.343928
-176.769245
44.550819
-84.874498
-37.466996
-84.810924
-172.828243
45.080487
-88.324515
-88.399209
-133.698081
-133.698081
50.651632
-25.711077
-76.362709
-76.440199
26.738000
-71.288819
-72.033100
-45.295100
-135.786597
-63.339882
-63.753497
4.529965
-121.374100
-121.313375
79.472580
-29.749110
-29.966039
22.365367
-15.245367
-29.118229
36.748229
9.770000
0.000000
29.232460
-23.112460
20.170000
-14.050000
4.312220
-40.285873
-19.306347
-9.160000
-19.592220
-16.402702
-47.090441
23.207271
-27.388507
35.528507
6.020000
-6.920000
5.066906
6.453094
40.590000
-39.160000
-44.509133
-43.429133
-6.567166
-12.177166
-3.623653
-44.329019
31.970000
20.870000
0.000000
8.080000
2.404987
8.795013
27.490000
4.996940
-12.316940
4.491627
13.851627
3.202794
11.977206
-24.783644
2.110314
26.931703
-3.970971
14.150971
-11.580314
-15.476169
27.716369
9.979815
-19.599701
-14.761419
31.209133
-4.427714
-10.970920
17.890920
40.997543
-32.147543
-4.080000
-6.020000
62.021771
-49.801771
2.270441
-46.928229
-40.123685
-14.750000
18.830000
-16.981507
23.511507
-54.652155
73.302155
22.264987
-34.513685
-17.213685
-7.880441
-32.320441
40.980000
-29.580000
-6.220000
17.220000
-7.120000
-7.940000
-7.940000
-22.943644
59.730000
-26.270000
-21.380000
55.140000
23.055013
-24.075013
38.741882
-24.791882
-34.338799
-24.358799
11.656347
38.601771
3.471771
-5.100000
-0.099845
10.080155
-22.429095
23.649095
-13.376575
13.376575
-78.373373
79.393373
1.606792
-48.040181
26.194795
-41.538261
-25.752738
-3.670000
-19.789080
-18.750000
-13.842438
-18.120000
-13.342702
0.102702
9.262702
-21.380000
-49.090000
-21.380000
16.476792
-28.180181
52.234821
-29.877655
-41.480441
-24.219815
-17.099815
-0.178311
4.258311
-0.510000
24.947837
35.637837
-1.616730
-6.323270
-16.781507
21.389072
-16.089072
10.531882
-0.811882
26.301689
-14.260000
43.063493
-34.723493
-4.190889
-14.570889
-14.870000
40.342601
-31.062601
-3.670000
-10.876730
1.959080
19.893466
5.776534
-4.190889
-19.029111
-14.260000
-17.320000
-42.692443
42.152443
-7.680889
-27.369111
-14.159080
-43.251739
-15.329645
-6.327562
18.942920
24.378768
-14.206347
-19.248507
5.018208
15.519701
-12.319845
18.916534
-20.781739
39.681739
37.277726
-19.957726
1.480355
-35.262443
70.213394
-19.758370
-6.120000
36.128118
-8.728118
-17.632443
-35.586730
-44.136730
-28.566730
51.958330
-36.254281
5.675950
9.861419
-3.541419
11.927879
-16.412997
8.044147
8.003425
15.382410
2.957590
-69.460000
90.693373
-21.946917
-114.452096
-0.610000
-111.138562
-9.422155
41.822155
-31.369072
7.120000
54.736369
-48.506369
-11.943644
-2.473644
21.400000
-5.200000
42.143407
49.263407
-18.439845
-22.190000
-34.360441
-4.277195
-21.380000
79.529845
31.488738
-77.128540
15.280000
-23.106906
-51.165013
20.184657
-34.159753
37.680000
16.936593
5.874710
-11.229095
9.787440
3.862560
1.623060
1.830000
1.830000
4.360000
5.360000
29.161627
18.677655
-14.597655
32.277095
5.296169
7.515623
-25.630181
-14.770000
-60.514818
-19.538292
-12.359586
-14.456169
64.053224
-57.497292
-65.116369
-43.194147
29.657879
-39.661703
38.612920
-51.212443
-13.800355
-17.092124
-4.280000
38.795623
-35.835623
-36.054147
38.094147
-6.920000
-5.692560
-36.167440
-49.731882
59.680306
0.000000
30.339815
4.173060
-21.252805
-39.439095
-21.497120
-50.744657
30.897762
2.522124
-75.284818
-2.047540
-45.790000
26.597440
40.981882
-42.581627
-62.339133
32.465623
-6.379776
20.929776
0.140000
-14.400000
39.965013
-33.636369
-64.360000
-82.190000
7.520000
-18.180000
-13.920181
-16.692738
4.180000
9.160000
9.260000
9.160000
8.748229
-4.080000
-24.060000
-18.650000
23.440000
43.550000
51.913493
6.090181
1.029819
3.090224
14.862564
-3.094633
-9.007003
22.492564
61.664537
-18.401973
-0.382805
54.563493
13.750000
-92.152096
14.260000
53.850445
-41.220445
-10.561507
16.178799
-20.190905
4.602997
36.160000
58.488330
6.823060
2.450920
23.520000
0.000000
0.000000
-7.630000
-62.298703
24.264657
-15.606901
12.007148
-10.201783
62.141783
-24.440000
23.003373
5.516627
-5.622997
-34.537590
55.917590
55.102410
35.368540
-7.868540
5.913099
78.522410
11.583407
0.000000
-15.280000
39.673373
-7.510000
-64.890844
-98.900000
-7.503407
-10.180000
-36.350000
4.942692
-27.286011
-16.400000
-53.060000
-7.237120
78.328738
-67.173373
75.346741
25.381997
14.012926
50.672926
-12.220000
-80.446741
-52.881997
-11.200000
-59.808540
21.420000
-11.940844
28.420155
-19.654147
-0.611630
16.710000
-3.061554
44.100000
-5.170905
59.652960
-10.064643
-7.063166
-17.649122
-24.876029
-13.193173
-7.690441
20.626607
-40.063971
11.598408
-3.300000
-15.048355
26.721973
-0.283618
-2.633604
5.062194
15.461410
5.703173
-31.504067
-19.610251
27.254531
-8.256355
4.399566
0.678448
-18.270040
-3.578450
-14.733591
31.297033
-11.890651
0.283618
17.509819
-9.819819
-9.900000
37.568059
-12.278059
-5.500000
-4.531708
-1.850217
20.690660
-8.119169
7.574281
-2.867328
2.315614
5.767433
23.564281
-57.989023
61.789023
21.047245
-24.847245
-0.825357
-7.069137
31.074493
-5.281320
42.109420
-19.838100
0.718680
8.356396
13.690000
13.690000
19.329699
-7.139699
-15.378954
-42.443742
-0.854440
13.455711
26.933650
3.686206
-44.075567
15.240301
-2.550301
-3.030414
8.530414
-53.019035
9.690651
2.724811
-22.820475
2.821139
-10.548100
18.738100
-16.740445
29.030445
-33.722270
54.532089
2.200000
13.189566
-9.526567
-9.526567
2.796484
3.203516
52.777762
4.018680
-7.390000
-0.709083
14.995567
7.946855
2.871826
5.723722
9.666278
-4.075938
4.914062
-18.465938
28.385567
-19.995567
-19.610251
3.426313
6.296359
9.176561
0.713439
21.061614
-6.471614
-18.207788
-4.917788
17.384861
-21.184861
-3.694861
-24.932270
6.826313
-24.007788
-4.500000
-10.878954
3.600000
-5.145560
16.135560
29.355950
-21.665950
-12.080445
-17.580445
-15.299555
52.569555
-19.915180
-11.125180
8.952506
-9.852506
9.023722
2.200000
-18.833278
-24.033278
-7.417691
15.407691
22.797831
-17.297831
-4.527255
-66.967762
-35.329871
31.034820
31.034820
-2.918145
-26.690660
38.479923
31.289923
56.959923
47.269923
-3.533645
10.248292
-3.158292
11.348292
31.857595
-13.277595
-53.599420
-63.989420
-21.639871
-41.544666
43.814414
9.421477
1.468523
55.135950
42.587033
16.383902
0.506098
-8.693461
12.620295
32.771222
6.526567
-27.107788
33.967595
41.657595
39.861222
-2.898676
7.298676
9.000956
3.909632
-29.378776
-22.678776
28.245340
24.330758
-34.886098
28.830701
-17.840701
-5.234007
-21.937081
-35.643271
-30.252852
-25.979159
7.030475
11.430475
-17.696098
-10.693971
31.373971
10.386029
19.745711
8.635620
-18.520475
9.233655
12.146345
-1.022608
-1.177392
54.377762
13.273536
-0.811941
-12.461595
-6.011603
0.971614
48.136206
-9.523060
37.284915
-2.858100
21.493689
-4.717691
-23.251216
47.058059
9.890000
-2.120863
8.878954
-9.343278
85.776320
-11.980075
4.539863
-24.325406
-39.287831
-12.099925
-16.893516
-36.668898
11.535620
79.920000
-24.253271
-1.580831
-2.680831
21.429179
-34.823426
-7.371826
-3.291696
20.039871
-15.439871
-13.057245
-3.720863
9.214062
2.390221
9.190221
18.564666
7.959586
-9.699779
20.680221
-8.368325
35.248325
28.020626
-5.595139
29.159405
-15.647730
-22.599960
24.801848
2.598112
-4.642270
-8.209960
-10.011550
-16.011550
-10.271163
-6.400419
-17.396544
-22.340129
-38.548325
-12.580831
2.650129
16.226567
32.858448
-25.968448
5.480040
7.178448
-6.807373
-21.888112
-46.851222
11.729863
-30.252852
-24.262852
-8.180831
32.674861
-30.279566
20.063381
24.179566
-29.053381
5.019169
8.180831
-14.403439
-14.201046
-35.174493
22.290660
-7.311046
16.258523
-2.600000
22.658523
17.304062
-21.563381
-25.783746
-8.211322
-6.078678
-10.218405
1.828405
0.000000
24.180000
4.600000
0.000000
4.550000
0.000000
4.058261
7.131739
-0.700000
1.126236
7.563764
15.382073
-9.707927
-34.423256
0.000000
-5.768827
1.314209
-27.541735
-12.890000
0.000000
-10.690000
-4.403748
-13.329508
-6.000000
13.222938
-3.000000
-6.122938
0.000000
-13.222938
0.000000
0.000000
0.000000
0.000000
-0.787828
-6.287828
4.600000
-22.391931
61.261931
-13.390000
0.000000
36.173485
-36.173485
-34.407396
15.217396
20.389454
-0.399454
5.700000
-3.400000
-51.699593
-48.299593
46.897976
-59.987976
-8.711524
-20.118476
-0.324248
12.675660
3.738588
-9.090000
20.383501
29.473501
3.800000
-30.294746
-26.494746
-7.782219
24.397781
-7.084876
-4.600000
-61.138102
-13.939300
12.663476
-0.300000
0.000000
-5.358228
38.033272
-39.459920
-0.300000
3.800000
3.200000
61.847089
65.647089
-19.977089
-16.777089
-57.218662
-55.818662
-5.700000
34.062095
39.762095
-22.006236
10.916236
11.790000
4.000000
1.547971
13.337971
-4.225349
10.813608
-19.770779
-49.078230
-13.366329
-33.316577
51.506577
-36.154526
-20.113050
14.490000
9.363916
17.653916
26.972219
24.390000
-15.600000
-31.398230
-7.008230
-9.590000
-7.090000
-14.190000
-14.690000
-10.990000
0.000000
47.752433
66.542433
6.599600
5.990400
-19.960719
8.748500
42.899219
18.798541
7.808541
-8.090000
0.000000
-24.374994
-16.284994
-24.390000
-24.390000
40.321235
44.721235
18.390000
3.227976
-5.100000
-52.984087
-15.232063
0.000000
-3.455585
-5.300000
36.802103
19.256518
-69.089593
8.510335
13.069665
12.687962
0.502038
0.000000
-24.390000
-12.862857
31.052857
-31.379336
-24.979336
-8.990000
7.790000
22.454453
13.464453
-24.570726
-8.748893
54.209619
6.744040
22.535960
-3.747266
-12.437266
-10.390000
5.099660
15.489660
-8.490000
-48.485474
-56.975474
-35.707976
72.976173
37.262433
-82.348606
4.172974
77.149147
-25.397449
-30.297449
29.896236
7.400000
-20.864526
-13.464526
8.664651
-39.088230
23.254453
12.539300
-1.649300
-1.125131
20.954869
11.817345
0.000000
-34.633836
41.496491
-28.920723
40.738068
89.769106
100.959106
37.365647
-30.735647
14.634040
-1.200000
-20.271770
-19.071770
-3.700000
5.326436
5.963564
19.202038
0.502038
9.590000
-8.170097
1.419903
48.669454
41.404645
-4.942063
36.656708
37.638127
13.656518
-24.180000
-36.470000
-15.790000
21.042747
-20.042747
14.075660
-20.985660
86.941239
94.874569
50.244613
-30.422468
-52.167394
-45.879053
-32.865458
66.515207
-23.982754
34.272754
2.485547
0.000000
-4.700000
12.756749
-8.056749
0.000000
-4.100000
12.270097
59.750987
66.950987
-42.399593
-45.252802
32.114532
77.479106
-36.949665
-20.164420
-41.842857
0.750700
48.393754
49.144454
-3.700000
-38.033272
-4.700000
-14.552506
0.000000
-0.324248
-10.435696
21.548261
-22.447435
8.090000
0.000000
49.560000
49.560000
-1.400000
26.632848
25.232848
0.000000
-18.379336
-18.379336
-140.000000
-138.600000
0.000000
0.000000
-21.780000
-25.880000
13.495162
-5.405162
-0.400000
0.000000
-24.977962
17.363476
39.543476
-4.722885
-8.122885
-0.400000
-0.700000
17.890000
31.881728
49.771728
-39.984746
18.890000
0.000000
-9.890000
3.300000
14.000000
0.000000
-1.000000
23.702038
30.789355
-20.699355
-1.458489
11.931511
15.357980
-6.422020
41.554613
14.735914
8.603695
-35.430000
-14.590000
7.693503
30.462095
29.680000
-21.647322
31.630669
26.434077
-8.590000
0.000000
1.900000
-34.407396
33.522848
35.422848
-13.174613
-3.700000
-16.090000
45.052802
18.107945
-15.007945
-5.700000
0.000000
32.045207
6.916150
-28.905864
-26.526663
80.184569
-22.240227
14.213608
6.890000
-15.381696
-8.491696
-4.796497
12.290000
0.000000
-38.532747
-50.822747
37.365647
0.000000
-17.690000
-5.900000
-5.900000
-6.700000
10.813608
29.654869
26.454869
-22.484746
35.561770
17.977024
65.558345
-74.633320
-29.385162
-34.567640
-49.764174
15.030184
-8.792604
14.748274
44.999323
39.735207
-10.538708
-24.028708
-3.400000
-0.700000
-5.600000
-25.577089
3.716252
-4.500000
0.000000
9.290000
13.790000
3.716252
25.380000
8.921173
-19.762605
28.852605
-17.890000
-18.490000
-63.330000
83.448345
78.360184
15.030184
-25.190000
-6.700000
-2.306158
0.000000
0.000000
2.000000
0.000000
3.988391
12.075458
-4.290000
0.000000
-56.770005
60.870005
5.380000
0.310000
5.380000
2.472452
21.607548
2.472452
7.790000
9.990000
6.700000
5.600000
7.790000
11.090000
8.990000
35.636519
-7.156519
35.636519
-1.200000
1.200000
49.064548
47.864548
34.736483
35.936483
-67.912747
69.812747
-3.200000
0.000000
0.000000
32.114532
-32.507976
-39.233272
62.813272
-78.365546
78.365546
-27.849171
-1.302291
6.456169
-27.574707
-54.692103
73.165546
19.224532
-9.293501
-2.793501
-6.990000
-8.115131
6.396913
3.258489
-8.090000
0.000000
-1.800000
-3.400000
-43.726345
-40.326345
-4.779260
2.408541
-5.700000
1.000000
-23.062706
-17.362706
7.959355
8.959355
-19.109348
25.709348
-21.691728
-0.542692
-9.690000
27.543764
17.853764
-13.996913
14.202206
-7.484707
17.683510
12.583510
0.000000
-2.051883
-3.251883
-11.078886
-12.372371
-5.978573
11.650945
4.251612
8.038388
-7.090000
-7.490000
-3.800000
-10.890000
-7.890000
-15.380000
51.153320
58.243320
-9.934415
31.693292
-16.065752
-12.538332
-5.420636
3.400812
8.190000
4.661395
18.154689
5.600000
-15.651735
16.090000
-7.796913
-2.700000
-0.898272
1.801728
26.459665
10.104209
18.533426
32.323426
-14.393050
-28.123043
-8.196979
26.911101
-18.599234
-42.293174
2.300000
9.590000
-6.492604
-65.043320
-2.244415
27.071696
21.207945
3.700000
-28.491857
62.500630
-8.129365
-18.327590
5.700000
-7.790000
-6.200000
20.402206
4.258662
-18.794209
4.707349
-4.707349
-28.233989
29.131235
12.892754
-22.738662
22.738662
5.600000
20.348274
-9.890000
19.150000
-4.000000
94.448818
90.448818
13.803292
24.893292
-0.408026
10.990000
4.100000
-0.523556
-39.279183
-21.921739
-42.852565
-43.867962
-44.593174
54.423476
-58.570391
-47.646444
0.000000
-52.769689
-104.944087
-6.034172
-6.034172
-3.000000
-46.792365
-68.354548
21.733989
52.045513
-47.145513
16.795162
-22.926663
-5.936663
-21.217976
14.750240
-9.650240
-10.790000
10.276305
11.990000
12.206479
24.196479
0.000000
-56.770005
9.500000
-20.966444
30.756444
0.000000
46.499323
46.499323
0.000000
12.590000
-54.692103
15.817976
3.067062
0.000000
-1.800000
-28.123043
-12.593050
21.890000
2.693021
42.218606
-26.528606
-5.300000
-4.619221
-9.990000
-11.090000
15.996158
-2.606158
0.000000
56.300630
47.096491
47.438068
-16.822885
-54.413509
6.638588
18.231511
-3.528476
1.166749
7.777243
1.312757
7.490000
-17.690000
46.933476
-87.254087
-11.090000
-6.700000
-44.263485
37.192038
18.880000
54.668541
8.927395
-51.013509
-9.576708
31.379336
4.700000
16.690000
-22.769920
-6.079920
1.535538
-11.018191
-2.667893
22.247980
-57.016483
-10.227026
8.610089
-20.702885
2.485547
13.575547
-66.774087
-21.243836
0.000000
-44.263485
-13.790000
-22.080000
73.023341
-3.700000
17.277828
0.000000
-34.181314
-0.560945
-20.680400
16.480726
53.420000
-78.379420
-29.123655
3.400000
-9.378573
1.500000
11.687709
-6.700000
0.000000
-27.642604
-34.342604
15.217396
15.866444
5.778466
-4.707349
-16.030723
-28.262651
-16.096558
-27.858466
17.543836
6.388686
24.591314
2.700000
-2.992604
-0.292604
-0.648708
7.390000
13.846169
12.098852
12.920645
-10.185043
-5.717294
-14.622007
-2.200000
-3.379260
-2.300000
5.640000
-62.802061
-60.502061
85.000000
-72.922466
24.502206
-29.280812
-11.768476
17.948332
24.700636
0.000000
-39.084252
-39.084252
7.390000
5.200000
-53.370391
-25.891314
24.591314
-7.162604
-20.480000
51.418662
-35.628662
0.000000
-16.776305
-16.776305
-17.881696
55.408606
-4.100000
-3.300000
-3.400000
-61.643320
-17.504177
42.784177
-0.862410
15.127590
26.666708
20.582754
-7.490000
62.706345
28.331107
18.231107
-11.090000
11.390812
-8.657993
-6.323671
-16.938352
-28.324402
-33.980102
-24.990102
-7.790000
36.121107
12.548662
-35.379689
-37.179689
17.090000
0.000000
37.365647
-27.665458
-7.008230
-1.981770
-4.678476
-14.929856
2.900000
3.600000
3.400000
-18.840227
0.000000
-7.390000
-48.485474
42.814899
1.894957
-26.975043
9.790000
-14.190000
-7.501728
3.162410
0.000000
27.395826
-64.791889
-20.997927
46.264931
-10.622107
-0.172824
12.788686
-54.975231
60.075231
-3.000000
34.379336
-28.149355
-36.495474
2.300000
16.956518
4.082651
-14.490000
2.682055
25.667243
-10.157435
-14.357435
0.000000
25.380000
-10.718191
44.616414
22.135647
-8.614177
-36.002237
-1.500000
-33.067640
-5.639508
32.870000
12.695495
24.853564
-18.557155
38.109554
16.790000
4.650492
72.858496
-8.890000
19.737781
19.737781
-0.500000
-46.292365
61.274252
54.974252
0.000000
12.290000
0.000000
11.790000
3.300000
-4.100000
22.077024
-1.541107
14.357435
0.000000
59.750987
7.578678
44.896273
67.286273
68.213272
-70.574854
-5.600000
22.307176
-13.790000
-10.422885
-15.622885
-15.622885
-25.535647
-66.824548
3.353057
4.936943
45.045513
-17.741329
-19.706803
11.390000
10.990000
15.290102
22.831292
1.800000
5.400000
80.165546
-6.500000
3.700000
-39.792365
5.600000
6.700000
0.000000
0.000000
-5.500000
6.300000
-1.232565
18.822565
0.000000
18.700952
-28.840264
3.100000
1.900000
-42.363501
-7.551857
-3.529365
14.446345
-12.410636
25.576231
-8.090000
68.165231
-14.790000
-8.790000
20.568466
-0.284714
-35.830264
39.123509
-1.230000
11.478886
25.290391
-12.100391
-21.989689
-7.690000
24.080000
-8.690000
-11.290000
-0.300000
-6.600000
-6.800000
-60.870005
9.190000
13.117176
41.778541
-22.980000
24.591314
5.595006
-9.990000
-3.300000
4.558994
-8.587828
-5.400000
-9.590000
-41.628768
-48.981455
-18.690000
-59.428311
-68.826763
-5.500000
1.890344
10.460344
54.764662
-46.524662
10.824266
-9.174266
14.566774
33.432830
-36.109604
-9.780000
10.115762
3.514238
31.379863
-23.799863
-4.159382
17.150618
6.710000
2.200000
-9.313706
-19.643706
-17.952357
34.632357
0.000000
-21.246301
3.843944
-0.550000
-29.365237
22.958936
-3.850000
0.000000
10.203984
-7.546016
-0.649866
-21.540134
-2.506058
-27.657550
-23.285310
-7.212770
-12.561224
13.619708
-26.714690
20.310000
-11.520000
-5.940000
-5.540000
13.180803
-1.310803
-18.213223
21.293223
8.840000
0.000000
-125.224096
-125.224096
33.831548
-41.191548
-43.303525
-49.573525
0.000000
-14.346834
23.696834
33.200086
-25.340000
47.529914
-45.500000
13.970898
-3.966612
-34.504285
-56.626763
-61.136763
31.731804
-12.051804
39.069863
4.840000
-1.430000
13.740000
-3.190000
90.000000
-87.470000
28.323273
29.423273
62.646676
-62.206676
0.000000
-28.504206
-18.456966
-11.050000
0.000000
-16.570000
-16.710000
-93.997754
-31.262498
-12.368712
-46.885583
-84.572975
-19.217184
-33.465495
69.006992
7.143944
6.335407
1.354593
34.348225
-13.138225
26.475871
-23.175871
-63.462126
22.578919
-12.788919
-19.154447
-5.524447
111.044096
12.095002
-59.899927
43.129171
-13.593223
21.200000
-13.410000
17.184593
-10.804593
-16.284129
2.034266
13.145407
0.000000
-35.613959
-42.369863
-12.238047
19.158047
16.256547
-11.220000
-5.500000
0.000000
-24.946774
0.642645
-4.400000
15.390000
0.000000
-17.221425
-24.858318
-44.390134
-64.278225
3.261081
-7.068919
23.927293
-20.627293
3.520000
10.000000
25.060000
-12.350000
-64.525449
-6.217078
-11.087934
-5.610000
-15.097896
-6.752066
-14.269382
5.102029
-48.606030
-66.399277
81.349277
-52.759277
-40.378196
9.640000
-25.930000
-41.623706
1.723223
-23.139490
-19.890000
-28.168047
-19.229927
37.479927
-12.640000
0.000000
-20.880000
-12.640000
-8.491548
23.881548
0.000000
18.317550
-10.627550
-16.380000
-18.410000
20.650000
-17.753970
39.403970
-0.965871
7.235871
53.529216
-50.119216
-29.455041
-26.925041
-31.260000
-29.230000
39.560000
-24.473583
41.843583
-16.050000
-5.940000
0.000000
-17.618338
28.488338
0.000000
5.720000
-44.799376
-48.319376
-10.627371
19.417371
-5.500000
8.570000
-13.191923
-17.028077
25.760396
-9.210396
-27.113706
3.850000
-2.090000
17.514206
-7.624206
-39.599866
59.059866
-9.890000
33.973995
-4.347154
-11.816841
46.063995
-4.080000
10.050000
-34.598768
1.376990
15.803010
0.000000
46.236763
-31.616763
6.366966
-4.400000
-2.509736
6.020000
9.923237
-6.600000
7.478712
3.063917
0.000000
-10.990000
-9.513166
18.343166
41.930444
34.380595
-61.801039
4.096011
18.243525
10.003525
-5.390000
1.138893
-15.913388
7.182543
-7.790000
-21.980000
-7.401821
-14.734491
-12.777344
-19.610000
-12.310000
-12.420000
-90.037754
19.088311
-6.380000
-24.010000
3.232846
34.950000
15.982645
-35.028311
17.759043
11.511455
-40.513237
-66.454662
32.294555
-63.763995
54.603210
-54.371043
-6.600000
-8.516841
-22.710000
-19.560000
-13.410000
-8.350000
-28.428311
-33.900000
0.000000
29.365237
5.888037
81.797754
-68.607754
59.330000
0.000000
-61.976992
69.006992
90.037754
-32.710803
-22.820803
8.790000
-3.410000
4.620000
-56.142770
61.642770
-56.142770
-5.390000
26.440000
12.682846
-16.409866
-54.907725
-0.394879
-5.500000
6.960000
-5.500000
-7.481770
5.610000
-16.768037
33.518037
59.164662
0.000000
33.586834
-0.440000
0.220000
0.220000
-25.830000
-36.800000
-12.403917
3.303583
-5.280000
-7.690000
-17.525495
-28.185495
-2.465495
5.500000
-30.656282
-4.400000
-36.678452
-25.633718
-23.066011
-31.963534
-22.843534
-48.923995
5.353223
-18.676282
-9.078037
7.074206
37.447293
-33.047293
-27.664959
35.024959
2.037934
-19.229927
5.280510
0.219490
17.909490
-5.719490
63.571243
-33.523944
20.818757
7.140000
-2.860000
68.537725
12.650000
-4.426294
-39.272779
-29.965407
-11.650444
37.007371
-6.453706
-7.470000
15.500073
-7.590073
7.910000
5.593534
-1.193534
-10.348318
-54.423995
-5.755041
14.425041
-4.180000
-35.283525
5.908452
28.101455
-11.540000
9.610000
-24.195616
26.565616
16.050000
31.980000
-22.310000
-25.381054
35.271054
59.786768
-11.210000
-46.261054
-21.854285
-54.838280
76.978280
-29.558280
-63.227226
-11.630000
-9.073159
-74.159914
-43.151288
-26.411436
-78.427725
-23.583633
-27.860370
-39.810898
-3.300000
-74.213731
-72.008756
-86.299277
-15.419885
-17.617628
-7.044491
-12.640000
10.434505
0.000000
-2.260000
-27.443237
-0.550000
5.028776
-15.198893
18.168893
-9.808893
-35.490134
15.311336
0.328664
0.000000
-20.633984
0.000000
1.440292
23.834223
-0.502887
5.921682
32.564447
-19.605777
-24.060000
-28.400000
57.572727
13.630000
-14.948712
-47.381570
25.551775
-3.080000
-2.860000
-14.423718
-44.606871
47.906871
5.316030
-46.709927
-13.520000
-17.920510
-15.941060
17.033944
-42.250000
46.652975
-48.275630
27.969171
-13.472104
4.600444
-21.540134
-54.180344
20.108664
-11.261775
70.062975
-11.527184
-33.530344
15.714505
-7.690000
-6.600000
-5.500000
-16.920000
-20.953237
-19.229927
30.780000
12.368712
15.110000
-18.225871
-25.798452
17.778452
-6.643633
10.933633
0.000000
-16.490000
-4.400000
-10.430000
-0.316011
21.086011
-22.892656
-1.512656
23.961923
-16.603989
-21.443989
41.361039
-20.831039
-70.980000
0.000000
-0.645041
7.122816
-37.031054
-10.990000
0.000000
0.000000
37.783010
0.000000
1.440292
25.768077
4.950073
12.419927
-20.130898
33.459171
-32.276871
-30.301455
7.690000
8.790000
1.650000
-19.780000
54.950000
0.000000
9.340000
-32.640000
0.000000
-14.400000
-22.792543
-15.178564
20.170370
-40.980994
15.110000
-86.299277
24.060000
11.681436
-0.531436
18.610000
10.880000
-9.088179
-6.115553
-14.730000
-30.440000
-12.943583
-19.680000
-17.470000
14.510000
-22.936016
22.820803
59.072975
0.000000
-9.670000
-7.050000
19.071770
-7.481770
-42.726016
-5.413718
-0.756282
0.000000
29.071039
15.481039
-8.985006
-20.475006
-1.271437
-18.718563
-55.521437
-1.962690
11.990000
-11.230627
-11.230627
-2.000000
-23.901309
-34.391309
-22.180000
-36.276851
-17.725626
-13.318775
13.190000
-47.231437
-13.852105
-7.172829
-4.569305
-39.006495
-48.796495
-31.306164
-8.326164
9.713748
17.503748
-5.500000
-22.842105
-5.000000
-23.251437
-45.296164
43.990000
-43.990000
-5.653836
-6.500000
2.297157
-12.692843
-36.915220
-42.215220
-14.514087
-16.990000
-18.465913
9.823537
9.713388
-84.885388
-49.565239
-44.134357
-25.647894
-15.080000
-4.145000
-4.145000
-23.239860
-48.219860
-25.004087
-26.932181
-11.742181
8.490000
-14.990000
-2.000000
-3.864503
-20.354503
-4.500000
3.500000
37.884342
32.884342
-0.197157
-1.197157
-31.293748
-23.303748
-0.700000
-17.071295
16.171295
-25.408735
-30.508735
-22.856563
-11.266563
-66.813183
-44.216388
-30.334374
-30.536333
-15.401249
-37.266427
-18.925220
6.713748
-29.524146
2.588751
-5.544146
-18.534146
-14.990000
0.000000
-44.334503
31.228807
-4.175118
-45.177355
12.663743
-31.856767
-47.215220
-5.000000
-34.579321
1.304491
1.685118
73.781666
12.990000
11.738807
43.922550
11.490000
-10.761882
-11.390000
-49.352645
-3.118374
-12.811136
22.942550
-5.076767
-8.658334
-19.866767
40.629349
-12.132080
-11.054357
29.061626
27.308118
8.957920
-38.301188
-31.801188
-15.490000
-30.880000
-9.990000
-2.108624
6.681376
-9.735626
-3.635626
10.218118
4.157920
0.000000
-2.000000
-3.500000
8.775118
12.675118
0.000000
4.933776
-32.532105
-26.332595
-63.379230
-47.740530
-34.776302
-35.182078
-44.758644
-7.090000
-15.280000
-2.668812
-8.517171
-40.470530
6.304547
11.583407
31.573407
-5.233733
-38.164217
-11.927819
-10.518747
-25.384087
-16.952690
-1.000000
-69.128756
-66.708756
-6.841812
0.841812
-27.561295
1.500000
-4.400000
-31.862645
-8.990000
3.207355
-51.384087
9.871626
-13.890000
-33.144357
-16.154357
-21.544374
-40.694087
-31.026388
-14.536388
-30.174217
-17.446333
0.327628
6.327628
-2.985006
12.662372
2.291309
-6.000000
-6.000000
-25.175453
25.035854
1.914926
-9.604926
-13.185453
16.592721
-40.570530
-33.934662
1.914926
7.321188
12.867847
23.857847
-4.669543
-1.669543
-29.959305
-49.457929
4.995000
4.995000
40.081043
-34.965006
-21.059543
-27.980000
32.868965
11.045854
-13.392843
-25.382843
-0.195453
3.178864
19.578751
14.578751
18.042595
-16.142595
6.060115
-9.990000
-33.568751
-26.000000
-4.588642
-3.500000
-7.990000
-17.836805
-21.836805
35.511666
59.491666
89.959546
3.114710
-13.578642
3.327972
-1.700554
-23.110772
-6.382345
-8.990000
-32.587416
-39.891309
13.459228
-9.520772
-32.847847
-41.537847
20.449228
23.565350
-33.540115
-24.380000
-4.000000
14.578751
6.320457
8.420457
22.521666
0.000000
-5.840140
-5.749860
5.500000
-2.700000
-23.459305
-5.576767
-19.766767
-4.752181
-18.084217
-37.237894
-21.548757
39.669136
-7.408705
-6.200000
-26.980000
-14.390000
-60.760000
26.703437
4.723437
10.892721
-13.390000
1.902721
23.894342
38.693437
-20.136725
-33.549543
18.861696
-2.158334
43.295100
-42.143728
-40.455116
-9.466412
-17.930140
-14.992136
-3.197864
-30.955913
-7.266563
-43.528757
-59.259136
-5.202255
20.751265
26.460000
26.460000
1.102255
-2.628735
-46.032003
-6.500000
-39.970000
36.246770
0.926039
-18.280000
