72.097092
-72.097092
120.748981
-120.748981
145.483566
-55.807908
-89.675659
-206.082321
136.285093
147.965395
153.834683
-85.532185
-88.259529
-58.211135
-270.253889
-84.484869
-3.729393
-91.019813
-91.019813
-282.750002
132.685492
-134.043244
504.232623
-250.000000
-32.545822
22.610545
-39.796571
-125.346231
196.425521
-172.401518
-139.513115
-282.750002
-132.685492
-127.223447
-16.366806
-99.979573
204.298658
253.219857
-100.621080
-119.150745
-101.461596
113.211288
-96.134665
-49.622445
177.818212
-74.199378
-81.008289
259.990280
-66.985977
-45.038908
459.478479
411.850776
-181.670947
144.939282
78.974286
221.690603
131.950279
-209.012301
-74.704894
109.492044
191.323276
89.347900
-129.144471
-10.480146
-110.423210
-88.108945
-125.346231
-14.360711
-67.541264
-3.630210
-42.397426
57.857200
72.111282
-87.571056
62.870382
-62.870382
82.887989
-93.756301
63.003959
-52.135646
74.777823
-74.777823
65.384584
-81.185079
-69.270630
-85.071125
-57.647410
-123.031994
-45.205949
-211.108350
-62.904503
-33.550364
-15.724857
-62.779836
-31.642113
-508.157812
29.174434
-297.049462
-81.185079
-157.046547
-247.389893
-90.343346
-89.656654
-67.389893
-149.786705
-147.262756
11.874651
-54.272077
86.652474
93.110434
-63.936000
235.030561
-141.920126
-206.427808
-71.865289
27.042508
-62.739223
-125.874341
-78.222244
-191.405900
-127.544811
-347.191339
4.922636
17.844860
-60.207229
-60.179404
-44.268623
-58.552370
-58.065876
-351.643372
70.974633
40.965206
-107.487806
-104.253479
21.645019
-21.645019
174.000000
-87.347526
117.420155
-117.420155
18.384000
17.584000
55.914347
13.001939
-68.916285
-42.509068
76.869592
-53.690214
-65.688446
55.156534
-68.400735
248.800000
-235.555799
-193.643466
248.800000
-204.337326
-119.004192
-178.435798
-47.464338
119.622916
-170.387306
-147.720829
-38.225683
-44.760435
-60.828435
-145.498667
-68.744892
-214.243559
-676.706206
88.514094
45.690633
-36.387242
13.109643
19.248008
-15.940630
-100.021623
-3.660663
-139.516174
-139.516174
0.000000
-103.961527
-52.531799
-47.844000
20.163012
80.704901
-44.057649
-26.483353
-94.867906
160.302301
119.356692
-1.249225
-88.763176
-29.344291
-139.231264
-102.844022
-170.387306
-9.728084
-139.945216
-85.590623
103.016196
-94.360280
-89.183291
-91.458237
-47.962964
-119.691404
-54.098261
-145.252201
10.593929
22.114394
-88.866552
122.807675
-67.051458
47.355312
178.599104
-131.941516
-36.223455
20.151728
-56.375183
-20.858930
-23.901505
-58.175756
108.845287
-22.052433
-37.106721
-93.790999
-36.386762
-116.329872
-79.794870
-60.162813
12.686007
-78.910000
155.595965
-84.621331
28.051153
126.571192
23.239300
-36.700931
-40.011086
171.124593
315.022131
25.145397
42.551256
-114.850301
434.916000
407.820000
96.324322
-134.243981
-101.596515
14.360711
-205.068319
-200.748151
-37.377320
-67.016239
66.330927
-69.193854
-64.153312
-156.131146
-89.114907
45.989116
139.150293
-185.139409
219.304389
-173.315274
224.551981
-92.139473
-132.412507
0.000000
165.239830
-58.851474
-106.388356
47.134869
82.584870
-59.628700
-70.091039
0.000000
64.394913
-19.929185
-44.465728
92.481403
-83.687365
-215.370882
-9.516414
-28.631285
26.256223
-79.276629
-58.672573
4.578354
192.210757
-189.287774
-16.060944
-35.613959
-400.000000
-17.269056
-162.424856
-102.248024
-162.424856
25.514897
-93.555916
-119.070813
-236.762583
-35.298998
-86.910099
-102.566612
-459.297402
-83.263910
-220.208069
-100.023951
-30.180033
-85.175797
-219.442199
-99.314407
-19.354011
67.618923
154.795280
152.794720
0.000000
-14.960555
-81.524076
-92.803144
0.000000
-234.286443
-223.115374
-238.476754
-176.057738
-224.902138
-171.053991
16.732333
110.396349
49.724382
-76.195753
-83.924978
-61.722029
-12.090000
8.892295
-24.888719
-100.405591
-37.805168
-133.887407
0.000000
-137.536137
102.468841
-197.507955
-87.363787
-23.417441
-100.405591
-105.144798
92.240531
-86.410140
-74.442909
0.000000
-122.003028
-68.781764
-93.427193
74.768696
-74.768696
-104.694265
-104.694265
61.836604
-164.084628
166.530869
-97.042435
-63.224696
-195.454640
-161.636901
-133.293272
-196.098008
-159.847171
-11.913619
-57.799703
-45.886085
4.658023
-7.255596
-46.352780
-174.736166
43.873776
-84.509610
-38.093034
-84.445815
-173.889913
44.698745
-88.188084
-88.262211
-133.293272
-133.293272
50.740156
-25.665442
-76.405598
-76.483291
27.148766
-71.022541
-72.275164
-45.126399
-135.962287
-63.274409
-63.687122
3.901992
-120.988824
-120.927659
79.430008
-29.705625
-29.922280
21.589109
-14.126697
-29.118229
36.748229
9.770000
0.000000
24.561092
-19.665092
15.236000
-10.340000
2.675191
-38.814382
-18.918876
-7.328000
-21.011191
-16.011579
-46.686676
23.883874
-27.388507
35.528507
6.020000
-8.304000
8.699326
5.284674
32.272000
-31.128000
-41.728630
-40.432630
-6.567166
-12.177166
-2.093908
-45.691017
33.443893
20.870000
0.000000
9.464000
3.408058
10.031942
21.092000
4.843057
-10.699057
2.741627
10.229627
12.104060
6.111940
-24.783644
2.110314
26.931703
-4.206414
14.150971
-11.580314
-15.476169
27.716369
9.979815
-19.599701
-13.459209
25.768630
-2.693420
-14.926210
20.462210
48.323370
-37.703370
-4.080000
-6.020000
62.021771
-49.801771
2.270441
-46.928229
-40.123685
-14.750000
18.830000
-12.382857
20.218857
-61.177847
76.097847
22.672782
-34.513685
-17.213685
-7.880441
-32.320441
32.184000
-23.064000
-7.464000
20.664000
-7.120000
-6.352000
-6.352000
-22.943644
47.784000
-21.016000
-17.104000
44.112000
27.143942
-28.367942
38.741882
-24.791882
-31.601163
-19.625163
11.656347
38.601771
3.471771
-5.100000
-0.099845
10.080155
-26.484990
27.948990
-15.908924
15.908924
-79.356808
80.580808
-5.544441
-36.293380
33.003977
-31.299377
-38.430309
-2.936000
-9.681790
-15.000000
-24.081346
-21.744000
-13.342702
0.102702
9.262702
-21.380000
-47.545895
-17.104000
7.187747
-20.405380
52.234821
-29.877655
-41.480441
-24.015028
-17.099815
-0.178311
4.258311
-0.510000
16.343751
24.895751
-1.940076
-7.587924
-12.142857
24.013072
-17.653072
10.531882
-0.811882
26.301689
-14.260000
43.403841
-33.395841
-2.651284
-15.107284
-11.896000
42.099410
-29.763410
-2.936000
-13.052076
-4.582210
26.411400
-5.875400
-2.651284
-25.212716
-11.408000
-20.784000
-39.818399
53.170399
-4.584700
-35.220716
-16.577790
-36.056623
-23.329285
7.945346
21.536899
25.188790
-14.206347
-19.248507
5.018208
15.519701
-14.763845
4.636600
-18.556623
33.200623
37.277726
-19.957726
-9.881285
-30.902399
70.213394
-19.758370
-6.120000
36.559034
-8.728118
-9.746399
-47.330942
-57.590942
-38.906942
54.721008
-46.596504
8.979496
9.539209
-3.541419
12.251776
-15.600263
8.178074
9.747076
15.382410
2.957590
-71.989895
94.140808
-7.003225
-124.196768
-0.732000
-118.068007
-24.993847
50.913847
-31.997072
7.120000
54.736369
-48.506369
-11.943644
-2.473644
25.680000
-6.240000
42.143407
49.263407
-22.107845
-17.752000
-34.360441
2.298139
-17.104000
87.010570
21.551461
-79.912548
12.224000
-23.131326
-62.075942
32.128219
-26.307008
30.144000
22.447146
-7.535912
-13.044990
9.787440
3.934923
0.452943
10.996000
1.880567
14.032000
6.971787
23.594298
18.677655
-14.597655
32.277095
5.296169
7.515623
-18.365380
-11.816000
-51.954959
-16.965257
-11.250646
-14.456169
64.053224
-57.497292
-65.116369
-43.194147
29.657879
-39.661703
43.299387
-64.042399
-4.902715
-18.056981
-3.424000
39.794658
-36.242658
-36.054147
38.094147
-8.304000
-5.815490
-38.081440
-50.425442
62.816020
0.000000
31.359028
2.492943
-21.822139
-40.580990
-30.374913
-56.576219
39.990843
6.400981
-63.770959
-0.462908
-36.432000
26.597440
40.981882
-41.698298
-63.124630
32.465623
-12.501217
29.961217
1.768000
-9.920000
48.635942
-33.636369
-64.360000
-81.923040
5.116000
-13.944000
-8.997380
-31.182309
4.180000
9.160000
11.112000
7.328000
8.748229
-3.264000
-19.248000
-14.920000
28.128000
44.216000
54.023841
2.733380
2.962620
-1.137217
20.851968
-7.881303
-15.543737
26.955968
67.014723
-23.442755
-5.126139
57.203841
13.750000
-97.436768
14.260000
46.519101
-36.415101
-7.166857
9.409163
-20.624108
1.428263
43.392000
59.945008
4.612943
-3.289790
23.520000
0.000000
0.000000
-9.156000
-73.204945
35.392219
-36.629239
34.770231
-4.743128
67.071128
-29.328000
23.003373
5.516627
-2.652263
-34.105463
59.395790
55.102410
46.504548
-14.380540
-9.205239
82.955280
11.583407
0.000000
-12.224000
39.673373
-7.510000
-71.178707
-101.975040
-6.880854
-8.144000
-36.350000
3.980705
-32.940241
-11.520000
-40.848000
-18.966913
64.921173
-65.916808
70.863196
20.937977
9.728961
53.720961
-14.664000
-76.983196
-53.937977
-13.440000
-66.056548
17.136000
-7.638707
28.420155
-19.654147
-0.611630
20.052000
5.360885
52.920000
-6.635010
62.495172
-5.462297
-6.071122
-31.443531
-19.518222
-5.453483
-6.692907
15.412110
-31.493778
8.592173
-2.640000
-24.586330
39.100173
-0.845842
-2.633604
4.545517
15.461410
-0.538517
-37.799502
-21.250327
27.724077
-10.614355
2.682330
-3.239520
-25.283205
-5.157408
-6.801699
40.910324
-18.128166
0.845842
16.146620
-9.994620
-7.920000
41.689871
-21.457871
-4.400000
-2.290743
-0.707718
16.148884
-6.653859
12.180504
-3.962014
3.108918
4.020592
31.368504
-57.989023
61.789023
19.587394
-22.627394
-3.249703
-4.368022
25.621726
-6.500478
37.123381
-17.030903
-1.700478
7.791612
16.428000
16.428000
23.199891
-8.571891
-10.460281
-32.153831
-9.521535
11.279936
22.181476
4.691325
-38.152736
18.284109
-3.056109
-1.061354
5.461354
-59.555781
15.488166
4.001901
-24.037995
4.110105
-9.598903
16.150903
-16.831101
26.663101
-28.061112
46.847732
1.760000
13.189566
-19.759108
-19.759108
-1.526446
6.326446
57.494843
0.939522
-9.188000
-7.223182
14.888736
5.071571
1.307951
5.536166
9.666278
-4.075938
4.674846
-20.605864
25.600736
-18.888736
-21.250327
2.560149
8.585838
7.380403
0.531597
22.620048
-10.948048
-20.278712
-4.330712
6.751211
-9.791211
4.200789
-21.029112
6.640149
-27.238712
-5.400000
-6.860281
2.880000
4.721535
4.070465
27.923496
-21.771496
-10.406922
-14.806922
-11.497078
41.313078
-16.410048
-9.378048
10.205760
-11.285760
8.016166
1.760000
-13.500538
-17.660538
-12.122495
18.514495
17.804942
-13.404942
-7.227334
-68.846843
-29.669604
24.349952
24.349952
-2.363225
-20.948884
38.479923
31.289923
55.052764
47.269923
-3.533645
9.533257
-3.861257
10.413257
34.917676
-11.101676
-46.315381
-54.627381
-18.717604
-40.937564
45.943237
9.035041
1.178910
48.547496
54.458324
13.527437
-0.015437
-6.834531
9.555408
29.647604
15.939108
-30.958712
33.967595
41.657595
38.155604
-1.782105
5.302105
6.404748
3.714852
-22.229321
-16.869321
22.370283
19.270280
-27.488563
24.007473
-15.215473
-4.038687
-16.441028
-41.666745
-33.852641
-19.469935
5.089995
10.369995
-13.736563
-7.997778
24.541778
7.926222
16.031936
9.579581
-18.877995
9.233655
12.146345
-1.022608
-1.177392
58.774843
12.638165
5.129871
-17.768036
-11.064284
4.348048
39.011325
-6.772943
28.953718
-3.446903
22.200146
-9.962495
-23.584484
49.281871
7.912000
-2.783978
5.260281
-5.908538
69.728563
-9.583286
3.031429
-19.025232
-30.996942
-9.680714
-17.278446
-30.440119
11.899581
63.936000
-27.998745
-0.966141
-1.846141
22.093630
-46.989940
-4.907951
2.617338
17.437604
-14.037604
-13.195394
-4.063978
9.834846
2.390221
9.190221
18.564666
7.730646
-9.699779
20.680221
-6.159695
27.663695
18.851566
-11.632789
22.779193
-11.434888
-23.175421
27.617226
1.318195
-4.797112
-5.907421
-11.150592
-18.350592
-7.004266
-5.177141
-15.723921
-16.186396
-30.303695
-9.766141
0.434396
25.119108
35.376480
-27.108480
8.555205
4.560480
-1.101527
-24.466195
-46.543604
8.783429
-33.852641
-25.884641
-6.246141
18.983211
-30.279566
20.063381
24.179566
-29.053381
4.313859
6.246141
-11.483597
-13.203719
-28.901726
17.428884
-7.691719
17.927136
-2.120226
25.607136
19.962846
-21.563381
-26.488740
-3.561036
-7.870964
-9.447964
-0.620036
0.000000
23.389718
5.520000
0.000000
6.632216
0.000000
4.058261
7.131739
-0.700000
1.126236
7.563764
15.382073
-9.542337
-37.832254
0.000000
-4.622982
-1.992628
-31.968290
-15.468000
0.000000
-12.828000
-2.788868
-15.015387
-7.200000
11.904440
-2.400000
-6.822440
0.000000
-11.904440
0.000000
0.000000
0.000000
0.000000
-2.720623
-8.944023
4.600000
-22.391931
61.248778
-13.390000
0.000000
36.173485
-36.173485
-28.591220
11.768283
20.389454
-0.399454
5.710182
-3.024271
-51.717208
-48.692936
46.897976
-59.987976
-8.711524
-21.641619
-0.324248
12.675660
0.520588
-9.090000
20.383501
29.473501
3.040000
-27.402643
-24.362643
-7.780029
24.397775
-3.786384
-4.210463
-60.801704
-13.421559
13.543825
-0.240000
0.000000
-5.030901
38.273272
-36.788755
-0.240000
3.040000
2.560000
64.609473
67.649473
-20.159473
-17.599473
-63.960000
-62.280000
-5.700000
34.062095
39.762095
-22.006236
10.916236
14.148000
4.800000
-4.533779
9.614221
-6.091436
9.375023
-11.880060
-43.268976
-20.368765
-34.637699
56.465699
-33.884133
-17.842658
13.961655
13.485638
23.433638
26.975507
22.642151
-15.610151
-29.124976
-6.482825
-8.265494
-8.508000
-17.028000
-13.453026
-9.753026
0.000000
47.752433
66.522832
6.605922
8.502078
-19.960719
8.748500
41.871737
18.798541
7.808541
-6.472000
0.000000
-30.557638
-24.085638
-19.512000
-19.512000
46.978174
52.258174
18.390000
3.227976
-5.100000
-52.984087
-15.232063
0.000000
-3.455585
-5.300000
36.802103
19.256518
-69.089593
8.511383
13.069665
13.628775
0.502038
0.000000
-19.512000
-12.862857
31.052857
-31.340303
-24.979336
-7.192000
7.735743
20.245497
13.053497
-33.207903
-1.521248
59.797151
6.793435
19.292617
-6.944095
-17.372095
-12.468000
8.909369
21.377369
-6.792000
-48.485474
-55.277474
-35.707976
72.962159
37.262433
-82.348606
4.172932
77.135092
-25.397449
-30.303165
29.896236
7.400000
-20.864526
-13.464526
4.220564
-35.276976
20.885497
12.301559
-1.852388
0.389838
18.181444
6.907713
0.000000
-35.471121
37.133408
-29.624363
36.532076
89.769106
100.959106
33.584453
-30.072453
14.634040
-1.440000
-21.441260
-20.001260
-4.440000
7.107803
6.440197
19.202038
0.502038
8.068131
-8.440907
-0.372775
48.669454
41.404645
-4.942063
36.656708
36.834852
13.656518
-24.180000
-36.470000
-15.790000
21.201385
-20.042747
14.075660
-22.156938
83.034672
92.527234
50.512150
-26.445267
-53.966389
-45.909848
-29.678613
69.473100
-29.989585
38.221585
0.276958
0.000000
-3.996983
12.053731
-8.056749
0.000000
-3.280000
11.720907
59.750987
66.939627
-41.867782
-45.252802
32.114532
77.479106
-35.711074
-18.382227
-41.842857
0.067612
49.395006
49.462617
-4.440000
-38.273272
-5.640000
-16.925760
0.000000
-0.324248
-8.424265
21.548261
-22.447435
6.472000
0.000000
46.417818
46.417818
-1.680000
16.930193
15.250193
0.000000
-19.316220
-19.316220
-140.000000
-138.600000
0.000000
0.000000
-20.761543
-25.681543
13.495162
-5.616688
-0.320000
0.000000
-23.460775
17.523412
39.543476
-9.907260
-12.627260
-0.480000
-0.840000
16.281152
31.728306
48.009458
-35.154643
15.112000
0.000000
-9.890000
3.300000
14.000000
0.000000
-1.000000
23.702038
26.867539
-14.759539
5.002639
15.714639
15.357980
-6.422020
40.084150
14.739202
8.603695
-35.430000
-14.590000
7.693507
30.462093
29.680019
-21.650635
25.973665
23.504978
-6.872000
0.000000
2.280000
-28.591220
25.198193
27.478193
-6.028150
-4.440000
-19.308000
45.052802
20.681441
-16.961441
-5.700000
0.000000
28.109100
4.457097
-33.692644
-20.801410
74.899234
-18.038127
13.455023
8.268000
-9.810662
-1.542662
-4.796497
9.832000
0.000000
-37.251055
-47.083055
33.584453
0.000000
-14.152000
-4.720000
-4.720000
-5.360000
9.375023
25.141444
22.581444
-21.950643
34.667779
16.239136
66.295525
-72.036394
-28.325518
-33.174270
-48.620966
16.489274
-15.659740
16.514377
46.967001
37.337100
-10.538708
-23.591920
-3.400000
-0.700000
-5.417617
-25.577089
7.769132
-5.400000
0.000000
11.148000
16.548000
7.769132
30.456000
13.005018
-21.082265
31.990265
-14.795744
-17.225913
-51.083449
81.091269
67.572723
16.489274
-23.731212
-6.505299
-5.662206
0.000000
0.000000
2.400000
0.000000
2.940290
10.966613
-3.432000
0.000000
-56.770005
60.870005
5.380000
0.310000
7.400302
2.472452
21.395524
2.472452
7.305897
9.990000
8.040000
5.600000
9.348000
11.492251
7.859776
35.071407
-7.161077
35.071407
-1.440000
1.440000
48.954814
47.514814
34.094232
35.534232
-60.755055
62.275055
-3.200000
0.000000
0.000000
32.114532
-32.507976
-39.233272
62.813272
-78.365546
78.365546
-27.849171
-1.302291
6.485658
-26.361027
-54.692103
73.165546
19.224532
-9.293501
-2.793501
-8.388000
-7.998162
15.833562
-2.842639
-8.090000
0.000000
-1.800000
-3.400000
-43.726345
-40.326345
-4.779260
2.408541
-5.700000
0.989622
-23.062706
-17.362706
7.971681
8.961302
-4.534210
12.454210
-21.691728
1.299295
-8.312917
26.040941
17.728024
-22.473562
18.336535
-10.289027
17.345735
13.265735
0.000000
-2.874724
-3.834724
-5.966039
-17.178450
0.341108
8.797342
4.251612
8.038388
-7.090000
-7.490000
-3.800000
-10.890000
-7.890000
-15.380000
51.153320
58.243320
-8.327865
30.876547
-14.845685
-15.102540
-7.610284
5.000950
8.022838
7.301660
17.828702
6.720000
-17.700290
19.308000
-17.513562
-2.160000
1.500990
3.660990
26.872362
8.555372
34.117940
45.149940
-14.389616
-21.968964
-1.035359
26.279125
-17.885395
-41.661197
1.840000
7.672000
-13.819740
-64.364394
-1.441140
23.838662
24.401441
4.440000
-32.910521
61.722411
-10.199301
-22.438567
4.560000
-6.232000
-4.960000
23.296535
0.408000
-18.983372
-0.172216
0.172216
-33.683759
33.550174
16.681585
-22.584000
22.584000
4.480000
20.994377
-11.868000
22.980000
-3.200000
103.268462
100.068462
13.803292
24.830446
7.418826
11.459206
4.100000
1.401922
-38.719448
-20.546683
-42.329346
-38.572775
-43.501197
54.423476
-58.570391
-47.646444
0.000000
-52.769689
-103.844439
-3.127240
-3.127240
-2.675634
-46.495438
-68.314559
25.883759
45.233001
-41.313001
16.795162
-18.121410
-4.529410
-21.217976
18.771235
-12.651235
-10.790000
10.271413
11.990000
12.206479
24.196479
0.000000
-56.770005
11.400000
-20.966444
30.756444
0.000000
48.167001
48.167001
0.000000
12.590000
-54.692103
15.817976
0.529560
0.000000
-1.930467
-21.968964
-12.459149
21.890000
8.958652
42.218606
-26.528606
-4.982710
-0.063940
-7.992000
-8.872000
22.090206
-6.022206
0.000000
54.282411
41.613408
41.892076
-19.587260
-64.653398
2.840588
20.754639
-8.369619
2.483885
7.777243
1.312757
7.490000
-16.769501
46.933476
-87.074938
-13.308000
-8.040000
-43.695483
36.819953
17.799438
54.090475
13.345735
-60.573398
-9.576708
31.340303
3.979587
17.141122
-23.436755
-6.295633
1.535538
-11.018191
-2.667893
22.247980
-57.016483
-10.227026
8.610089
-20.850331
0.276958
9.609160
-66.774087
-24.759121
0.000000
-43.695483
-13.790000
-22.080000
65.929024
-2.960000
17.736023
0.000000
-41.247755
4.510658
-20.254078
23.499903
53.420000
-66.139381
-29.428546
4.080000
-3.738892
1.200000
12.000813
-5.360000
0.000000
-22.519717
-27.879717
11.768283
15.866444
14.041582
0.172216
-19.312363
-26.548216
-8.994314
-31.705582
21.799121
7.436245
29.739755
2.160000
-11.019740
-8.859740
-0.648708
8.535079
15.020737
10.867944
8.732319
-15.091807
-3.051774
-14.622007
-2.200000
-3.379260
-2.300000
7.698000
-62.802061
-60.502061
85.000000
-73.761589
26.576535
-30.800366
-12.212158
18.574540
25.871914
0.000000
-39.084252
-39.084252
7.390000
5.200000
-53.370391
-31.299755
29.739755
-6.135717
-16.384000
57.000000
-38.052000
0.000000
-16.779782
-16.779782
-12.810662
55.408606
-3.280000
-3.300000
-2.721074
-61.643320
-12.447262
42.052827
-0.589433
18.598567
26.666708
25.909585
-7.490000
62.706345
28.142752
20.062752
-10.063695
11.392950
-8.657993
-3.259235
-16.433623
-31.021284
-33.980102
-24.990102
-6.232000
34.374752
10.356000
-35.379689
-37.179689
13.672000
0.000000
33.584453
-23.438613
-6.482825
-1.981770
-4.678476
-15.123976
2.320000
2.680000
2.720000
-15.318127
0.000000
-7.390000
-48.485474
41.888215
1.894957
-28.523807
9.790000
-13.470739
-8.220990
3.349433
0.000000
29.043200
-64.217070
-20.351806
46.255675
-10.622107
-0.172824
15.116245
-55.995231
60.075231
-2.847694
34.187997
-28.149355
-36.495474
2.300000
16.956518
7.204216
-13.961655
4.266559
25.667243
-10.157435
-14.357435
0.000000
30.456000
-10.771187
39.975601
22.800460
-5.335262
-34.640340
-1.200000
-31.974270
-5.787387
33.065818
19.250049
29.108197
-23.830499
26.850505
16.764366
6.560613
74.788126
-7.112000
19.742998
19.742998
-0.400000
-46.095438
61.274252
54.974252
0.000000
12.290000
0.000000
11.578474
3.300000
-3.280000
19.519136
-6.710752
14.357435
0.000000
59.750987
9.070964
44.499853
67.286273
68.213272
-70.574854
-5.600000
22.307176
-10.692000
-14.467260
-18.627260
-18.627260
-25.912453
-66.821065
3.353057
4.936943
39.633001
-17.741329
-19.706803
13.668000
9.233322
15.290102
22.831292
1.800000
5.400000
80.165546
-6.349719
3.488474
-39.745719
4.480000
5.360000
0.000000
0.000000
-4.400000
5.040000
-1.232565
18.822565
0.000000
18.700952
-28.507965
3.100000
1.900000
-42.363501
-7.530304
-4.679301
14.446345
-13.202284
25.576231
-8.090000
68.165231
-11.832000
-7.032000
25.873582
-1.034293
-36.895965
46.245398
-3.268000
6.446039
25.290391
-12.100391
-21.989689
-6.886725
24.080000
-8.690000
-10.809468
-0.360000
-5.663116
-6.046100
-60.870005
9.190000
13.117176
41.778541
-22.980000
29.739755
-6.581638
-9.990000
-3.300000
-0.230187
-10.784023
-5.400000
-9.590000
-38.988790
-44.281993
-18.690000
-59.428311
-68.975009
-5.500000
1.890344
10.460344
54.764662
-46.524662
10.824266
-9.174266
14.566774
33.344302
-36.109604
-9.780000
10.079106
3.249180
31.379863
-23.799863
-4.159382
17.150618
6.710000
2.200000
-9.313706
-19.643706
-17.952357
34.123969
0.000000
-21.246301
3.843944
-0.550000
-29.365237
22.811872
-3.850000
0.000000
10.203984
-7.498486
-0.649866
-21.540134
-2.492930
-27.631682
-23.278135
-7.136495
-12.456136
13.490678
-26.670004
20.310000
-11.520000
-5.858390
-5.540000
13.180803
-1.585796
-18.213223
21.115643
7.894888
0.000000
-125.224096
-125.224096
33.831548
-41.183165
-43.303525
-49.517715
0.000000
-14.346834
23.696834
33.494563
-25.020336
42.773766
-43.335992
13.803327
-3.966612
-34.504285
-56.626763
-61.129218
31.716266
-12.051804
39.069863
3.903626
-1.175626
13.740000
-3.190000
90.000000
-87.470000
28.626400
29.506400
62.646676
-62.206676
0.000000
-28.504206
-18.456966
-11.050000
0.000000
-16.570000
-14.533735
-92.897645
-30.729198
-12.084205
-45.524735
-81.934177
-18.633312
-32.968339
68.405846
7.143944
6.335407
1.354593
34.348225
-13.138225
26.475871
-23.175871
-63.462126
22.578919
-12.788919
-19.154447
-5.524447
111.044096
12.095002
-59.899927
43.129171
-13.593223
21.200000
-13.410000
17.184593
-10.804593
-16.284129
2.034266
13.145407
0.000000
-35.613959
-42.369863
-12.238047
19.158047
16.256547
-11.220000
-5.500000
0.000000
-24.946774
0.642645
-4.400000
15.255930
0.000000
-17.221425
-24.858318
-44.390134
-64.278225
3.261081
-7.068919
23.927293
-20.627293
3.469023
10.000000
25.060000
-12.350000
-64.525449
-6.217078
-11.087934
-5.610000
-15.097896
-6.752066
-14.269382
5.102029
-48.606030
-66.399277
81.349277
-52.759277
-40.378196
9.640000
-25.930000
-41.623706
1.723223
-23.139490
-19.890000
-28.168047
-19.229927
37.479927
-12.640000
0.000000
-20.880000
-12.640000
-8.491548
23.881548
0.000000
18.317550
-10.627550
-16.380000
-18.410000
20.650000
-17.753970
39.403970
-0.965871
7.235871
53.294709
-50.143608
-29.455041
-26.925041
-30.959918
-28.920998
39.387017
-24.473583
41.675593
-16.050000
-5.940000
0.000000
-17.127471
28.631285
0.000000
5.720000
-44.992366
-48.047037
-10.627371
19.417371
-5.500000
8.570000
-13.191923
-17.028077
25.760396
-9.210396
-27.113706
3.850000
-2.090000
17.514206
-7.624206
-39.599866
59.026619
-9.890000
33.973995
-4.347154
-11.816841
46.063995
-4.080000
10.050000
-33.364790
1.376990
15.803010
0.000000
46.236763
-31.616763
6.366966
-4.400000
-2.509736
6.020000
9.923237
-6.600000
7.478712
3.063917
0.000000
-10.990000
-9.513166
18.343166
41.930444
34.368637
-61.801039
5.112241
18.243525
10.003525
-5.329211
1.633497
-15.848005
7.333824
-7.719290
-21.319036
-7.199657
-14.714267
-12.730571
-19.610000
-12.285346
-12.398378
-89.729645
19.088311
-6.341226
-24.010000
3.232846
34.950000
15.739855
-35.028311
17.754837
12.953041
-40.570469
-66.501294
32.294555
-63.763995
54.603210
-54.371043
-6.600000
-8.516841
-22.533249
-19.383249
-13.254989
-8.235338
-28.428311
-33.871335
0.000000
29.365237
5.888037
81.799618
-68.727817
59.224705
0.000000
-62.015276
68.405846
89.729645
-32.626105
-22.820803
8.715721
-3.410000
4.525611
-56.203953
61.610509
-56.203953
-5.365145
26.440000
12.682846
-16.409866
-54.907725
-0.394879
-5.500000
6.960000
-5.499226
-7.480996
5.526085
-16.768037
33.238957
59.164662
0.000000
33.416308
-0.440000
0.220000
0.220000
-25.305438
-36.800000
-12.403917
3.303583
-5.100213
-7.679539
-17.525495
-27.868126
-2.465495
5.500000
-30.391750
-4.219191
-36.559303
-25.304835
-22.801832
-31.936412
-22.843534
-48.923995
5.353223
-18.676282
-9.078037
7.074206
37.447293
-33.047293
-27.664959
35.024959
2.037934
-19.229927
5.280510
0.219490
17.909490
-5.719490
64.188604
-33.037807
22.664846
7.140000
-2.860000
67.156428
12.650000
-4.426294
-39.272779
-29.965407
-11.650444
37.529903
-6.453706
-7.470000
15.500073
-7.590073
7.910000
5.593534
-1.193534
-10.348318
-54.423995
-5.755041
14.425041
-4.180000
-35.283525
5.908452
27.577993
-11.423542
9.610000
-24.195616
26.449159
16.050000
29.505854
-21.232000
-25.477849
35.271054
58.135948
-11.210000
-46.261054
-21.854285
-54.838280
76.136497
-29.558280
-62.204733
-11.546085
-9.073159
-75.229766
-40.951111
-26.394978
-79.024428
-22.566196
-26.632864
-36.755938
-3.300000
-74.213731
-72.008756
-86.299277
-15.419885
-17.617628
-7.034728
-12.640000
10.434505
0.000000
-2.260000
-27.443237
-0.440000
4.627267
-15.198893
18.168893
-9.808893
-35.490134
15.314791
0.328664
0.000000
-20.633984
0.000000
1.230287
23.813915
-0.518619
5.921682
32.552090
-19.590045
-24.053617
-28.394797
57.515979
13.603875
-14.933407
-47.376983
25.525421
-2.464000
-2.288000
-14.423718
-44.606871
47.875656
5.316030
-46.709927
-13.515427
-17.920502
-15.941055
17.033944
-42.106673
46.674596
-48.275630
27.969171
-13.472104
4.600444
-21.540134
-55.139687
20.108664
-11.261775
70.062975
-11.527184
-33.530344
15.714505
-7.690000
-6.223538
-5.183046
-16.920000
-20.953237
-19.229927
30.780000
12.084205
15.110000
-18.225871
-25.798452
17.778452
-7.769975
11.201975
0.000000
-16.218709
-4.400000
-10.430000
-0.316011
21.086011
-22.768099
-1.512656
23.562209
-16.603989
-21.421414
41.361039
-20.831039
-70.980000
0.000000
-0.645041
7.122816
-37.031054
-10.990000
0.000000
0.000000
37.522488
0.000000
1.230287
25.768077
4.950073
12.419927
-18.731327
33.459171
-32.276871
-29.337993
7.690000
8.790000
1.650000
-19.780000
54.950000
0.000000
9.340000
-32.640000
0.000000
-14.400000
-22.792543
-17.329022
17.404864
-40.861827
15.110000
-86.299277
24.053617
8.718978
4.761022
18.610000
10.880000
-9.088179
-6.115553
-14.730000
-30.344454
-12.943583
-18.024611
-17.470000
14.510000
-22.754416
22.820803
59.072975
0.000000
-9.670000
-7.050000
20.001260
-7.480996
-39.369462
-5.413718
-0.756282
0.000000
28.990632
15.481039
-8.985006
-20.475006
-1.271437
-18.695287
-55.521437
-1.962690
11.990000
-11.230627
-11.230627
-2.000000
-23.901309
-34.391297
-22.180000
-36.255089
-17.725626
-13.318751
13.190000
-47.231437
-13.852105
-7.172829
-4.569305
-39.006495
-48.752782
-31.306164
-8.326164
9.713748
17.503748
-5.499906
-22.842105
-5.000000
-23.251437
-45.296164
43.953164
-43.953164
-5.635352
-6.484893
2.297157
-12.692843
-36.915220
-42.215220
-14.514087
-16.990000
-18.465913
9.823537
9.713776
-84.885388
-49.539517
-44.134357
-25.647894
-15.080000
-4.145000
-4.145000
-23.239860
-48.219860
-25.004087
-27.178218
-8.950218
8.490000
-14.990000
-2.000000
-3.866978
-20.354503
-4.500000
3.500000
37.884342
32.884342
-0.197157
-1.197157
-31.293748
-23.303748
-0.700000
-17.071295
16.171295
-25.408735
-30.508735
-22.848290
-11.266563
-66.745961
-44.171203
-30.319174
-30.490871
-15.401249
-37.260106
-18.925220
6.713748
-29.524146
2.588751
-5.544146
-18.534146
-14.990000
0.000000
-44.090400
31.183619
-3.931015
-45.171760
12.644977
-31.793106
-47.156477
-4.694336
-34.567643
1.305949
1.685118
73.781666
12.990000
11.738807
43.922550
11.490000
-10.761462
-11.380837
-49.348558
-3.110181
-12.808594
22.950371
-5.083259
-8.652381
-19.866767
40.629349
-12.132080
-11.054357
29.061626
27.308118
8.957920
-38.223176
-31.801188
-12.392000
-30.519117
-9.990000
-2.108624
4.923376
-9.735626
-3.635626
10.218118
4.157920
0.000000
-1.997763
-3.500000
8.775118
12.675118
0.000000
3.794860
-32.310262
-25.411295
-64.044592
-48.179094
-34.488009
-36.853899
-43.860851
-7.090000
-15.320073
-2.668812
-8.517171
-39.191094
6.304547
11.583407
31.573407
-5.233733
-38.164217
-11.927819
-10.518747
-25.384087
-16.952690
-1.000000
-69.128756
-66.708756
-6.800909
0.841812
-27.561295
1.200000
-4.400000
-31.862645
-8.990000
3.207355
-51.384087
9.871626
-13.890000
-33.144357
-16.154357
-21.544374
-40.694087
-31.026388
-14.536388
-30.174217
-17.446333
0.327628
6.327628
-2.985006
12.662372
2.291309
-6.000000
-6.000000
-20.179453
23.205533
1.819893
-7.971893
-10.587453
16.592721
-39.271094
-33.934662
1.819893
7.321188
12.867847
23.857847
-4.669543
-1.669543
-29.959305
-49.457929
4.995000
4.995000
40.081043
-34.934250
-21.059543
-27.980000
32.868965
11.045854
-13.392843
-25.382788
-0.195453
3.178864
19.578751
14.578751
18.042595
-16.142595
6.060115
-9.990000
-33.532838
-26.000000
-4.588642
-3.500000
-7.990000
-17.836805
-21.836766
35.511666
59.491666
89.724246
3.022450
-13.544369
3.235279
-1.749413
-23.110772
-6.382345
-8.989644
-32.587137
-39.891203
13.459228
-9.520772
-32.847847
-40.930269
20.449228
23.565350
-33.540115
-24.380000
-4.000000
14.578751
6.320457
8.420457
22.521666
0.000000
-5.840140
-5.749860
5.500000
-2.700000
-23.459305
-5.576767
-19.766767
-3.558218
-18.084217
-37.237894
-21.548757
39.669136
-7.408705
-6.200000
-26.980000
-14.390000
-60.760000
26.703437
4.723437
10.892721
-13.390000
1.902721
23.894342
38.693437
-20.136703
-33.549543
18.861696
-2.158105
43.128636
-42.143728
-40.455116
-9.466412
-17.930140
-14.992136
-3.197864
-30.955913
-7.266563
-43.488241
-59.205675
-5.070407
20.751265
26.460000
26.460000
1.102475
-2.628735
-46.032003
-6.494277
-39.970000
36.509149
0.969382
-18.192898
