400.000000
720.000000
1080.000000
1143.731112
341.305056
70.000000
1000.000000
200.000000
70.000000
410.000000
410.000000
42.200000
650.000000
450.000000
750.000000
225.000000
225.000000
120.000000
120.000000
120.000000
110.000000
87.600000
160.000000
225.000000
430.000000
250.000000
250.000000
360.000000
20.000000
125.000000
131.397788
690.000000
964.980692
70.000000
600.000000
200.000000
600.000000
200.000000
0.000000
174.000000
307.590000
0.000000
0.000000
0.000000
95.000000
0.900000
0.800000
15.000000
11.000000
2.500000
6.000000
70.000000
60.000000
57.000000
120.000000
38.000000
2.380000
2.000000
1.500000
44.000000
44.000000
44.000000
43.000000
1.500000
200.000000
10.000000
1.500000
5.100000
8.000000
8.000000
6.000000
4.500000
10.000000
3.000000
3.200000
1.000000
4.500000
1.000000
2.000000
234.000000
234.000000
115.000000
115.000000
6.000000
6.000000
3.500000
2.700000
1.600000
2.700000
4.000000
0.800000
200.000000
200.000000
1.400000
7.600000
9.600000
4.700000
1.400000
6.200000
2.700000
1.000000
70.000000
1.400000
3.800000
1.200000
6.900000
1.100000
3.900000
3.800000
134.000000
80.000000
85.000000
3.100000
2.100000
0.700000
49.800000
1.890000
2.990000
44.920000
55.000000
2.990000
2.490000
31.870000
8.960000
3.680000
4.580000
370.000000
370.000000
15.930000
2.090000
20.810000
1.890000
60.540000
2.490000
0.700000
3.980000
1.990000
20.000000
20.000000
20.000000
4.070000
0.100000
24.900000
2.990000
24.900000
59.760000
29.880000
7.970000
22.910000
10.560000
44.820000
230.000000
117.643731
37.840000
40.000000
120.000000
40.000000
106.560000
250.000000
99.590000
99.590000
99.590000
51.790000
14.940000
18.920000
15.930000
197.190000
0.500000
1.000000
1.390000
1.490000
1.000000
0.800000
12.750000
4.280000
366.642378
120.000000
20.000000
495.000000
0.200000
0.600000
2.090000
31.170000
48.800000
2.290000
0.300000
160.000000
225.000000
215.000000
8.960000
1.140000
1.700000
54.770000
63.740000
17.430000
120.000000
120.000000
0.300000
2.000000
1.600000
1.600000
0.500000
0.100000
30.000000
150.000000
51.000000
50.000000
90.000000
3.000000
2.300000
3.000000
50.000000
2.800000
0.500000
15.000000
2.850000
104.500000
2.100000
1.800000
3.500000
2.700000
1.400000
0.800000
5.000000
3.000000
0.400000
6.000000
1.700000
55.000000
78.000000
42.419244
50.000000
4.000000
3.300000
3.000000
1.500000
2.600000
1.200000
1.200000
1.200000
0.600000
4.000000
0.500000
200.000000
200.000000
1.500000
0.300000
17.000000
6.000000
50.700000
2.500000
2.000000
6.000000
1.500000
0.600000
0.600000
0.500000
2.900000
2.000000
3.500000
2.800000
3.000000
2.600000
21.000000
0.200000
0.400000
200.000000
83.400000
81.000000
25.000000
12.000000
5.600000
0.500000
0.400000
1.000000
0.300000
0.500000
18.000000
1.000000
3.000000
0.600000
2.400000
110.000000
1.000000
2.200000
50.000000
40.000000
7.700000
0.700000
12.000000
4.100000
90.000000
50.000000
6.500000
10.000000
27.000000
26.000000
2.600000
4.000000
1.500000
46.550000
1.520000
2.700000
15.680000
2.000000
1.800000
2.400000
10.000000
6.300000
1.500000
0.200000
2.500000
1.000000
13.500000
0.400000
0.400000
1.100000
3.000000
0.300000
52.250000
16.150000
51.000000
37.000000
2.000000
7.000000
50.000000
50.000000
