  psseraw:file=input/case2383busPsse30_rev21.raw&lowx=adjust
  31  125  -1 0.30035067 0.0 2842 126 127  0.5128466  0.0  -0.70749277  0.0  5  0  1  0  0  0
  31  125  -1 0.30035067 0.0 212 158 176  0.0  0.0  1.0  0.0  0  0  0  0  0  0
  31  125  -1 0.30035067 0.0 211 157 158  0.0  0.0  1.0  0.0  0  0  0  0  0  0
  31  125  -1 0.30035067 0.0 172 125 126  0.0  0.0  1.0  0.0  0  0  0  0  0  0
  31  125  -1 0.30035067 0.0 164 120 125  0.067839146  0.0  0.7741335  0.0  1  0  0  0  0  0
  31  125  -1 0.30035067 0.0 29 15 165  0.09520483  0.0  0.68302107  0.0  1  0  0  0  0  0
  31  125  -1 0.30035067 0.0 1986 1664 2020  0.17673635  0.0  0.41156662  0.0  1  0  0  0  0  0
  31  125  -1 0.30035067 0.0 177 127 157  0.17985821  0.0  0.4011726  0.0  1  0  0  0  0  0
  31  125  -1 0.30035067 0.0 1934 1641 2020  0.18356895  0.0  0.38881788  0.0  1  0  0  0  0  0
  31  125  -1 0.30035067 0.0 173 125 135  0.2151084  0.0  0.28380916  0.0  1  0  0  0  0  0
  31  125  -1 0.30035067 0.0 2224 1846 1992  0.18737793  0.0  0.37613612  0.0  1  0  0  0  0  0
  31  125  -1 0.30035067 0.0 1875 1612 1641  0.20465946  0.0  0.31859827  0.0  1  0  0  0  0  0
  31  125  -1 0.30035067 0.0 28 15 18  0.21349382  0.0  0.28918478  0.0  1  0  0  0  0  0
  31  125  -1 0.30035067 0.0 2851 1846 135  0.23939371  0.0  0.20295262  0.0  1  0  0  0  0  0
  31  125  -1 0.30035067 0.0 1876 1612 1662  0.22628355  0.0  0.24660213  0.0  1  0  0  0  0  0
  205  1664  -1 0.14455462 0.0 2842 126 127  0.43014443  0.0  -1.9756534  0.0  5  0  1  0  0  0
  205  1664  -1 0.14455462 0.0 212 158 176  0.0  0.0  1.0  0.0  0  0  0  0  0  0
  205  1664  -1 0.14455462 0.0 211 157 158  0.0  0.0  1.0  0.0  0  0  0  0  0  0
  205  1664  -1 0.14455462 0.0 164 120 125  0.0  0.0  1.0  0.0  0  0  0  0  0  0
  205  1664  -1 0.14455462 0.0 172 125 126  0.0  0.0  1.0  0.0  0  0  0  0  0  0
  205  1664  -1 0.14455462 0.0 29 15 165  0.0  0.0  1.0  0.0  0  0  0  0  0  0
  205  1664  -1 0.14455462 0.0 2841 1775 125  0.01717472  0.0  0.8811887  0.0  1  0  0  0  0  0
  205  1664  -1 0.14455462 0.0 1985 1664 1775  0.01745224  0.0  0.8792689  0.0  1  0  0  0  0  0
  205  1664  -1 0.14455462 0.0 173 125 135  0.04802227  0.0  0.6677915  0.0  1  0  0  0  0  0
  205  1664  -1 0.14455462 0.0 2224 1846 1992  0.03538418  0.0  0.75521934  0.0  1  0  0  0  0  0
  205  1664  -1 0.14455462 0.0 177 127 157  0.03892374  0.0  0.73073334  0.0  1  0  0  0  0  0
  205  1664  -1 0.14455462 0.0 28 15 18  0.057985306  0.0  0.5988692  0.0  1  0  0  0  0  0
  205  1664  -1 0.14455462 0.0 1986 1664 2020  0.06474924  0.0  0.55207765  0.0  1  0  0  0  0  0
  205  1664  -1 0.14455462 0.0 2851 1846 135  0.081570625  0.0  0.43571067  0.0  1  0  0  0  0  0
  205  1664  -1 0.14455462 0.0 162 118 126  0.095730305  0.0  0.33775684  0.0  1  0  0  0  0  0
  245  1883  -1 0.09640306 0.0 2839 1761 124  0.0  0.0  1.0  0.0  0  0  0  0  0  0
  245  1883  -1 0.09640306 0.0 2136 1761 1883  0.07514727  0.0  0.22048876  0.0  1  0  1  0  0  0
  245  1883  -1 0.09640306 0.0 1939 1644 1761  0.0  0.0  1.0  0.0  0  0  0  0  0  0
  245  1883  -1 0.09640306 0.0 2135 1761 1855  0.0  0.0  1.0  0.0  0  0  0  0  0  0
  245  1883  -1 0.09640306 0.0 1940 1644 1971  0.0  0.0  1.0  0.0  0  0  0  0  0  0
  245  1883  -1 0.09640306 0.0 2235 1855 2101  0.0  0.0  1.0  0.0  0  0  0  0  0  0
  245  1883  -1 0.09640306 0.0 2271 1883 2064  0.0  0.0  1.0  0.0  0  0  0  0  0  0
  245  1883  -1 0.09640306 0.0 2389 2029 2064  0.0  0.0  1.0  0.0  0  0  0  0  0  0
  245  1883  -1 0.09640306 0.0 2200 1825 2101  0.0  0.0  1.0  0.0  0  0  0  0  0  0
  245  1883  -1 0.09640306 0.0 2020 1682 2029  0.0  0.0  1.0  0.0  0  0  0  0  0  0
  245  1883  -1 0.09640306 0.0 2085 1727 1825  0.0  0.0  1.0  0.0  0  0  0  0  0  0
  245  1883  -1 0.09640306 0.0 2356 1971 2047  0.0  0.0  1.0  0.0  0  0  0  0  0  0
  245  1883  -1 0.09640306 0.0 2019 1682 1683  0.017525494  0.0  0.8182061  0.0  1  0  0  0  0  0
  245  1883  -1 0.09640306 0.0 2082 1726 1727  0.025480568  0.0  0.73568714  0.0  1  0  0  0  0  0
  245  1883  -1 0.09640306 0.0 2021 1683 1684  0.039655447  0.0  0.5886495  0.0  1  0  0  0  0  0
  159  117  140 0.05039382 0.0 1939 1644 1761  0.0  0.0  1.0  0.0  0  0  0  0  0  0
  159  117  140 0.05039382 0.0 1940 1644 1971  0.0  0.0  1.0  0.0  0  0  0  0  0  0
  159  117  140 0.05039382 0.0 2356 1971 2047  0.0  0.0  1.0  0.0  0  0  0  0  0  0
  159  117  140 0.05039382 0.0 2208 1833 2047  0.0  0.0  1.0  0.0  0  0  0  0  0  0
  159  117  140 0.05039382 0.0 2136 1761 1883  0.10080081  0.0  -1.0002614  0.0  1  0  1  0  0  0
  159  117  140 0.05039382 0.0 2839 1761 124  0.0  0.0  1.0  0.0  0  0  0  0  0  0
  159  117  140 0.05039382 0.0 2207 1833 1976  0.0  0.0  1.0  0.0  0  0  0  0  0  0
  159  117  140 0.05039382 0.0 2237 1856 2047  0.0  0.0  1.0  0.0  0  0  0  0  0  0
  159  117  140 0.05039382 0.0 2895 1763 1761  0.049182475  0.0  0.024037575  0.0  1  0  0  0  0  0
  159  117  140 0.05039382 0.0 2269 1882 2273  0.039389968  0.0  0.21835718  0.0  2  0  0  0  0  0
  159  117  140 0.05039382 0.0 2270 1882 2333  0.15725267  0.0  -2.1204753  0.0  3  0  1  0  0  0
  159  117  140 0.05039382 0.0 2579 2197 2274  0.16065907  0.0  -2.188071  0.0  3  0  1  0  0  0
  159  117  140 0.05039382 0.0 2264 1881 2000  0.012768865  0.0  0.74661845  0.0  1  0  0  0  0  0
  159  117  140 0.05039382 0.0 196 139 174  0.13301116  0.0  -1.639434  0.0  2  0  1  0  0  0
  159  117  140 0.05039382 0.0 2256 1875 1877  0.009552479  0.0  0.81044346  0.0  1  0  0  0  0  0
  160  117  143 0.076773286 0.0 159 117 140  0.063348174  0.0  0.17486697  0.0  1  0  1  0  0  0
  160  117  143 0.076773286 0.0 2830 1655 117  0.06332946  0.0  0.17511074  0.0  1  0  1  0  0  0
  160  117  143 0.076773286 0.0 2001 1674 1918  0.0  0.0  1.0  0.0  0  0  0  0  0  0
  160  117  143 0.076773286 0.0 1943 1646 1655  0.16005933  0.0  -1.0848311  0.0  1  0  1  0  0  0
  160  117  143 0.076773286 0.0 1944 1646 1674  0.1566292  0.0  -1.0401524  0.0  1  0  1  0  0  0
  160  117  143 0.076773286 0.0 2106 1744 1901  0.0  0.0  1.0  0.0  0  0  0  0  0  0
  160  117  143 0.076773286 0.0 1963 1653 1918  0.0  0.0  1.0  0.0  0  0  0  0  0  0
  160  117  143 0.076773286 0.0 1964 1653 2018  0.0  0.0  1.0  0.0  0  0  0  0  0  0
  160  117  143 0.076773286 0.0 2000 1674 1893  0.0  0.0  1.0  0.0  0  0  0  0  0  0
  160  117  143 0.076773286 0.0 1967 1655 1901  0.61213267  0.0  -6.973251  0.0  3  0  1  0  0  0
  160  117  143 0.076773286 0.0 2108 1744 1999  0.0  0.0  1.0  0.0  0  0  0  0  0  0
  160  117  143 0.076773286 0.0 2285 1893 1923  0.0027474165  0.0  0.9642139  0.0  1  0  0  0  0  0
  160  117  143 0.076773286 0.0 2354 1970 1999  0.018603206  0.0  0.7576865  0.0  1  0  0  0  0  0
  160  117  143 0.076773286 0.0 2321 1923 2076  0.019613504  0.0  0.744527  0.0  1  0  0  0  0  0
  160  117  143 0.076773286 0.0 1896 1622 2076  0.01961279  0.0  0.7445363  0.0  1  0  0  0  0  0
  170  123  144 0.20959663 0.0 159 117 140  1.1489325  0.0  -4.481636  0.0  4  0  1  0  1  0
  170  123  144 0.20959663 0.0 160 117 143  0.9074895  0.0  -3.329695  0.0  5  0  1  0  1  0
  170  123  144 0.20959663 0.0 2830 1655 117  0.080485225  0.0  0.61599946  0.0  1  0  0  0  0  0
  170  123  144 0.20959663 0.0 200 143 144  0.037160277  0.0  0.82270575  0.0  2  0  0  0  0  0
  170  123  144 0.20959663 0.0 198 141 144  0.11111128  0.0  0.4698804  0.0  2  0  0  0  0  0
  170  123  144 0.20959663 0.0 201 143 149  0.22993076  0.0  -0.09701551  0.0  3  0  0  0  1  0
  170  123  144 0.20959663 0.0 2864 1925 149  0.22976565  0.0  -0.09622779  0.0  3  0  0  0  1  0
  170  123  144 0.20959663 0.0 2877 163 165  0.14585435  0.0  0.3041188  0.0  2  0  0  0  0  0
  170  123  144 0.20959663 0.0 194 139 140  0.1550368  0.0  0.2603087  0.0  2  0  0  0  0  0
  170  123  144 0.20959663 0.0 216 160 168  0.1328448  0.0  0.36618826  0.0  2  0  0  0  0  0
  170  123  144 0.20959663 0.0 179 129 143  0.16323185  0.0  0.22120959  0.0  2  0  0  0  0  0
  170  123  144 0.20959663 0.0 225 168 169  0.13330686  0.0  0.36398378  0.0  2  0  0  0  0  0
  170  123  144 0.20959663 0.0 2883 2258 169  0.13337886  0.0  0.36364025  0.0  2  0  0  0  0  0
  170  123  144 0.20959663 0.0 157 115 133  0.1648736  0.0  0.21337669  0.0  2  0  0  0  0  0
  170  123  144 0.20959663 0.0 151 111 123  0.14780664  0.0  0.2948043  0.0  2  0  0  0  0  0
  2020  1682  2029 0.07400942 0.0 1939 1644 1761  0.029125392  0.0  0.60646373  0.0  1  0  0  0  0  0
  2020  1682  2029 0.07400942 0.0 1940 1644 1971  0.011827171  0.0  0.8401937  0.0  1  0  0  0  0  0
  2020  1682  2029 0.07400942 0.0 2356 1971 2047  0.0  0.0  1.0  0.0  0  0  0  0  0  0
  2020  1682  2029 0.07400942 0.0 2136 1761 1883  0.035455585  0.0  0.5209315  0.0  1  0  0  0  0  0
  2020  1682  2029 0.07400942 0.0 2208 1833 2047  0.0  0.0  1.0  0.0  0  0  0  0  0  0
  2020  1682  2029 0.07400942 0.0 2207 1833 1976  0.0  0.0  1.0  0.0  0  0  0  0  0  0
  2020  1682  2029 0.07400942 0.0 2839 1761 124  0.0  0.0  1.0  0.0  0  0  0  0  0  0
  2020  1682  2029 0.07400942 0.0 2237 1856 2047  0.0  0.0  1.0  0.0  0  0  0  0  0  0
  2020  1682  2029 0.07400942 0.0 1968 1656 1673  0.44791603  0.0  -5.052149  0.0  2  0  1  0  0  0
  2020  1682  2029 0.07400942 0.0 1969 1656 1917  0.24306345  0.0  -2.2842233  0.0  2  0  1  0  0  0
  2020  1682  2029 0.07400942 0.0 2895 1763 1761  0.02215457  0.0  0.700652  0.0  1  0  0  0  0  0
  2020  1682  2029 0.07400942 0.0 2003 1675 1917  0.17024279  0.0  -1.3002855  0.0  2  0  1  0  0  0
  2020  1682  2029 0.07400942 0.0 196 139 174  0.054212093  0.0  0.26749736  0.0  2  0  0  0  0  0
  2020  1682  2029 0.07400942 0.0 2269 1882 2273  0.025395632  0.0  0.65685946  0.0  1  0  0  0  0  0
  2020  1682  2029 0.07400942 0.0 2236 1856 1986  0.0  0.0  1.0  0.0  0  0  0  0  0  0
  2271  1883  2064 0.08532798 0.0 1939 1644 1761  0.043010175  0.0  0.4959429  0.0  1  0  0  0  0  0
  2271  1883  2064 0.08532798 0.0 1940 1644 1971  0.025592327  0.0  0.7000711  0.0  1  0  0  0  0  0
  2271  1883  2064 0.08532798 0.0 2356 1971 2047  0.0  0.0  1.0  0.0  0  0  0  0  0  0
  2271  1883  2064 0.08532798 0.0 2136 1761 1883  0.03774351  0.0  0.5576655  0.0  1  0  0  0  0  0
  2271  1883  2064 0.08532798 0.0 2208 1833 2047  0.0  0.0  1.0  0.0  0  0  0  0  0  0
  2271  1883  2064 0.08532798 0.0 2207 1833 1976  0.0  0.0  1.0  0.0  0  0  0  0  0  0
  2271  1883  2064 0.08532798 0.0 2237 1856 2047  0.0  0.0  1.0  0.0  0  0  0  0  0  0
  2271  1883  2064 0.08532798 0.0 2839 1761 124  0.0  0.0  1.0  0.0  0  0  0  0  0  0
  2271  1883  2064 0.08532798 0.0 1968 1656 1673  0.5695921  0.0  -5.6753263  0.0  2  0  1  0  0  0
  2271  1883  2064 0.08532798 0.0 1969 1656 1917  0.32011664  0.0  -2.7516022  0.0  2  0  1  0  0  0
  2271  1883  2064 0.08532798 0.0 2003 1675 1917  0.23998511  0.0  -1.8125018  0.0  2  0  1  0  0  0
  2271  1883  2064 0.08532798 0.0 2895 1763 1761  0.033887625  0.0  0.6028545  0.0  1  0  0  0  0  0
  2271  1883  2064 0.08532798 0.0 196 139 174  0.07508063  0.0  0.12009366  0.0  2  0  0  0  0  0
  2271  1883  2064 0.08532798 0.0 2236 1856 1986  0.0  0.0  1.0  0.0  0  0  0  0  0  0
  2271  1883  2064 0.08532798 0.0 2269 1882 2273  0.037041306  0.0  0.56589496  0.0  1  0  0  0  0  0
  2389  2029  2064 0.08540094 0.0 1939 1644 1761  0.042836845  0.0  0.4984031  0.0  1  0  0  0  0  0
  2389  2029  2064 0.08540094 0.0 1940 1644 1971  0.025635302  0.0  0.6998241  0.0  1  0  0  0  0  0
  2389  2029  2064 0.08540094 0.0 2356 1971 2047  0.0  0.0  1.0  0.0  0  0  0  0  0  0
  2389  2029  2064 0.08540094 0.0 2136 1761 1883  0.03781587  0.0  0.5571961  0.0  1  0  0  0  0  0
  2389  2029  2064 0.08540094 0.0 2208 1833 2047  0.0  0.0  1.0  0.0  0  0  0  0  0  0
  2389  2029  2064 0.08540094 0.0 2207 1833 1976  0.0  0.0  1.0  0.0  0  0  0  0  0  0
  2389  2029  2064 0.08540094 0.0 2237 1856 2047  0.0  0.0  1.0  0.0  0  0  0  0  0  0
  2389  2029  2064 0.08540094 0.0 2839 1761 124  0.0  0.0  1.0  0.0  0  0  0  0  0  0
  2389  2029  2064 0.08540094 0.0 1968 1656 1673  0.582211  0.0  -5.8173842  0.0  2  0  1  0  0  0
  2389  2029  2064 0.08540094 0.0 1969 1656 1917  0.325907  0.0  -2.816199  0.0  2  0  1  0  0  0
  2389  2029  2064 0.08540094 0.0 2003 1675 1917  0.2451787  0.0  -1.8709134  0.0  2  0  1  0  0  0
  2389  2029  2064 0.08540094 0.0 2895 1763 1761  0.033931732  0.0  0.6026773  0.0  1  0  0  0  0  0
  2389  2029  2064 0.08540094 0.0 196 139 174  0.075095534  0.0  0.12067086  0.0  2  0  0  0  0  0
  2389  2029  2064 0.08540094 0.0 2236 1856 1986  0.0  0.0  1.0  0.0  0  0  0  0  0  0
  2389  2029  2064 0.08540094 0.0 2269 1882 2273  0.03707981  0.0  0.565815  0.0  1  0  0  0  0  0
  2811  1384  92 0.059631824 0.0 2797 1106 78  -2.0  -2.0  -2.0  -2.0  -2  -2  -2  -2  -2  -2
  2811  1384  92 0.059631824 0.0 122 78 103  0.37813127  0.0  -5.3410983  0.0  1  0  1  0  0  0
  2811  1384  92 0.059631824 0.0 1036 835 1106  0.19829667  0.0  -2.3253496  0.0  1  0  1  0  0  0
  2811  1384  92 0.059631824 0.0 1107 876 1389  0.23158157  0.0  -2.8835232  0.0  1  0  1  0  0  0
  2811  1384  92 0.059631824 0.0 1035 835 1020  0.15508866  0.0  -1.60077  0.0  1  0  1  0  0  0
  2811  1384  92 0.059631824 0.0 1106 876 1323  0.17181289  0.0  -1.8812282  0.0  1  0  1  0  0  0
  2811  1384  92 0.059631824 0.0 1711 1323 1360  0.171803  0.0  -1.8810623  0.0  1  0  1  0  0  0
  2811  1384  92 0.059631824 0.0 1453 1106 1166  0.107833505  0.0  -0.8083214  0.0  1  0  1  0  0  0
  2811  1384  92 0.059631824 0.0 1541 1166 1452  0.10757685  0.0  -0.80401736  0.0  1  0  1  0  0  0
  2811  1384  92 0.059631824 0.0 1454 1106 1170  0.08520794  0.0  -0.42890042  0.0  1  0  1  0  0  0
  2811  1384  92 0.059631824 0.0 1732 1360 1476  0.10338426  0.0  -0.73370945  0.0  2  0  1  0  0  0
  2811  1384  92 0.059631824 0.0 1544 1170 1389  0.06569791  0.0  -0.101725616  0.0  2  0  1  0  0  0
  2811  1384  92 0.059631824 0.0 2782 834 60  0.059902668  0.0  -0.004541929  0.0  2  0  0  0  0  0
  2811  1384  92 0.059631824 0.0 1779 1415 1537  0.13691044  0.0  -1.2959291  0.0  2  0  1  0  0  0
  2811  1384  92 0.059631824 0.0 32 18 20  0.057017207  0.0  0.043846007  0.0  2  0  0  0  0  0
