  psseraw:file=input/case2383busPsse30_rev21.raw&lowx=adjust
 -1  31  125  -1 0.30035067 0.0  2842  126  127 0.30035067 4.6
 -2  2842  126  127 0.5128466 0.0  1939  1644  1761 0.03809142 1.035
 -2  2842  126  127 0.5128466 0.0  1989  1667  2038 0.020286083 1.38
 -2  2842  126  127 0.5128466 0.0  2108  1744  1999 0.23988914 1.0465
 -2  2842  126  127 0.5128466 0.0  2302  1907  1914 0.19391453 1.035
 -2  2842  126  127 0.5128466 0.0  2354  1970  1999 0.020665407 1.0465
 -2  212  158  176 0.0 0.0  -6  -6  -6  -6  -6
 -2  211  157  158 0.0 0.0  -6  -6  -6  -6  -6
 -2  172  125  126 0.0 0.0  -6  -6  -6  -6  -6
 -2  164  120  125 0.067839146 0.0  2842  126  127 0.067839146 4.6
 -2  29  15  165 0.09520483 0.0  2842  126  127 0.09520483 4.6
 -2  1986  1664  2020 0.17673635 0.0  2842  126  127 0.17673635 4.6
 -2  177  127  157 0.17985821 0.0  2842  126  127 0.17985821 4.6
 -2  1934  1641  2020 0.18356895 0.0  2842  126  127 0.18356895 4.6
 -2  173  125  135 0.2151084 0.0  2842  126  127 0.2151084 4.6
 -2  2224  1846  1992 0.18737793 0.0  2842  126  127 0.18737793 4.6
 -2  1875  1612  1641 0.20465946 0.0  2842  126  127 0.20465946 4.6
 -2  28  15  18 0.21349382 0.0  2842  126  127 0.21349382 4.6
 -2  2851  1846  135 0.23939371 0.0  2842  126  127 0.23939371 4.6
 -2  1876  1612  1662 0.22628355 0.0  2842  126  127 0.22628355 4.6
 -1  205  1664  -1 0.14455462 0.0  2842  126  127 0.14455462 4.6
 -2  2842  126  127 0.43014443 0.0  1939  1644  1761 0.030155301 1.035
 -2  2842  126  127 0.43014443 0.0  1989  1667  2038 5.840063E-4 1.38
 -2  2842  126  127 0.43014443 0.0  2108  1744  1999 0.22194111 1.0465
 -2  2842  126  127 0.43014443 0.0  2302  1907  1914 0.17245722 1.035
 -2  2842  126  127 0.43014443 0.0  2354  1970  1999 0.00500679 1.0465
 -2  212  158  176 0.0 0.0  -6  -6  -6  -6  -6
 -2  211  157  158 0.0 0.0  -6  -6  -6  -6  -6
 -2  164  120  125 0.0 0.0  -6  -6  -6  -6  -6
 -2  172  125  126 0.0 0.0  -6  -6  -6  -6  -6
 -2  29  15  165 0.0 0.0  -6  -6  -6  -6  -6
 -2  2841  1775  125 0.01717472 0.0  2842  126  127 0.01717472 4.6
 -2  1985  1664  1775 0.01745224 0.0  2842  126  127 0.01745224 4.6
 -2  173  125  135 0.04802227 0.0  2842  126  127 0.04802227 4.6
 -2  2224  1846  1992 0.03538418 0.0  2842  126  127 0.03538418 4.6
 -2  177  127  157 0.03892374 0.0  2842  126  127 0.03892374 4.6
 -2  28  15  18 0.057985306 0.0  2842  126  127 0.057985306 4.6
 -2  1986  1664  2020 0.06474924 0.0  2842  126  127 0.06474924 4.6
 -2  2851  1846  135 0.081570625 0.0  2842  126  127 0.081570625 4.6
 -2  162  118  126 0.095730305 0.0  2842  126  127 0.095730305 4.6
 -1  245  1883  -1 0.09640306 0.0  2839  1761  124 0.09640306 0.92
 -2  2839  1761  124 0.0 0.0  -6  -6  -6  -6  -6
 -2  2136  1761  1883 0.07514727 0.0  2269  1882  2273 0.07514727 1.0465
 -2  1939  1644  1761 0.0 0.0  -6  -6  -6  -6  -6
 -2  2135  1761  1855 0.0 0.0  -6  -6  -6  -6  -6
 -2  1940  1644  1971 0.0 0.0  -6  -6  -6  -6  -6
 -2  2235  1855  2101 0.0 0.0  -6  -6  -6  -6  -6
 -2  2271  1883  2064 0.0 0.0  -6  -6  -6  -6  -6
 -2  2389  2029  2064 0.0 0.0  -6  -6  -6  -6  -6
 -2  2200  1825  2101 0.0 0.0  -6  -6  -6  -6  -6
 -2  2020  1682  2029 0.0 0.0  -6  -6  -6  -6  -6
 -2  2085  1727  1825 0.0 0.0  -6  -6  -6  -6  -6
 -2  2356  1971  2047 0.0 0.0  -6  -6  -6  -6  -6
 -2  2019  1682  1683 0.017525494 0.0  2839  1761  124 0.017525494 0.92
 -2  2082  1726  1727 0.025480568 0.0  2839  1761  124 0.025480568 0.92
 -2  2021  1683  1684 0.039655447 0.0  2839  1761  124 0.039655447 0.92
 -1  159  117  140 0.05039382 0.0  1939  1644  1761 0.05039382 1.035
 -2  1939  1644  1761 0.0 0.0  -6  -6  -6  -6  -6
 -2  1940  1644  1971 0.0 0.0  -6  -6  -6  -6  -6
 -2  2356  1971  2047 0.0 0.0  -6  -6  -6  -6  -6
 -2  2208  1833  2047 0.0 0.0  -6  -6  -6  -6  -6
 -2  2136  1761  1883 0.10080081 0.0  2839  1761  124 0.10080081 0.92
 -2  2839  1761  124 0.0 0.0  -6  -6  -6  -6  -6
 -2  2207  1833  1976 0.0 0.0  -6  -6  -6  -6  -6
 -2  2237  1856  2047 0.0 0.0  -6  -6  -6  -6  -6
 -2  2895  1763  1761 0.049182475 0.0  2839  1761  124 0.049182475 0.92
 -2  2269  1882  2273 0.039389968 0.0  1939  1644  1761 0.0073161125 1.035
 -2  2269  1882  2273 0.039389968 0.0  2839  1761  124 0.032073855 0.92
 -2  2270  1882  2333 0.15725267 0.0  1939  1644  1761 0.010199547 1.035
 -2  2270  1882  2333 0.15725267 0.0  2269  1882  2273 0.12181616 1.0465
 -2  2270  1882  2333 0.15725267 0.0  2839  1761  124 0.025236964 0.92
 -2  2579  2197  2274 0.16065907 0.0  1939  1644  1761 0.009582639 1.035
 -2  2579  2197  2274 0.16065907 0.0  2269  1882  2273 0.12470317 1.0465
 -2  2579  2197  2274 0.16065907 0.0  2839  1761  124 0.026373267 0.92
 -2  2264  1881  2000 0.012768865 0.0  1939  1644  1761 0.012768865 1.035
 -2  196  139  174 0.13301116 0.0  1939  1644  1761 0.017052174 1.035
 -2  196  139  174 0.13301116 0.0  2839  1761  124 0.11595899 0.92
 -2  2256  1875  1877 0.009552479 0.0  1939  1644  1761 0.009552479 1.035
 -1  160  117  143 0.076773286 0.0  2830  1655  117 0.076773286 1.84
 -2  159  117  140 0.063348174 0.0  1939  1644  1761 0.063348174 1.035
 -2  2830  1655  117 0.06332946 0.0  1939  1644  1761 0.06332946 1.035
 -2  2001  1674  1918 0.0 0.0  -6  -6  -6  -6  -6
 -2  1943  1646  1655 0.16005933 0.0  1967  1655  1901 0.16005933 1.5755
 -2  1944  1646  1674 0.1566292 0.0  1967  1655  1901 0.1566292 1.5755
 -2  2106  1744  1901 0.0 0.0  -6  -6  -6  -6  -6
 -2  1963  1653  1918 0.0 0.0  -6  -6  -6  -6  -6
 -2  1964  1653  2018 0.0 0.0  -6  -6  -6  -6  -6
 -2  2000  1674  1893 0.0 0.0  -6  -6  -6  -6  -6
 -2  1967  1655  1901 0.61213267 0.0  1943  1646  1655 0.40960968 1.38
 -2  1967  1655  1901 0.61213267 0.0  1944  1646  1674 0.20053482 1.5755
 -2  1967  1655  1901 0.61213267 0.0  2830  1655  117 0.0019881725 1.84
 -2  2108  1744  1999 0.0 0.0  -6  -6  -6  -6  -6
 -2  2285  1893  1923 0.0027474165 0.0  2830  1655  117 0.0027474165 1.84
 -2  2354  1970  1999 0.018603206 0.0  2830  1655  117 0.018603206 1.84
 -2  2321  1923  2076 0.019613504 0.0  2830  1655  117 0.019613504 1.84
 -2  1896  1622  2076 0.01961279 0.0  2830  1655  117 0.01961279 1.84
 -1  170  123  144 0.20959663 0.0  159  117  140 0.17319512 3.496
 -1  170  123  144 0.20959663 0.0  1939  1644  1761 0.03640151 1.035
 -2  159  117  140 1.1489325 0.0  1939  1644  1761 0.42000592 1.035
 -2  159  117  140 1.1489325 0.0  1940  1644  1971 0.30927777 1.035
 -2  159  117  140 1.1489325 0.0  2356  1971  2047 0.14500439 1.035
 -2  159  117  140 1.1489325 0.0  2839  1761  124 0.27464432 0.92
 -2  160  117  143 0.9074895 0.0  1939  1644  1761 0.13045001 1.035
 -2  160  117  143 0.9074895 0.0  1940  1644  1971 0.04132688 1.035
 -2  160  117  143 0.9074895 0.0  1943  1646  1655 0.0053367615 1.38
 -2  160  117  143 0.9074895 0.0  2830  1655  117 0.7005795 1.84
 -2  160  117  143 0.9074895 0.0  2839  1761  124 0.029796302 0.92
 -2  2830  1655  117 0.080485225 0.0  1939  1644  1761 0.080485225 1.035
 -2  200  143  144 0.037160277 0.0  159  117  140 0.008267164 3.496
 -2  200  143  144 0.037160277 0.0  1939  1644  1761 0.028893113 1.035
 -2  198  141  144 0.11111128 0.0  159  117  140 0.089576006 3.496
 -2  198  141  144 0.11111128 0.0  1939  1644  1761 0.021535277 1.035
 -2  201  143  149 0.22993076 0.0  159  117  140 0.11403775 3.496
 -2  201  143  149 0.22993076 0.0  1939  1644  1761 0.10324836 1.035
 -2  201  143  149 0.22993076 0.0  1940  1644  1971 0.012644649 1.035
 -2  2864  1925  149 0.22976565 0.0  159  117  140 0.11433506 3.496
 -2  2864  1925  149 0.22976565 0.0  1939  1644  1761 0.10293388 1.035
 -2  2864  1925  149 0.22976565 0.0  1940  1644  1971 0.01249671 1.035
 -2  2877  163  165 0.14585435 0.0  159  117  140 0.12695909 3.496
 -2  2877  163  165 0.14585435 0.0  1939  1644  1761 0.018895268 1.035
 -2  194  139  140 0.1550368 0.0  159  117  140 0.11422968 3.496
 -2  194  139  140 0.1550368 0.0  1939  1644  1761 0.040807128 1.035
 -2  216  160  168 0.1328448 0.0  159  117  140 0.1116457 3.496
 -2  216  160  168 0.1328448 0.0  1939  1644  1761 0.021199107 1.035
 -2  179  129  143 0.16323185 0.0  159  117  140 0.11917734 3.496
 -2  179  129  143 0.16323185 0.0  1939  1644  1761 0.04405451 1.035
 -2  225  168  169 0.13330686 0.0  159  117  140 0.11186099 3.496
 -2  225  168  169 0.13330686 0.0  1939  1644  1761 0.02144587 1.035
 -2  2883  2258  169 0.13337886 0.0  159  117  140 0.11190915 3.496
 -2  2883  2258  169 0.13337886 0.0  1939  1644  1761 0.021469712 1.035
 -2  157  115  133 0.1648736 0.0  159  117  140 0.1376853 3.496
 -2  157  115  133 0.1648736 0.0  1939  1644  1761 0.027188301 1.035
 -2  151  111  123 0.14780664 0.0  159  117  140 0.118578434 3.496
 -2  151  111  123 0.14780664 0.0  1939  1644  1761 0.02922821 1.035
 -1  2020  1682  2029 0.07400942 0.0  1939  1644  1761 0.07400942 1.035
 -2  1939  1644  1761 0.029125392 0.0  2137  1761  2234 0.029125392 0.78199995
 -2  1940  1644  1971 0.011827171 0.0  2137  1761  2234 0.011827171 0.78199995
 -2  2356  1971  2047 0.0 0.0  -6  -6  -6  -6  -6
 -2  2136  1761  1883 0.035455585 0.0  2839  1761  124 0.035455585 0.92
 -2  2208  1833  2047 0.0 0.0  -6  -6  -6  -6  -6
 -2  2207  1833  1976 0.0 0.0  -6  -6  -6  -6  -6
 -2  2839  1761  124 0.0 0.0  -6  -6  -6  -6  -6
 -2  2237  1856  2047 0.0 0.0  -6  -6  -6  -6  -6
 -2  1968  1656  1673 0.44791603 0.0  1932  1640  1903 0.43586588 1.0465
 -2  1968  1656  1673 0.44791603 0.0  1939  1644  1761 0.012050152 1.035
 -2  1969  1656  1917 0.24306345 0.0  1932  1640  1903 0.22279394 1.0465
 -2  1969  1656  1917 0.24306345 0.0  1939  1644  1761 0.020269513 1.035
 -2  2895  1763  1761 0.02215457 0.0  1939  1644  1761 0.02215457 1.035
 -2  2003  1675  1917 0.17024279 0.0  1932  1640  1903 0.14529097 1.0465
 -2  2003  1675  1917 0.17024279 0.0  1939  1644  1761 0.024951816 1.035
 -2  196  139  174 0.054212093 0.0  1939  1644  1761 0.026214123 1.035
 -2  196  139  174 0.054212093 0.0  2137  1761  2234 0.02799797 0.78199995
 -2  2269  1882  2273 0.025395632 0.0  1939  1644  1761 0.025395632 1.035
 -2  2236  1856  1986 0.0 0.0  -6  -6  -6  -6  -6
 -1  2271  1883  2064 0.08532798 0.0  1939  1644  1761 0.08532798 1.035
 -2  1939  1644  1761 0.043010175 0.0  2137  1761  2234 0.043010175 0.78199995
 -2  1940  1644  1971 0.025592327 0.0  2137  1761  2234 0.025592327 0.78199995
 -2  2356  1971  2047 0.0 0.0  -6  -6  -6  -6  -6
 -2  2136  1761  1883 0.03774351 0.0  2839  1761  124 0.03774351 0.92
 -2  2208  1833  2047 0.0 0.0  -6  -6  -6  -6  -6
 -2  2207  1833  1976 0.0 0.0  -6  -6  -6  -6  -6
 -2  2237  1856  2047 0.0 0.0  -6  -6  -6  -6  -6
 -2  2839  1761  124 0.0 0.0  -6  -6  -6  -6  -6
 -2  1968  1656  1673 0.5695921 0.0  1932  1640  1903 0.54728115 1.0465
 -2  1968  1656  1673 0.5695921 0.0  1939  1644  1761 0.022310972 1.035
 -2  1969  1656  1917 0.32011664 0.0  1932  1640  1903 0.2908708 1.0465
 -2  1969  1656  1917 0.32011664 0.0  1939  1644  1761 0.029245853 1.035
 -2  2003  1675  1917 0.23998511 0.0  1932  1640  1903 0.20634556 1.0465
 -2  2003  1675  1917 0.23998511 0.0  1939  1644  1761 0.03363955 1.035
 -2  2895  1763  1761 0.033887625 0.0  1939  1644  1761 0.033887625 1.035
 -2  196  139  174 0.07508063 0.0  1939  1644  1761 0.03756237 1.035
 -2  196  139  174 0.07508063 0.0  2137  1761  2234 0.037518263 0.78199995
 -2  2236  1856  1986 0.0 0.0  -6  -6  -6  -6  -6
 -2  2269  1882  2273 0.037041306 0.0  1939  1644  1761 0.037041306 1.035
 -1  2389  2029  2064 0.08540094 0.0  1939  1644  1761 0.08540094 1.035
 -2  1939  1644  1761 0.042836845 0.0  2137  1761  2234 0.042836845 0.78199995
 -2  1940  1644  1971 0.025635302 0.0  2137  1761  2234 0.025635302 0.78199995
 -2  2356  1971  2047 0.0 0.0  -6  -6  -6  -6  -6
 -2  2136  1761  1883 0.03781587 0.0  2839  1761  124 0.03781587 0.92
 -2  2208  1833  2047 0.0 0.0  -6  -6  -6  -6  -6
 -2  2207  1833  1976 0.0 0.0  -6  -6  -6  -6  -6
 -2  2237  1856  2047 0.0 0.0  -6  -6  -6  -6  -6
 -2  2839  1761  124 0.0 0.0  -6  -6  -6  -6  -6
 -2  1968  1656  1673 0.582211 0.0  1932  1640  1903 0.55952144 1.0465
 -2  1968  1656  1673 0.582211 0.0  1939  1644  1761 0.02268958 1.035
 -2  1969  1656  1917 0.325907 0.0  1932  1640  1903 0.29655743 1.0465
 -2  1969  1656  1917 0.325907 0.0  1939  1644  1761 0.029349566 1.035
 -2  2003  1675  1917 0.2451787 0.0  1932  1640  1903 0.21138203 1.0465
 -2  2003  1675  1917 0.2451787 0.0  1939  1644  1761 0.033796668 1.035
 -2  2895  1763  1761 0.033931732 0.0  1939  1644  1761 0.033931732 1.035
 -2  196  139  174 0.075095534 0.0  1939  1644  1761 0.037538767 1.035
 -2  196  139  174 0.075095534 0.0  2137  1761  2234 0.037556767 0.78199995
 -2  2236  1856  1986 0.0 0.0  -6  -6  -6  -6  -6
 -2  2269  1882  2273 0.03707981 0.0  1939  1644  1761 0.03707981 1.035
 -1  2811  1384  92 0.059631824 0.0  2797  1106  78 0.059631824 1.84
 -2  2797  1106  78  -2  -2  -2  -2  -2  -2  -2
 -2  122  78  103 0.37813127 0.0  2783  836  60 0.37813127 1.15
 -2  1036  835  1106 0.19829667 0.0  2783  836  60 0.19829667 1.15
 -2  1107  876  1389 0.23158157 0.0  2783  836  60 0.23158157 1.15
 -2  1035  835  1020 0.15508866 0.0  2783  836  60 0.15508866 1.15
 -2  1106  876  1323 0.17181289 0.0  2783  836  60 0.17181289 1.15
 -2  1711  1323  1360 0.171803 0.0  2783  836  60 0.171803 1.15
 -2  1453  1106  1166 0.107833505 0.0  2783  836  60 0.107833505 1.15
 -2  1541  1166  1452 0.10757685 0.0  2783  836  60 0.10757685 1.15
 -2  1454  1106  1170 0.08520794 0.0  2783  836  60 0.08520794 1.15
 -2  1732  1360  1476 0.10338426 0.0  2783  836  60 0.10270655 1.15
 -2  1732  1360  1476 0.10338426 0.0  2797  1106  78 6.777048E-4 1.84
 -2  1544  1170  1389 0.06569791 0.0  2783  836  60 0.055492043 1.15
 -2  1544  1170  1389 0.06569791 0.0  2797  1106  78 0.010205865 1.84
 -2  2782  834  60 0.059902668 0.0  2783  836  60 0.04450798 1.15
 -2  2782  834  60 0.059902668 0.0  2797  1106  78 0.015394688 1.84
 -2  1779  1415  1537 0.13691044 0.0  2783  836  60 0.0634104 1.15
 -2  1779  1415  1537 0.13691044 0.0  2797  1106  78 0.07350004 1.84
 -2  32  18  20 0.057017207 0.0  2783  836  60 0.033509612 1.15
 -2  32  18  20 0.057017207 0.0  2797  1106  78 0.023507595 1.84
