  psseraw:file=input/case2383busPsse30_rev21.raw&lowx=adjust
 -1  31  125  -1 0.30035067 0.0  2842  126  127 0.30035067 4.6
 -2  176  127  128 0.72326994 0.0  2842  126  127 0.72326994 4.6
 -2  177  127  157 0.17985821 0.0  2842  126  127 0.17985821 4.6
 -2  162  118  126 0.26272774 0.0  2842  126  127 0.26272774 4.6
 -2  172  125  126 0.0 0.0  -6  -6  -6  -6  -6
 -2  175  126  186 0.3266468 0.0  2842  126  127 0.3266468 4.6
 -2  178  128  145 0.7458968 0.0  2842  126  127 0.7458968 4.6
 -2  211  157  158 0.0 0.0  -6  -6  -6  -6  -6
 -2  2872  2157  157 0.354527 0.0  2842  126  127 0.354527 4.6
 -2  163  118  142 0.2917757 0.0  2842  126  127 0.2917757 4.6
 -2  2831  1680  118 0.2846694 0.0  2842  126  127 0.2846694 4.6
 -2  164  120  125 0.067839146 0.0  2842  126  127 0.067839146 4.6
 -2  173  125  135 0.2151084 0.0  2842  126  127 0.2151084 4.6
 -2  174  125  186 0.32687902 0.0  2842  126  127 0.32687902 4.6
 -2  2841  1775  125 0.27040577 0.0  2842  126  127 0.27040577 4.6
 -2  2859  143  145 0.30293894 0.0  2842  126  127 0.30293894 4.6
 -2  2861  1906  145 0.42619562 0.0  2842  126  127 0.42619562 4.6
 -2  212  158  176 0.0 0.0  -6  -6  -6  -6  -6
 -2  2871  156  158 0.37228203 0.0  2842  126  127 0.37228203 4.6
 -2  2492  2156  2157 0.3035884 0.0  2842  126  127 0.3035884 4.6
 -2  2494  2157  2158 0.30417395 0.0  2842  126  127 0.30417395 4.6
 -1  205  1664  -1 0.14455462 0.0  2842  126  127 0.14455462 4.6
 -2  176  127  128 0.58610153 0.0  2842  126  127 0.58610153 4.6
 -2  177  127  157 0.03892374 0.0  2842  126  127 0.03892374 4.6
 -2  162  118  126 0.095730305 0.0  2842  126  127 0.095730305 4.6
 -2  172  125  126 0.0 0.0  -6  -6  -6  -6  -6
 -2  175  126  186 0.14446926 0.0  2842  126  127 0.14446926 4.6
 -2  178  128  145 0.609427 0.0  2842  126  127 0.609427 4.6
 -2  211  157  158 0.0 0.0  -6  -6  -6  -6  -6
 -2  2872  2157  157 0.19901419 0.0  2842  126  127 0.19901419 4.6
 -2  163  118  142 0.13449812 0.0  2842  126  127 0.13449812 4.6
 -2  2831  1680  118 0.1339562 0.0  2842  126  127 0.12841034 4.6
 -2  2831  1680  118 0.1339562 0.0  2857  1904  142 0.0055458546 1.15
 -2  164  120  125 0.0 0.0  -6  -6  -6  -6  -6
 -2  173  125  135 0.04802227 0.0  2842  126  127 0.04802227 4.6
 -2  174  125  186 0.14461803 0.0  2842  126  127 0.14461803 4.6
 -2  2841  1775  125 0.01717472 0.0  2842  126  127 0.01717472 4.6
 -2  2859  143  145 0.15184975 0.0  2842  126  127 0.15184975 4.6
 -2  2861  1906  145 0.2720914 0.0  2842  126  127 0.2720914 4.6
 -2  212  158  176 0.0 0.0  -6  -6  -6  -6  -6
 -2  2871  156  158 0.2170043 0.0  2842  126  127 0.2170043 4.6
 -2  2492  2156  2157 0.14761305 0.0  2842  126  127 0.14761305 4.6
 -2  2494  2157  2158 0.14834929 0.0  2842  126  127 0.14834929 4.6
 -1  245  1883  -1 0.09640306 0.0  2839  1761  124 0.09640306 0.92
 -2  36  19  124 0.11304408 0.0  2839  1761  124 0.11304408 0.92
 -2  152  111  124 0.07984084 0.0  2839  1761  124 0.07984084 0.92
 -2  168  123  124 0.101097405 0.0  2839  1761  124 0.101097405 0.92
 -2  171  124  139 0.10029417 0.0  2839  1761  124 0.10029417 0.92
 -2  2840  1763  124 0.103769004 0.0  2839  1761  124 0.103769004 0.92
 -2  1939  1644  1761 0.0 0.0  -6  -6  -6  -6  -6
 -2  2135  1761  1855 0.0 0.0  -6  -6  -6  -6  -6
 -2  2136  1761  1883 0.07514727 0.0  2269  1882  2273 0.07514727 1.0465
 -2  2137  1761  2234 0.15653473 0.0  2839  1761  124 0.15653473 0.92
 -2  2895  1763  1761 0.21865267 0.0  2839  1761  124 0.21865267 0.92
 -2  17  7  19 0.09327513 0.0  2839  1761  124 0.09327513 0.92
 -2  2751  425  19 0.10345703 0.0  2839  1761  124 0.10345703 0.92
 -2  24  11  111 0.09002727 0.0  2839  1761  124 0.09002727 0.92
 -2  150  111  112 0.101824224 0.0  2839  1761  124 0.101824224 0.92
 -2  151  111  123 0.07891327 0.0  2839  1761  124 0.07891327 0.92
 -2  2824  1603  111 0.09757513 0.0  2839  1761  124 0.09757513 0.92
 -2  169  123  140 0.10049027 0.0  2839  1761  124 0.10049027 0.92
 -2  170  123  144 0.39305776 0.0  159  117  140 0.15388036 3.496
 -2  170  123  144 0.39305776 0.0  2839  1761  124 0.2391774 0.92
 -2  2836  1760  123 0.09715456 0.0  2839  1761  124 0.09715456 0.92
 -2  2837  1762  123 0.09941882 0.0  2839  1761  124 0.09941882 0.92
 -1  159  117  140 0.05039382 0.0  1939  1644  1761 0.05039382 1.035
 -2  2135  1761  1855 0.29795134 0.0  1939  1644  1761 0.19591093 1.035
 -2  2135  1761  1855 0.29795134 0.0  1940  1644  1971 0.10204041 1.035
 -2  2136  1761  1883 0.10080081 0.0  2839  1761  124 0.10080081 0.92
 -2  2137  1761  2234 0.07750487 0.0  1939  1644  1761 0.07750487 1.035
 -2  2839  1761  124 0.0 0.0  -6  -6  -6  -6  -6
 -2  2895  1763  1761 0.049182475 0.0  2839  1761  124 0.049182475 0.92
 -2  1940  1644  1971 0.0 0.0  -6  -6  -6  -6  -6
 -2  2235  1855  2101 0.26880288 0.0  1939  1644  1761 0.1808281 1.035
 -2  2235  1855  2101 0.26880288 0.0  1940  1644  1971 0.08797479 1.035
 -2  2271  1883  2064 0.58328474 0.0  1939  1644  1761 0.31809354 1.035
 -2  2271  1883  2064 0.58328474 0.0  1940  1644  1971 0.21442342 1.035
 -2  2271  1883  2064 0.58328474 0.0  2356  1971  2047 0.05076778 1.035
 -2  2272  1883  2244 0.05238998 0.0  1939  1644  1761 0.05238998 1.035
 -2  2273  1883  2278 0.05418873 0.0  1939  1644  1761 0.05418873 1.035
 -2  2625  2234  2361 0.06340003 0.0  1939  1644  1761 0.06340003 1.035
 -2  36  19  124 0.06133437 0.0  1939  1644  1761 0.06133437 1.035
 -2  152  111  124 0.043572545 0.0  1939  1644  1761 0.043572545 1.035
 -2  168  123  124 0.054089308 0.0  1939  1644  1761 0.054089308 1.035
 -2  171  124  139 0.05052507 0.0  1939  1644  1761 0.05052507 1.035
 -2  2840  1763  124 0.052951574 0.0  1939  1644  1761 0.052951574 1.035
 -2  2356  1971  2047 0.0 0.0  -6  -6  -6  -6  -6
 -2  2200  1825  2101 0.25165224 0.0  1939  1644  1761 0.17195928 1.035
 -2  2200  1825  2101 0.25165224 0.0  1940  1644  1971 0.07969296 1.035
 -2  2389  2029  2064 0.58261514 0.0  1939  1644  1761 0.318035 1.035
 -2  2389  2029  2064 0.58261514 0.0  1940  1644  1971 0.21419632 1.035
 -2  2389  2029  2064 0.58261514 0.0  2356  1971  2047 0.050383806 1.035
 -2  2639  2244  2310 0.041285634 0.0  1939  1644  1761 0.041285634 1.035
 -1  160  117  143 0.076773286 0.0  2830  1655  117 0.076773286 1.84
 -2  159  117  140 0.063348174 0.0  1939  1644  1761 0.063348174 1.035
 -2  1943  1646  1655 0.16005933 0.0  1967  1655  1901 0.16005933 1.5755
 -2  1967  1655  1901 0.61213267 0.0  1943  1646  1655 0.40960968 1.38
 -2  1967  1655  1901 0.61213267 0.0  1944  1646  1674 0.20053482 1.5755
 -2  1967  1655  1901 0.61213267 0.0  2830  1655  117 0.0019881725 1.84
 -2  25  12  140 0.11862528 0.0  2830  1655  117 0.11862528 1.84
 -2  169  123  140 0.07400918 0.0  2830  1655  117 0.07400918 1.84
 -2  194  139  140 0.049078822 0.0  2830  1655  117 0.049078822 1.84
 -2  197  140  167 0.14041781 0.0  2830  1655  117 0.14041781 1.84
 -2  2854  1882  140 0.06039238 0.0  2830  1655  117 0.06039238 1.84
 -2  179  129  143 0.06577349 0.0  2830  1655  117 0.06577349 1.84
 -2  200  143  144 0.10697532 0.0  2830  1655  117 0.10697532 1.84
 -2  201  143  149 0.10359931 0.0  2830  1655  117 0.10359931 1.84
 -2  2859  143  145 0.06298852 0.0  2830  1655  117 0.06298852 1.84
 -2  1944  1646  1674 0.1566292 0.0  1967  1655  1901 0.1566292 1.5755
 -2  2106  1744  1901 0.0 0.0  -6  -6  -6  -6  -6
 -2  2294  1901  1924 0.07540405 0.0  2830  1655  117 0.07540405 1.84
 -2  15  7  12 0.074492216 0.0  2830  1655  117 0.074492216 1.84
 -2  2742  359  12 0.084243655 0.0  2830  1655  117 0.084243655 1.84
 -2  2743  360  12 0.08477044 0.0  2830  1655  117 0.08477044 1.84
 -2  151  111  123 0.05097568 0.0  2830  1655  117 0.05097568 1.84
 -2  168  123  124 0.0788306 0.0  2830  1655  117 0.0788306 1.84
 -1  170  123  144 0.20959663 0.0  159  117  140 0.17319512 3.496
 -1  170  123  144 0.20959663 0.0  1939  1644  1761 0.03640151 1.035
 -2  25  12  140 0.32272208 0.0  159  117  140 0.27501464 3.496
 -2  25  12  140 0.32272208 0.0  1939  1644  1761 0.04770744 1.035
 -2  169  123  140 0.19630575 0.0  159  117  140 0.15780282 3.496
 -2  169  123  140 0.19630575 0.0  1939  1644  1761 0.03850293 1.035
 -2  194  139  140 0.1550368 0.0  159  117  140 0.11422968 3.496
 -2  194  139  140 0.1550368 0.0  1939  1644  1761 0.040807128 1.035
 -2  197  140  167 0.37962294 0.0  159  117  140 0.3299346 3.496
 -2  197  140  167 0.37962294 0.0  1939  1644  1761 0.04968834 1.035
 -2  2854  1882  140 0.2022245 0.0  159  117  140 0.14751005 3.496
 -2  2854  1882  140 0.2022245 0.0  1939  1644  1761 0.05471444 1.035
 -2  160  117  143 0.9074895 0.0  1939  1644  1761 0.13045001 1.035
 -2  160  117  143 0.9074895 0.0  1940  1644  1971 0.04132688 1.035
 -2  160  117  143 0.9074895 0.0  1943  1646  1655 0.0053367615 1.38
 -2  160  117  143 0.9074895 0.0  2830  1655  117 0.7005795 1.84
 -2  160  117  143 0.9074895 0.0  2839  1761  124 0.029796302 0.92
 -2  2830  1655  117 0.080485225 0.0  1939  1644  1761 0.080485225 1.035
 -2  15  7  12 0.2076683 0.0  159  117  140 0.1714344 3.496
 -2  15  7  12 0.2076683 0.0  1939  1644  1761 0.036233902 1.035
 -2  2742  359  12 0.22777545 0.0  159  117  140 0.18985152 3.496
 -2  2742  359  12 0.22777545 0.0  1939  1644  1761 0.037923932 1.035
 -2  2743  360  12 0.23035395 0.0  159  117  140 0.19203496 3.496
 -2  2743  360  12 0.23035395 0.0  1939  1644  1761 0.03831899 1.035
 -2  151  111  123 0.14780664 0.0  159  117  140 0.118578434 3.496
 -2  151  111  123 0.14780664 0.0  1939  1644  1761 0.02922821 1.035
 -2  168  123  124 0.21012914 0.0  159  117  140 0.17512345 3.496
 -2  168  123  124 0.21012914 0.0  1939  1644  1761 0.03500569 1.035
 -2  2836  1760  123 0.2109034 0.0  159  117  140 0.17457938 3.496
 -2  2836  1760  123 0.2109034 0.0  1939  1644  1761 0.036324024 1.035
 -2  2837  1762  123 0.21613431 0.0  159  117  140 0.18017697 3.496
 -2  2837  1762  123 0.21613431 0.0  1939  1644  1761 0.035957336 1.035
 -2  2838  1764  123 0.20506155 0.0  159  117  140 0.1683116 3.496
 -2  2838  1764  123 0.20506155 0.0  1939  1644  1761 0.03674996 1.035
 -2  171  124  139 0.19790244 0.0  159  117  140 0.15957832 3.496
 -2  171  124  139 0.19790244 0.0  1939  1644  1761 0.038324118 1.035
 -2  195  139  166 0.3874451 0.0  159  117  140 0.3371606 3.496
 -2  195  139  166 0.3874451 0.0  1939  1644  1761 0.050284505 1.035
 -2  196  139  174 0.57012635 0.0  159  117  140 0.45080614 3.496
 -2  196  139  174 0.57012635 0.0  1939  1644  1761 0.001599431 1.035
 -2  196  139  174 0.57012635 0.0  2839  1761  124 0.11772078 0.92
 -2  223  164  167 0.25962675 0.0  159  117  140 0.22154379 3.496
 -2  223  164  167 0.25962675 0.0  1939  1644  1761 0.038082957 1.035
 -2  224  166  167 0.21401274 0.0  159  117  140 0.17632794 3.496
 -2  224  166  167 0.21401274 0.0  1939  1644  1761 0.0376848 1.035
 -1  2020  1682  2029 0.07400942 0.0  1939  1644  1761 0.07400942 1.035
 -2  2135  1761  1855 0.40171576 0.0  1939  1644  1761 0.24939239 1.035
 -2  2135  1761  1855 0.40171576 0.0  1940  1644  1971 0.15232337 1.035
 -2  2136  1761  1883 0.035455585 0.0  2839  1761  124 0.035455585 0.92
 -2  2137  1761  2234 0.23590207 0.0  1939  1644  1761 0.16348612 1.035
 -2  2137  1761  2234 0.23590207 0.0  1940  1644  1971 0.07241595 1.035
 -2  2839  1761  124 0.0 0.0  -6  -6  -6  -6  -6
 -2  2895  1763  1761 0.02215457 0.0  1939  1644  1761 0.02215457 1.035
 -2  1940  1644  1971 0.011827171 0.0  2137  1761  2234 0.011827171 0.78199995
 -2  2235  1855  2101 0.36843562 0.0  1939  1644  1761 0.23212457 1.035
 -2  2235  1855  2101 0.36843562 0.0  1940  1644  1971 0.13631105 1.035
 -2  2272  1883  2244 0.0835855 0.0  1939  1644  1761 0.0835855 1.035
 -2  2273  1883  2278 0.0907383 0.0  1939  1644  1761 0.08846903 1.035
 -2  2273  1883  2278 0.0907383 0.0  1940  1644  1971 0.002269268 1.035
 -2  2625  2234  2361 0.20111382 0.0  1939  1644  1761 0.1453917 1.035
 -2  2625  2234  2361 0.20111382 0.0  1940  1644  1971 0.055722117 1.035
 -2  36  19  124 0.0815928 0.0  1939  1644  1761 0.0815928 1.035
 -2  152  111  124 0.06786907 0.0  1939  1644  1761 0.06786907 1.035
 -2  168  123  124 0.07700658 0.0  1939  1644  1761 0.07700658 1.035
 -2  171  124  139 0.074323535 0.0  1939  1644  1761 0.074323535 1.035
 -2  2840  1763  124 0.09949553 0.0  1939  1644  1761 0.09319961 1.035
 -2  2840  1763  124 0.09949553 0.0  1940  1644  1971 0.0062959194 1.035
 -2  2356  1971  2047 0.0 0.0  -6  -6  -6  -6  -6
 -2  2200  1825  2101 0.34877622 0.0  1939  1644  1761 0.22194481 1.035
 -2  2200  1825  2101 0.34877622 0.0  1940  1644  1971 0.12683141 1.035
 -2  2639  2244  2310 0.070658445 0.0  1939  1644  1761 0.070658445 1.035
 -2  2601  2215  2278 0.079660416 0.0  1939  1644  1761 0.079660416 1.035
 -2  2583  2200  2361 0.082710385 0.0  1939  1644  1761 0.082710385 1.035
 -1  2271  1883  2064 0.08532798 0.0  1939  1644  1761 0.08532798 1.035
 -2  2135  1761  1855 0.4260292 0.0  1939  1644  1761 0.2612722 1.035
 -2  2135  1761  1855 0.4260292 0.0  1940  1644  1971 0.1631825 1.035
 -2  2135  1761  1855 0.4260292 0.0  2356  1971  2047 0.0015745163 1.035
 -2  2136  1761  1883 0.03774351 0.0  2839  1761  124 0.03774351 0.92
 -2  2137  1761  2234 0.26159918 0.0  1939  1644  1761 0.17674935 1.035
 -2  2137  1761  2234 0.26159918 0.0  1940  1644  1971 0.084849834 1.035
 -2  2839  1761  124 0.0 0.0  -6  -6  -6  -6  -6
 -2  2895  1763  1761 0.033887625 0.0  1939  1644  1761 0.033887625 1.035
 -2  1940  1644  1971 0.025592327 0.0  2137  1761  2234 0.025592327 0.78199995
 -2  2235  1855  2101 0.39151144 0.0  1939  1644  1761 0.24411881 1.035
 -2  2235  1855  2101 0.39151144 0.0  1940  1644  1971 0.14739263 1.035
 -2  2272  1883  2244 0.10374963 0.0  1939  1644  1761 0.09501147 1.035
 -2  2272  1883  2244 0.10374963 0.0  1940  1644  1971 0.00873816 1.035
 -2  2273  1883  2278 0.11372745 0.0  1939  1644  1761 0.10034037 1.035
 -2  2273  1883  2278 0.11372745 0.0  1940  1644  1971 0.013387084 1.035
 -2  2625  2234  2361 0.2267369 0.0  1939  1644  1761 0.15859151 1.035
 -2  2625  2234  2361 0.2267369 0.0  1940  1644  1971 0.068145394 1.035
 -2  36  19  124 0.098964095 0.0  1939  1644  1761 0.09294319 1.035
 -2  36  19  124 0.098964095 0.0  1940  1644  1971 0.0060209036 1.035
 -2  152  111  124 0.07918382 0.0  1939  1644  1761 0.07918382 1.035
 -2  168  123  124 0.09008002 0.0  1939  1644  1761 0.088355064 1.035
 -2  168  123  124 0.09008002 0.0  1940  1644  1971 0.0017249584 1.035
 -2  171  124  139 0.08560157 0.0  1939  1644  1761 0.08560157 1.035
 -2  2840  1763  124 0.12222648 0.0  1939  1644  1761 0.10489631 1.035
 -2  2840  1763  124 0.12222648 0.0  1940  1644  1971 0.01733017 1.035
 -2  2356  1971  2047 0.0 0.0  -6  -6  -6  -6  -6
 -2  2200  1825  2101 0.37221682 0.0  1939  1644  1761 0.23407745 1.035
 -2  2200  1825  2101 0.37221682 0.0  1940  1644  1971 0.13813937 1.035
 -2  2639  2244  2310 0.08225095 0.0  1939  1644  1761 0.08225095 1.035
 -2  2601  2215  2278 0.09592199 0.0  1939  1644  1761 0.0909847 1.035
 -2  2601  2215  2278 0.09592199 0.0  1940  1644  1971 0.004937291 1.035
 -2  2583  2200  2361 0.10117936 0.0  1939  1644  1761 0.09405506 1.035
 -2  2583  2200  2361 0.10117936 0.0  1940  1644  1971 0.007124305 1.035
 -1  2389  2029  2064 0.08540094 0.0  1939  1644  1761 0.08540094 1.035
 -2  2135  1761  1855 0.4254223 0.0  1939  1644  1761 0.26122832 1.035
 -2  2135  1761  1855 0.4254223 0.0  1940  1644  1971 0.16297972 1.035
 -2  2135  1761  1855 0.4254223 0.0  2356  1971  2047 0.0012142658 1.035
 -2  2136  1761  1883 0.03781587 0.0  2839  1761  124 0.03781587 0.92
 -2  2137  1761  2234 0.26165915 0.0  1939  1644  1761 0.17677546 1.035
 -2  2137  1761  2234 0.26165915 0.0  1940  1644  1971 0.08488369 1.035
 -2  2839  1761  124 0.0 0.0  -6  -6  -6  -6  -6
 -2  2895  1763  1761 0.033931732 0.0  1939  1644  1761 0.033931732 1.035
 -2  1940  1644  1971 0.025635302 0.0  2137  1761  2234 0.025635302 0.78199995
 -2  2235  1855  2101 0.3912388 0.0  1939  1644  1761 0.24406958 1.035
 -2  2235  1855  2101 0.3912388 0.0  1940  1644  1971 0.14716923 1.035
 -2  2272  1883  2244 0.10435927 0.0  1939  1644  1761 0.09537685 1.035
 -2  2272  1883  2244 0.10435927 0.0  1940  1644  1971 0.00898242 1.035
 -2  2273  1883  2278 0.114332676 0.0  1939  1644  1761 0.10067797 1.035
 -2  2273  1883  2278 0.114332676 0.0  1940  1644  1971 0.013654709 1.035
 -2  2625  2234  2361 0.22688174 0.0  1939  1644  1761 0.15867007 1.035
 -2  2625  2234  2361 0.22688174 0.0  1940  1644  1971 0.068211675 1.035
 -2  36  19  124 0.098926544 0.0  1939  1644  1761 0.09292114 1.035
 -2  36  19  124 0.098926544 0.0  1940  1644  1971 0.0060054064 1.035
 -2  152  111  124 0.07927418 0.0  1939  1644  1761 0.07927418 1.035
 -2  168  123  124 0.090211034 0.0  1939  1644  1761 0.08842468 1.035
 -2  168  123  124 0.090211034 0.0  1940  1644  1971 0.0017863512 1.035
 -2  171  124  139 0.08565688 0.0  1939  1644  1761 0.08565688 1.035
 -2  2840  1763  124 0.122321606 0.0  1939  1644  1761 0.10496104 1.035
 -2  2840  1763  124 0.122321606 0.0  1940  1644  1971 0.017360568 1.035
 -2  2356  1971  2047 0.0 0.0  -6  -6  -6  -6  -6
 -2  2200  1825  2101 0.37178278 0.0  1939  1644  1761 0.23395157 1.035
 -2  2200  1825  2101 0.37178278 0.0  1940  1644  1971 0.13783121 1.035
 -2  2639  2244  2310 0.08229184 0.0  1939  1644  1761 0.08229184 1.035
 -2  2601  2215  2278 0.096266985 0.0  1939  1644  1761 0.09121549 1.035
 -2  2601  2215  2278 0.096266985 0.0  1940  1644  1971 0.0050514936 1.035
 -2  2583  2200  2361 0.101290464 0.0  1939  1644  1761 0.09412193 1.035
 -2  2583  2200  2361 0.101290464 0.0  1940  1644  1971 0.0071685314 1.035
 -1  2811  1384  92 0.059631824 0.0  2797  1106  78 0.059631824 1.84
 -2  110  68  78 0.041647553 0.0  2797  1106  78 0.041647553 1.84
 -2  122  78  103 0.37813127 0.0  2783  836  60 0.37813127 1.15
 -2  1036  835  1106 0.19829667 0.0  2783  836  60 0.19829667 1.15
 -2  1453  1106  1166 0.107833505 0.0  2783  836  60 0.107833505 1.15
 -2  1454  1106  1170 0.08520794 0.0  2783  836  60 0.08520794 1.15
 -2  107  66  68 0.05692613 0.0  2797  1106  78 0.05692613 1.84
 -2  2787  978  68 0.061226845 0.0  2783  836  60 0.003270626 1.15
 -2  2787  978  68 0.061226845 0.0  2797  1106  78 0.05795622 1.84
 -2  2788  979  68 0.060522914 0.0  2783  836  60 0.005200386 1.15
 -2  2788  979  68 0.060522914 0.0  2797  1106  78 0.055322528 1.84
 -2  128  83  103 0.060424566 0.0  2783  836  60 0.012469292 1.15
 -2  128  83  103 0.060424566 0.0  2797  1106  78 0.047955275 1.84
 -2  145  103  104 0.06781149 0.0  2783  836  60 0.009763122 1.15
 -2  145  103  104 0.06781149 0.0  2797  1106  78 0.058048368 1.84
 -2  2819  103  106 0.06280482 0.0  2797  1106  78 0.06280482 1.84
 -2  2820  1536  103 0.059641838 0.0  2783  836  60 2.4795532E-5 1.15
 -2  2820  1536  103 0.059641838 0.0  2797  1106  78 0.059617043 1.84
 -2  1035  835  1020 0.15508866 0.0  2783  836  60 0.15508866 1.15
 -2  1541  1166  1452 0.10757685 0.0  2783  836  60 0.10757685 1.15
 -2  1544  1170  1389 0.06569791 0.0  2783  836  60 0.055492043 1.15
 -2  1544  1170  1389 0.06569791 0.0  2797  1106  78 0.010205865 1.84
 -2  108  66  152 0.08100104 0.0  2797  1106  78 0.08100104 1.84
 -2  2784  66  67 0.04767251 0.0  2783  836  60 0.035408735 1.15
 -2  2784  66  67 0.04767251 0.0  2797  1106  78 0.012263775 1.84
 -2  1240  962  978 0.06285989 0.0  2797  1106  78 0.06285989 1.84
 -2  1271  978  998 0.05900383 0.0  2783  836  60 5.322695E-4 1.15
 -2  1271  978  998 0.05900383 0.0  2797  1106  78 0.05847156 1.84
 -2  1272  978  1024 0.059571743 0.0  2797  1106  78 0.059571743 1.84
