  psseraw:file=input/case2383busPsse30_rev21.raw&lowx=adjust
  31  125  -1 0.30035067 0.0 176 127 128  0.72326994  0.0  -1.408085  0.0  1  0  0  0  1  0
  31  125  -1 0.30035067 0.0 177 127 157  0.17985821  0.0  0.4011726  0.0  1  0  0  0  0  0
  31  125  -1 0.30035067 0.0 162 118 126  0.26272774  0.0  0.12526335  0.0  1  0  0  0  0  0
  31  125  -1 0.30035067 0.0 172 125 126  0.0  0.0  1.0  0.0  0  0  0  0  0  0
  31  125  -1 0.30035067 0.0 175 126 186  0.3266468  0.0  -0.08755146  0.0  1  0  0  0  0  0
  31  125  -1 0.30035067 0.0 178 128 145  0.7458968  0.0  -1.4834199  0.0  1  0  0  0  1  0
  31  125  -1 0.30035067 0.0 211 157 158  0.0  0.0  1.0  0.0  0  0  0  0  0  0
  31  125  -1 0.30035067 0.0 2872 2157 157  0.354527  0.0  -0.18037693  0.0  1  0  0  0  1  0
  31  125  -1 0.30035067 0.0 163 118 142  0.2917757  0.0  0.028549837  0.0  1  0  0  0  0  0
  31  125  -1 0.30035067 0.0 2831 1680 118  0.2846694  0.0  0.05220986  0.0  1  0  0  0  0  0
  31  125  -1 0.30035067 0.0 164 120 125  0.067839146  0.0  0.7741335  0.0  1  0  0  0  0  0
  31  125  -1 0.30035067 0.0 173 125 135  0.2151084  0.0  0.28380916  0.0  1  0  0  0  0  0
  31  125  -1 0.30035067 0.0 174 125 186  0.32687902  0.0  -0.08832462  0.0  1  0  0  0  0  0
  31  125  -1 0.30035067 0.0 2841 1775 125  0.27040577  0.0  0.09969979  0.0  1  0  0  0  0  0
  31  125  -1 0.30035067 0.0 2859 143 145  0.30293894  0.0  -0.008617501  0.0  1  0  0  0  0  0
  31  125  -1 0.30035067 0.0 2861 1906 145  0.42619562  0.0  -0.41899344  0.0  1  0  0  0  1  0
  31  125  -1 0.30035067 0.0 212 158 176  0.0  0.0  1.0  0.0  0  0  0  0  0  0
  31  125  -1 0.30035067 0.0 2871 156 158  0.37228203  0.0  -0.23949127  0.0  1  0  0  0  1  0
  31  125  -1 0.30035067 0.0 2492 2156 2157  0.3035884  0.0  -0.010779814  0.0  1  0  0  0  0  0
  31  125  -1 0.30035067 0.0 2494 2157 2158  0.30417395  0.0  -0.012729389  0.0  1  0  0  0  0  0
  205  1664  -1 0.14455462 0.0 176 127 128  0.58610153  0.0  -3.0545335  0.0  1  0  0  0  1  0
  205  1664  -1 0.14455462 0.0 177 127 157  0.03892374  0.0  0.73073334  0.0  1  0  0  0  0  0
  205  1664  -1 0.14455462 0.0 162 118 126  0.095730305  0.0  0.33775684  0.0  1  0  0  0  0  0
  205  1664  -1 0.14455462 0.0 172 125 126  0.0  0.0  1.0  0.0  0  0  0  0  0  0
  205  1664  -1 0.14455462 0.0 175 126 186  0.14446926  0.0  5.904609E-4  0.0  1  0  0  0  0  0
  205  1664  -1 0.14455462 0.0 178 128 145  0.609427  0.0  -3.2158942  0.0  1  0  0  0  1  0
  205  1664  -1 0.14455462 0.0 211 157 158  0.0  0.0  1.0  0.0  0  0  0  0  0  0
  205  1664  -1 0.14455462 0.0 2872 2157 157  0.19901419  0.0  -0.37674046  0.0  1  0  0  0  1  0
  205  1664  -1 0.14455462 0.0 163 118 142  0.13449812  0.0  0.069568835  0.0  1  0  0  0  0  0
  205  1664  -1 0.14455462 0.0 2831 1680 118  0.1339562  0.0  0.073317766  0.0  2  0  0  0  0  0
  205  1664  -1 0.14455462 0.0 164 120 125  0.0  0.0  1.0  0.0  0  0  0  0  0  0
  205  1664  -1 0.14455462 0.0 173 125 135  0.04802227  0.0  0.6677915  0.0  1  0  0  0  0  0
  205  1664  -1 0.14455462 0.0 174 125 186  0.14461803  0.0  -4.3872237E-4  0.0  1  0  0  0  0  0
  205  1664  -1 0.14455462 0.0 2841 1775 125  0.01717472  0.0  0.8811887  0.0  1  0  0  0  0  0
  205  1664  -1 0.14455462 0.0 2859 143 145  0.15184975  0.0  -0.050466266  0.0  1  0  0  0  0  0
  205  1664  -1 0.14455462 0.0 2861 1906 145  0.2720914  0.0  -0.882274  0.0  1  0  0  0  1  0
  205  1664  -1 0.14455462 0.0 212 158 176  0.0  0.0  1.0  0.0  0  0  0  0  0  0
  205  1664  -1 0.14455462 0.0 2871 156 158  0.2170043  0.0  -0.50119245  0.0  1  0  0  0  1  0
  205  1664  -1 0.14455462 0.0 2492 2156 2157  0.14761305  0.0  -0.021157634  0.0  1  0  0  0  0  0
  205  1664  -1 0.14455462 0.0 2494 2157 2158  0.14834929  0.0  -0.02625077  0.0  1  0  0  0  0  0
  245  1883  -1 0.09640306 0.0 36 19 124  0.11304408  0.0  -0.17261921  0.0  1  0  0  0  0  0
  245  1883  -1 0.09640306 0.0 152 111 124  0.07984084  0.0  0.17180184  0.0  1  0  0  0  0  0
  245  1883  -1 0.09640306 0.0 168 123 124  0.101097405  0.0  -0.048694953  0.0  1  0  0  0  0  0
  245  1883  -1 0.09640306 0.0 171 124 139  0.10029417  0.0  -0.040362936  0.0  1  0  0  0  0  0
  245  1883  -1 0.09640306 0.0 2840 1763 124  0.103769004  0.0  -0.07640776  0.0  1  0  0  0  0  0
  245  1883  -1 0.09640306 0.0 1939 1644 1761  0.0  0.0  1.0  0.0  0  0  0  0  0  0
  245  1883  -1 0.09640306 0.0 2135 1761 1855  0.0  0.0  1.0  0.0  0  0  0  0  0  0
  245  1883  -1 0.09640306 0.0 2136 1761 1883  0.07514727  0.0  0.22048876  0.0  1  0  1  0  0  0
  245  1883  -1 0.09640306 0.0 2137 1761 2234  0.15653473  0.0  -0.6237527  0.0  1  0  0  0  1  0
  245  1883  -1 0.09640306 0.0 2895 1763 1761  0.21865267  0.0  -1.2681091  0.0  1  0  0  0  1  0
  245  1883  -1 0.09640306 0.0 17 7 19  0.09327513  0.0  0.032446403  0.0  1  0  0  0  0  0
  245  1883  -1 0.09640306 0.0 2751 425 19  0.10345703  0.0  -0.07317165  0.0  1  0  0  0  0  0
  245  1883  -1 0.09640306 0.0 24 11 111  0.09002727  0.0  0.06613679  0.0  1  0  0  0  0  0
  245  1883  -1 0.09640306 0.0 150 111 112  0.101824224  0.0  -0.05623433  0.0  1  0  0  0  0  0
  245  1883  -1 0.09640306 0.0 151 111 123  0.07891327  0.0  0.1814236  0.0  1  0  0  0  0  0
  245  1883  -1 0.09640306 0.0 2824 1603 111  0.09757513  0.0  -0.012157972  0.0  1  0  0  0  0  0
  245  1883  -1 0.09640306 0.0 169 123 140  0.10049027  0.0  -0.042397093  0.0  1  0  0  0  0  0
  245  1883  -1 0.09640306 0.0 170 123 144  0.39305776  0.0  -3.077233  0.0  2  0  1  0  1  0
  245  1883  -1 0.09640306 0.0 2836 1760 123  0.09715456  0.0  -0.0077953474  0.0  1  0  0  0  0  0
  245  1883  -1 0.09640306 0.0 2837 1762 123  0.09941882  0.0  -0.03128279  0.0  1  0  0  0  0  0
  159  117  140 0.05039382 0.0 2135 1761 1855  0.29795134  0.0  -4.912458  0.0  2  0  1  0  1  0
  159  117  140 0.05039382 0.0 2136 1761 1883  0.10080081  0.0  -1.0002614  0.0  1  0  1  0  0  0
  159  117  140 0.05039382 0.0 2137 1761 2234  0.07750487  0.0  -0.5379837  0.0  1  0  0  0  0  0
  159  117  140 0.05039382 0.0 2839 1761 124  0.0  0.0  1.0  0.0  0  0  0  0  0  0
  159  117  140 0.05039382 0.0 2895 1763 1761  0.049182475  0.0  0.024037575  0.0  1  0  0  0  0  0
  159  117  140 0.05039382 0.0 1940 1644 1971  0.0  0.0  1.0  0.0  0  0  0  0  0  0
  159  117  140 0.05039382 0.0 2235 1855 2101  0.26880288  0.0  -4.3340445  0.0  2  0  1  0  1  0
  159  117  140 0.05039382 0.0 2271 1883 2064  0.58328474  0.0  -10.574529  0.0  3  0  1  0  1  0
  159  117  140 0.05039382 0.0 2272 1883 2244  0.05238998  0.0  -0.039611198  0.0  1  0  0  0  0  0
  159  117  140 0.05039382 0.0 2273 1883 2278  0.05418873  0.0  -0.07530504  0.0  1  0  0  0  0  0
  159  117  140 0.05039382 0.0 2625 2234 2361  0.06340003  0.0  -0.2580914  0.0  1  0  0  0  0  0
  159  117  140 0.05039382 0.0 36 19 124  0.06133437  0.0  -0.21710107  0.0  1  0  0  0  0  0
  159  117  140 0.05039382 0.0 152 111 124  0.043572545  0.0  0.13535935  0.0  1  0  0  0  0  0
  159  117  140 0.05039382 0.0 168 123 124  0.054089308  0.0  -0.07333217  0.0  1  0  0  0  0  0
  159  117  140 0.05039382 0.0 171 124 139  0.05052507  0.0  -0.0026044748  0.0  1  0  0  0  0  0
  159  117  140 0.05039382 0.0 2840 1763 124  0.052951574  0.0  -0.050755322  0.0  1  0  0  0  0  0
  159  117  140 0.05039382 0.0 2356 1971 2047  0.0  0.0  1.0  0.0  0  0  0  0  0  0
  159  117  140 0.05039382 0.0 2200 1825 2101  0.25165224  0.0  -3.9937124  0.0  2  0  1  0  1  0
  159  117  140 0.05039382 0.0 2389 2029 2064  0.58261514  0.0  -10.561242  0.0  3  0  1  0  1  0
  159  117  140 0.05039382 0.0 2639 2244 2310  0.041285634  0.0  0.18074013  0.0  1  0  0  0  0  0
  160  117  143 0.076773286 0.0 159 117 140  0.063348174  0.0  0.17486697  0.0  1  0  1  0  0  0
  160  117  143 0.076773286 0.0 1943 1646 1655  0.16005933  0.0  -1.0848311  0.0  1  0  1  0  0  0
  160  117  143 0.076773286 0.0 1967 1655 1901  0.61213267  0.0  -6.973251  0.0  3  0  1  0  0  0
  160  117  143 0.076773286 0.0 25 12 140  0.11862528  0.0  -0.5451375  0.0  1  0  0  0  0  0
  160  117  143 0.076773286 0.0 169 123 140  0.07400918  0.0  0.036003485  0.0  1  0  0  0  0  0
  160  117  143 0.076773286 0.0 194 139 140  0.049078822  0.0  0.36073047  0.0  1  0  0  0  0  0
  160  117  143 0.076773286 0.0 197 140 167  0.14041781  0.0  -0.82899314  0.0  1  0  0  0  1  0
  160  117  143 0.076773286 0.0 2854 1882 140  0.06039238  0.0  0.21336727  0.0  1  0  0  0  0  0
  160  117  143 0.076773286 0.0 179 129 143  0.06577349  0.0  0.14327638  0.0  1  0  0  0  0  0
  160  117  143 0.076773286 0.0 200 143 144  0.10697532  0.0  -0.39339244  0.0  1  0  0  0  0  0
  160  117  143 0.076773286 0.0 201 143 149  0.10359931  0.0  -0.34941873  0.0  1  0  0  0  0  0
  160  117  143 0.076773286 0.0 2859 143 145  0.06298852  0.0  0.1795516  0.0  1  0  0  0  0  0
  160  117  143 0.076773286 0.0 1944 1646 1674  0.1566292  0.0  -1.0401524  0.0  1  0  1  0  0  0
  160  117  143 0.076773286 0.0 2106 1744 1901  0.0  0.0  1.0  0.0  0  0  0  0  0  0
  160  117  143 0.076773286 0.0 2294 1901 1924  0.07540405  0.0  0.017834822  0.0  1  0  0  0  0  0
  160  117  143 0.076773286 0.0 15 7 12  0.074492216  0.0  0.029711764  0.0  1  0  0  0  0  0
  160  117  143 0.076773286 0.0 2742 359 12  0.084243655  0.0  -0.09730428  0.0  1  0  0  0  0  0
  160  117  143 0.076773286 0.0 2743 360 12  0.08477044  0.0  -0.10416586  0.0  1  0  0  0  0  0
  160  117  143 0.076773286 0.0 151 111 123  0.05097568  0.0  0.3360232  0.0  1  0  0  0  0  0
  160  117  143 0.076773286 0.0 168 123 124  0.0788306  0.0  -0.026797263  0.0  1  0  0  0  0  0
  170  123  144 0.20959663 0.0 25 12 140  0.32272208  0.0  -0.5397293  0.0  2  0  0  0  1  0
  170  123  144 0.20959663 0.0 169 123 140  0.19630575  0.0  0.06341171  0.0  2  0  0  0  0  0
  170  123  144 0.20959663 0.0 194 139 140  0.1550368  0.0  0.2603087  0.0  2  0  0  0  0  0
  170  123  144 0.20959663 0.0 197 140 167  0.37962294  0.0  -0.81120723  0.0  2  0  0  0  1  0
  170  123  144 0.20959663 0.0 2854 1882 140  0.2022245  0.0  0.03517299  0.0  2  0  0  0  0  0
  170  123  144 0.20959663 0.0 160 117 143  0.9074895  0.0  -3.329695  0.0  5  0  1  0  1  0
  170  123  144 0.20959663 0.0 2830 1655 117  0.080485225  0.0  0.61599946  0.0  1  0  0  0  0  0
  170  123  144 0.20959663 0.0 15 7 12  0.2076683  0.0  0.009200193  0.0  2  0  0  0  0  0
  170  123  144 0.20959663 0.0 2742 359 12  0.22777545  0.0  -0.08673241  0.0  2  0  0  0  0  0
  170  123  144 0.20959663 0.0 2743 360 12  0.23035395  0.0  -0.09903459  0.0  2  0  0  0  0  0
  170  123  144 0.20959663 0.0 151 111 123  0.14780664  0.0  0.2948043  0.0  2  0  0  0  0  0
  170  123  144 0.20959663 0.0 168 123 124  0.21012914  0.0  -0.002540632  0.0  2  0  0  0  0  0
  170  123  144 0.20959663 0.0 2836 1760 123  0.2109034  0.0  -0.0062347003  0.0  2  0  0  0  0  0
  170  123  144 0.20959663 0.0 2837 1762 123  0.21613431  0.0  -0.031191703  0.0  2  0  0  0  0  0
  170  123  144 0.20959663 0.0 2838 1764 123  0.20506155  0.0  0.021637175  0.0  2  0  0  0  0  0
  170  123  144 0.20959663 0.0 171 124 139  0.19790244  0.0  0.0557938  0.0  2  0  0  0  0  0
  170  123  144 0.20959663 0.0 195 139 166  0.3874451  0.0  -0.84852725  0.0  2  0  0  0  1  0
  170  123  144 0.20959663 0.0 196 139 174  0.57012635  0.0  -1.7201122  0.0  3  0  1  0  1  0
  170  123  144 0.20959663 0.0 223 164 167  0.25962675  0.0  -0.23869711  0.0  2  0  0  0  0  0
  170  123  144 0.20959663 0.0 224 166 167  0.21401274  0.0  -0.021069556  0.0  2  0  0  0  0  0
  2020  1682  2029 0.07400942 0.0 2135 1761 1855  0.40171576  0.0  -4.4279003  0.0  2  0  1  0  1  0
  2020  1682  2029 0.07400942 0.0 2136 1761 1883  0.035455585  0.0  0.5209315  0.0  1  0  0  0  0  0
  2020  1682  2029 0.07400942 0.0 2137 1761 2234  0.23590207  0.0  -2.1874602  0.0  2  0  1  0  1  0
  2020  1682  2029 0.07400942 0.0 2839 1761 124  0.0  0.0  1.0  0.0  0  0  0  0  0  0
  2020  1682  2029 0.07400942 0.0 2895 1763 1761  0.02215457  0.0  0.700652  0.0  1  0  0  0  0  0
  2020  1682  2029 0.07400942 0.0 1940 1644 1971  0.011827171  0.0  0.8401937  0.0  1  0  0  0  0  0
  2020  1682  2029 0.07400942 0.0 2235 1855 2101  0.36843562  0.0  -3.9782262  0.0  2  0  1  0  1  0
  2020  1682  2029 0.07400942 0.0 2272 1883 2244  0.0835855  0.0  -0.12939005  0.0  1  0  0  0  0  0
  2020  1682  2029 0.07400942 0.0 2273 1883 2278  0.0907383  0.0  -0.22603714  0.0  2  0  0  0  0  0
  2020  1682  2029 0.07400942 0.0 2625 2234 2361  0.20111382  0.0  -1.7174084  0.0  2  0  1  0  1  0
  2020  1682  2029 0.07400942 0.0 36 19 124  0.0815928  0.0  -0.10246506  0.0  1  0  0  0  0  0
  2020  1682  2029 0.07400942 0.0 152 111 124  0.06786907  0.0  0.08296716  0.0  1  0  0  0  0  0
  2020  1682  2029 0.07400942 0.0 168 123 124  0.07700658  0.0  -0.04049701  0.0  1  0  0  0  0  0
  2020  1682  2029 0.07400942 0.0 171 124 139  0.074323535  0.0  -0.0042442773  0.0  1  0  0  0  0  0
  2020  1682  2029 0.07400942 0.0 2840 1763 124  0.09949553  0.0  -0.3443631  0.0  2  0  0  0  0  0
  2020  1682  2029 0.07400942 0.0 2356 1971 2047  0.0  0.0  1.0  0.0  0  0  0  0  0  0
  2020  1682  2029 0.07400942 0.0 2200 1825 2101  0.34877622  0.0  -3.7125924  0.0  2  0  1  0  1  0
  2020  1682  2029 0.07400942 0.0 2639 2244 2310  0.070658445  0.0  0.04527766  0.0  1  0  0  0  0  0
  2020  1682  2029 0.07400942 0.0 2601 2215 2278  0.079660416  0.0  -0.07635511  0.0  1  0  0  0  0  0
  2020  1682  2029 0.07400942 0.0 2583 2200 2361  0.082710385  0.0  -0.11756567  0.0  1  0  0  0  0  0
  2271  1883  2064 0.08532798 0.0 2135 1761 1855  0.4260292  0.0  -3.992843  0.0  3  0  1  0  1  0
  2271  1883  2064 0.08532798 0.0 2136 1761 1883  0.03774351  0.0  0.5576655  0.0  1  0  0  0  0  0
  2271  1883  2064 0.08532798 0.0 2137 1761 2234  0.26159918  0.0  -2.0658076  0.0  2  0  1  0  1  0
  2271  1883  2064 0.08532798 0.0 2839 1761 124  0.0  0.0  1.0  0.0  0  0  0  0  0  0
  2271  1883  2064 0.08532798 0.0 2895 1763 1761  0.033887625  0.0  0.6028545  0.0  1  0  0  0  0  0
  2271  1883  2064 0.08532798 0.0 1940 1644 1971  0.025592327  0.0  0.7000711  0.0  1  0  0  0  0  0
  2271  1883  2064 0.08532798 0.0 2235 1855 2101  0.39151144  0.0  -3.5883124  0.0  2  0  1  0  1  0
  2271  1883  2064 0.08532798 0.0 2272 1883 2244  0.10374963  0.0  -0.21589224  0.0  2  0  0  0  0  0
  2271  1883  2064 0.08532798 0.0 2273 1883 2278  0.11372745  0.0  -0.33282712  0.0  2  0  0  0  0  0
  2271  1883  2064 0.08532798 0.0 2625 2234 2361  0.2267369  0.0  -1.6572397  0.0  2  0  1  0  1  0
  2271  1883  2064 0.08532798 0.0 36 19 124  0.098964095  0.0  -0.1598082  0.0  2  0  0  0  0  0
  2271  1883  2064 0.08532798 0.0 152 111 124  0.07918382  0.0  0.07200646  0.0  1  0  0  0  0  0
  2271  1883  2064 0.08532798 0.0 168 123 124  0.09008002  0.0  -0.05569146  0.0  2  0  0  0  0  0
  2271  1883  2064 0.08532798 0.0 171 124 139  0.08560157  0.0  -0.003206279  0.0  1  0  0  0  0  0
  2271  1883  2064 0.08532798 0.0 2840 1763 124  0.12222648  0.0  -0.43243134  0.0  2  0  0  0  0  0
  2271  1883  2064 0.08532798 0.0 2356 1971 2047  0.0  0.0  1.0  0.0  0  0  0  0  0  0
  2271  1883  2064 0.08532798 0.0 2200 1825 2101  0.37221682  0.0  -3.3621893  0.0  2  0  1  0  1  0
  2271  1883  2064 0.08532798 0.0 2639 2244 2310  0.08225095  0.0  0.03606121  0.0  1  0  0  0  0  0
  2271  1883  2064 0.08532798 0.0 2601 2215 2278  0.09592199  0.0  -0.12415634  0.0  2  0  0  0  0  0
  2271  1883  2064 0.08532798 0.0 2583 2200 2361  0.10117936  0.0  -0.18576999  0.0  2  0  0  0  0  0
  2389  2029  2064 0.08540094 0.0 2135 1761 1855  0.4254223  0.0  -3.981471  0.0  3  0  1  0  1  0
  2389  2029  2064 0.08540094 0.0 2136 1761 1883  0.03781587  0.0  0.5571961  0.0  1  0  0  0  0  0
  2389  2029  2064 0.08540094 0.0 2137 1761 2234  0.26165915  0.0  -2.0638907  0.0  2  0  1  0  1  0
  2389  2029  2064 0.08540094 0.0 2839 1761 124  0.0  0.0  1.0  0.0  0  0  0  0  0  0
  2389  2029  2064 0.08540094 0.0 2895 1763 1761  0.033931732  0.0  0.6026773  0.0  1  0  0  0  0  0
  2389  2029  2064 0.08540094 0.0 1940 1644 1971  0.025635302  0.0  0.6998241  0.0  1  0  0  0  0  0
  2389  2029  2064 0.08540094 0.0 2235 1855 2101  0.3912388  0.0  -3.5812004  0.0  2  0  1  0  1  0
  2389  2029  2064 0.08540094 0.0 2272 1883 2244  0.10435927  0.0  -0.22199206  0.0  2  0  0  0  0  0
  2389  2029  2064 0.08540094 0.0 2273 1883 2278  0.114332676  0.0  -0.3387754  0.0  2  0  0  0  0  0
  2389  2029  2064 0.08540094 0.0 2625 2234 2361  0.22688174  0.0  -1.6566657  0.0  2  0  1  0  1  0
  2389  2029  2064 0.08540094 0.0 36 19 124  0.098926544  0.0  -0.1583777  0.0  2  0  0  0  0  0
  2389  2029  2064 0.08540094 0.0 152 111 124  0.07927418  0.0  0.07174115  0.0  1  0  0  0  0  0
  2389  2029  2064 0.08540094 0.0 168 123 124  0.090211034  0.0  -0.056323677  0.0  2  0  0  0  0  0
  2389  2029  2064 0.08540094 0.0 171 124 139  0.08565688  0.0  -0.00299695  0.0  1  0  0  0  0  0
  2389  2029  2064 0.08540094 0.0 2840 1763 124  0.122321606  0.0  -0.43232155  0.0  2  0  0  0  0  0
  2389  2029  2064 0.08540094 0.0 2356 1971 2047  0.0  0.0  1.0  0.0  0  0  0  0  0  0
  2389  2029  2064 0.08540094 0.0 2200 1825 2101  0.37178278  0.0  -3.3533804  0.0  2  0  1  0  1  0
  2389  2029  2064 0.08540094 0.0 2639 2244 2310  0.08229184  0.0  0.036405895  0.0  1  0  0  0  0  0
  2389  2029  2064 0.08540094 0.0 2601 2215 2278  0.096266985  0.0  -0.12723567  0.0  2  0  0  0  0  0
  2389  2029  2064 0.08540094 0.0 2583 2200 2361  0.101290464  0.0  -0.18605797  0.0  2  0  0  0  0  0
  2811  1384  92 0.059631824 0.0 110 68 78  0.041647553  0.0  0.30158848  0.0  1  0  0  0  0  0
  2811  1384  92 0.059631824 0.0 122 78 103  0.37813127  0.0  -5.3410983  0.0  1  0  1  0  0  0
  2811  1384  92 0.059631824 0.0 1036 835 1106  0.19829667  0.0  -2.3253496  0.0  1  0  1  0  0  0
  2811  1384  92 0.059631824 0.0 1453 1106 1166  0.107833505  0.0  -0.8083214  0.0  1  0  1  0  0  0
  2811  1384  92 0.059631824 0.0 1454 1106 1170  0.08520794  0.0  -0.42890042  0.0  1  0  1  0  0  0
  2811  1384  92 0.059631824 0.0 107 66 68  0.05692613  0.0  0.04537331  0.0  1  0  0  0  0  0
  2811  1384  92 0.059631824 0.0 2787 978 68  0.061226845  0.0  -0.026747802  0.0  2  0  0  0  0  0
  2811  1384  92 0.059631824 0.0 2788 979 68  0.060522914  0.0  -0.014943186  0.0  2  0  0  0  0  0
  2811  1384  92 0.059631824 0.0 128 83 103  0.060424566  0.0  -0.013293938  0.0  2  0  0  0  0  0
  2811  1384  92 0.059631824 0.0 145 103 104  0.06781149  0.0  -0.13716945  0.0  2  0  0  0  0  0
  2811  1384  92 0.059631824 0.0 2819 103 106  0.06280482  0.0  -0.053209737  0.0  1  0  0  0  0  0
  2811  1384  92 0.059631824 0.0 2820 1536 103  0.059641838  0.0  -1.6792343E-4  0.0  2  0  0  0  0  0
  2811  1384  92 0.059631824 0.0 1035 835 1020  0.15508866  0.0  -1.60077  0.0  1  0  1  0  0  0
  2811  1384  92 0.059631824 0.0 1541 1166 1452  0.10757685  0.0  -0.80401736  0.0  1  0  1  0  0  0
  2811  1384  92 0.059631824 0.0 1544 1170 1389  0.06569791  0.0  -0.101725616  0.0  2  0  1  0  0  0
  2811  1384  92 0.059631824 0.0 108 66 152  0.08100104  0.0  -0.3583526  0.0  1  0  0  0  0  0
  2811  1384  92 0.059631824 0.0 2784 66 67  0.04767251  0.0  0.20055255  0.0  2  0  0  0  0  0
  2811  1384  92 0.059631824 0.0 1240 962 978  0.06285989  0.0  -0.054133315  0.0  1  0  0  0  0  0
  2811  1384  92 0.059631824 0.0 1271 978 998  0.05900383  0.0  0.010531198  0.0  2  0  0  0  0  0
  2811  1384  92 0.059631824 0.0 1272 978 1024  0.059571743  0.0  0.0010075406  0.0  1  0  0  0  0  0
