 No., BrcContingencyIndex, fbusCont, tbusCont, #ofPVtoPQ
 1 1 1 60 2
 2 2 1 93 2
 3 3 2 74 2
 4 4 2 549 2
 5 7 7 60 2
 6 8 7 73 2
 7 12 17 81 2
 8 13 17 93 2
 9 20 22 67 2
 10 21 22 73 2
 11 22 23 44 2
 12 23 23 137 2
 13 24 23 254 2
 14 30 31 66 2
 15 31 31 66 2
 16 35 36 38 2
 17 37 36 483 2
 18 42 41 46 2
 19 43 41 87 2
 20 44 44 67 2
 21 54 58 499 2
 22 61 79 87 2
 23 62 81 494 2
 24 64 95 96 1
 25 65 95 99 1
 26 66 96 748 2
 27 67 97 98 2
 28 68 97 100 1
 29 69 97 697 2
 30 70 98 749 2
 31 71 99 100 1
 32 72 99 102 2
 33 73 100 698 1
 34 74 101 102 2
 35 75 101 696 2
 36 76 102 747 2
 37 78 104 105 1
 38 79 104 170 1
 39 80 105 180 1
 40 81 106 107 2
 41 82 106 140 2
 42 83 107 203 2
 43 84 108 170 1
 44 85 108 684 1
 45 87 110 111 2
 46 88 110 140 2
 47 89 111 207 2
 48 96 115 175 1
 49 97 115 178 2
 50 98 115 192 2
 51 99 116 117 2
 52 101 116 153 1
 53 102 116 186 2
 54 103 116 195 2
 55 104 117 145 2
 56 105 117 168 2
 57 106 117 187 2
 58 108 119 122 2
 59 109 119 152 2
 60 110 120 144 2
 61 111 120 199 2
 62 112 121 122 2
 63 115 121 144 2
 64 116 121 162 2
 65 118 122 144 2
 66 121 127 128 2
 67 122 127 140 2
 68 123 128 182 2
 69 125 130 151 1
 70 126 130 174 1
 71 127 133 167 2
 72 128 133 757 2
 73 130 137 174 1
 74 132 139 151 1
 75 133 139 179 1
 76 134 140 190 2
 77 135 141 151 2
 78 136 141 158 2
 79 137 141 164 1
 80 138 141 205 1
 81 139 142 143 1
 82 140 142 211 1
 83 141 143 740 1
 84 142 144 192 2
 85 144 145 275 2
 86 149 149 176 2
 87 150 149 272 2
 88 151 151 189 2
 89 152 152 161 2
 90 153 152 186 2
 91 154 152 187 1
 92 155 153 154 1
 93 156 154 211 1
 94 157 155 156 2
 95 159 155 201 2
 96 161 156 172 1
 97 162 156 204 2
 98 163 156 206 2
 99 164 156 656 1
 100 166 158 190 2
 101 167 159 160 1
 102 168 159 386 1
 103 169 160 171 1
 104 170 161 162 2
 105 171 163 164 1
 106 172 163 171 1
 107 173 167 168 2
 108 175 171 172 1
 109 177 175 176 2
 110 179 178 199 2
 111 180 179 180 1
 112 181 181 182 2
 113 182 181 183 2
 114 183 183 188 2
 115 186 188 189 2
 116 188 190 444 2
 117 191 195 474 2
 118 193 200 201 2
 119 194 200 202 2
 120 195 202 203 2
 121 196 204 205 2
 122 197 206 207 2
 123 200 212 221 2
 124 202 214 215 2
 125 203 214 216 2
 126 204 214 219 1
 127 205 215 221 2
 128 207 216 217 2
 129 208 216 222 1
 130 209 216 364 2
 131 210 217 221 1
 132 212 218 219 1
 133 213 218 222 2
 134 214 220 223 2
 135 215 220 587 2
 136 216 221 230 2
 137 217 222 231 2
 138 218 223 224 1
 139 219 223 225 1
 140 220 223 235 2
 141 221 224 233 2
 142 223 225 232 2
 143 224 225 357 1
 144 228 230 231 2
 145 230 232 233 2
 146 231 235 591 2
 147 237 241 253 2
 148 238 241 442 1
 149 239 242 243 2
 150 240 242 244 2
 151 241 243 252 2
 152 244 247 251 2
 153 245 247 255 2
 154 248 251 252 2
 155 249 253 260 2
 156 250 253 443 2
 157 251 255 259 2
 158 252 256 258 2
 159 253 256 261 2
 160 254 258 259 2
 161 255 260 261 2
 162 258 266 275 1
 163 259 266 338 2
 164 261 269 300 2
 165 262 269 324 2
 166 263 270 285 2
 167 266 270 302 2
 168 268 272 348 1
 169 269 272 349 2
 170 270 273 285 2
 171 271 273 340 2
 172 272 275 349 2
 173 273 276 279 2
 174 274 276 321 2
 175 277 278 336 2
 176 278 278 344 2
 177 279 279 311 2
 178 283 282 336 2
 179 286 285 299 2
 180 287 285 302 2
 181 288 286 328 2
 182 289 286 351 2
 183 290 287 301 2
 184 291 287 340 2
 185 295 291 323 2
 186 296 291 353 2
 187 298 294 317 2
 188 299 295 338 2
 189 300 300 343 2
 190 301 300 353 2
 191 303 304 318 2
 192 304 304 777 2
 193 305 307 329 2
 194 309 311 315 2
 195 311 313 342 2
 196 312 313 791 2
 197 314 316 354 2
 198 315 317 324 2
 199 316 318 343 2
 200 319 321 344 2
 201 320 325 351 2
 202 321 327 354 2
 203 326 348 789 1
 204 327 353 428 2
 205 328 356 357 1
 206 329 356 369 1
 207 330 358 359 2
 208 331 358 361 2
 209 332 358 421 2
 210 333 359 365 2
 211 334 359 371 2
 212 336 361 642 2
 213 337 363 634 2
 214 338 365 366 2
 215 339 367 633 2
 216 340 368 369 1
 217 341 368 370 2
 218 342 370 371 2
 219 343 370 421 2
 220 344 372 391 1
 221 345 372 419 1
 222 346 373 374 2
 223 347 373 380 2
 224 348 373 383 1
 225 349 373 419 1
 226 350 374 393 2
 227 351 374 400 1
 228 352 375 391 2
 229 353 375 405 2
 230 354 376 418 2
 231 355 376 441 2
 232 360 380 417 2
 233 361 380 673 1
 234 362 382 383 2
 235 363 382 387 2
 236 364 382 412 2
 237 365 382 417 2
 238 366 383 386 1
 239 367 383 411 2
 240 368 384 385 1
 241 369 384 414 1
 242 370 385 420 1
 243 371 387 411 2
 244 372 389 393 2
 245 373 389 412 2
 246 374 390 403 2
 247 375 390 604 2
 248 376 391 392 2
 249 377 392 416 2
 250 378 395 416 1
 251 379 395 420 1
 252 381 399 400 1
 253 382 399 414 2
 254 383 399 415 1
 255 384 402 407 2
 256 385 402 410 2
 257 386 403 404 2
 258 387 404 406 2
 259 388 405 408 2
 260 389 406 407 2
 261 390 406 413 2
 262 391 407 409 2
 263 392 408 409 2
 264 393 408 410 2
 265 394 413 418 2
 266 395 415 419 1
 267 396 419 420 1
 268 397 422 423 2
 269 398 422 631 2
 270 399 424 425 1
 271 400 424 437 1
 272 401 425 436 1
 273 402 426 427 1
 274 403 426 470 1
 275 404 427 432 1
 276 406 428 449 2
 277 407 428 452 1
 278 410 431 432 1
 279 411 431 434 1
 280 412 433 434 1
 281 413 433 439 1
 282 414 433 452 1
 283 416 436 441 2
 284 417 436 444 2
 285 418 436 460 2
 286 419 436 468 2
 287 421 436 653 2
 288 422 437 454 2
 289 423 437 624 2
 290 424 438 439 1
 291 425 438 442 2
 292 426 438 443 2
 293 429 447 448 1
 294 430 447 453 1
 295 431 448 470 2
 296 432 449 595 2
 297 433 450 458 1
 298 434 450 464 2
 299 435 450 471 1
 300 436 451 473 2
 301 437 451 479 2
 302 438 453 469 1
 303 440 454 455 2
 304 441 455 478 2
 305 445 458 459 1
 306 446 459 466 1
 307 447 460 738 2
 308 448 461 462 2
 309 449 461 469 2
 310 450 462 472 2
 311 451 464 465 2
 312 452 465 467 2
 313 453 467 468 2
 314 454 470 471 1
 315 455 471 473 2
 316 456 472 474 2
 317 458 478 479 2
 318 462 483 561 2
 319 463 484 488 2
 320 465 484 502 2
 321 466 484 507 2
 322 469 485 502 2
 323 470 485 509 2
 324 471 488 513 2
 325 477 494 503 2
 326 478 494 514 2
 327 480 495 513 2
 328 481 495 573 2
 329 482 497 507 2
 330 483 497 510 2
 331 484 497 527 2
 332 487 499 514 2
 333 488 499 527 2
 334 489 501 530 2
 335 490 501 533 2
 336 492 503 505 2
 337 493 503 513 2
 338 495 505 562 2
 339 497 509 520 2
 340 499 510 512 2
 341 500 510 521 2
 342 501 512 523 2
 343 506 517 523 2
 344 507 517 524 2
 345 508 520 530 2
 346 509 521 533 2
 347 510 521 548 2
 348 511 522 526 2
 349 512 522 561 2
 350 513 523 537 2
 351 514 524 533 2
 352 515 525 560 2
 353 516 526 532 2
 354 517 526 546 2
 355 518 529 532 2
 356 519 532 546 2
 357 525 537 547 2
 358 527 540 542 2
 359 528 540 544 2
 360 529 542 544 2
 361 530 542 547 2
 362 532 543 546 2
 363 533 544 556 2
 364 534 548 556 2
 365 535 548 557 2
 366 537 549 552 2
 367 538 551 554 2
 368 539 554 561 2
 369 541 556 557 2
 370 543 562 573 2
 371 545 574 579 2
 372 546 574 584 2
 373 548 576 578 2
 374 549 576 641 2
 375 550 578 579 2
 376 551 578 582 2
 377 552 578 630 2
 378 553 579 630 2
 379 554 580 581 2
 380 555 580 590 2
 381 556 581 587 2
 382 558 582 585 2
 383 559 582 639 2
 384 560 584 585 2
 385 561 586 640 2
 386 564 589 590 2
 387 565 589 592 2
 388 566 591 592 2
 389 569 595 609 2
 390 571 596 601 1
 391 572 596 609 2
 392 576 602 603 2
 393 578 610 613 2
 394 579 610 615 2
 395 580 611 612 2
 396 581 611 628 2
 397 582 612 613 2
 398 583 612 620 2
 399 585 612 627 2
 400 586 613 619 2
 401 587 614 615 2
 402 588 614 617 2
 403 590 617 627 2
 404 591 618 620 2
 405 592 618 621 2
 406 593 619 621 2
 407 594 621 623 2
 408 596 623 680 2
 409 597 624 626 2
 410 598 626 628 2
 411 599 631 640 2
 412 600 632 647 2
 413 601 633 644 2
 414 602 634 635 2
 415 603 634 695 2
 416 604 635 642 2
 417 605 635 646 2
 418 606 637 638 2
 419 607 637 640 2
 420 608 638 647 2
 421 609 639 640 2
 422 610 643 644 2
 423 611 643 645 2
 424 612 645 646 2
 425 613 645 695 2
 426 614 648 667 2
 427 615 648 693 2
 428 616 649 650 2
 429 617 649 655 2
 430 618 649 658 2
 431 619 649 693 2
 432 620 650 672 2
 433 621 650 678 2
 434 622 651 655 2
 435 623 651 670 2
 436 624 652 667 1
 437 625 652 681 1
 438 626 653 669 2
 439 627 653 673 1
 440 630 655 691 2
 441 631 655 692 2
 442 633 657 658 2
 443 634 657 662 2
 444 635 657 686 2
 445 636 657 691 2
 446 637 658 661 2
 447 638 658 685 2
 448 639 659 660 1
 449 640 659 688 1
 450 641 660 694 1
 451 642 661 676 2
 452 643 662 685 2
 453 645 666 672 2
 454 646 666 686 2
 455 647 667 668 2
 456 648 668 690 2
 457 649 669 670 2
 458 650 669 671 2
 459 651 670 671 2
 460 652 674 690 2
 461 653 674 694 2
 462 654 676 692 2
 463 655 677 678 2
 464 656 677 688 2
 465 657 677 689 2
 466 658 680 682 2
 467 659 681 684 1
 468 662 689 693 2
 469 663 693 694 2
 470 664 696 698 2
 471 665 697 698 2
 472 667 700 701 2
 473 668 700 721 2
 474 669 701 737 2
 475 670 702 703 2
 476 672 702 722 2
 477 673 702 734 2
 478 674 702 737 2
 479 675 703 717 2
 480 676 703 729 2
 481 677 703 735 2
 482 679 705 707 2
 483 680 705 719 2
 484 681 706 707 2
 485 684 706 725 2
 486 685 706 794 2
 487 688 711 712 2
 488 689 711 742 2
 489 690 712 728 2
 490 691 714 715 1
 491 692 714 746 1
 492 693 715 739 1
 493 694 716 717 2
 494 695 716 720 2
 495 697 719 724 2
 496 698 719 734 2
 497 699 719 735 2
 498 700 720 721 2
 499 702 721 738 2
 500 703 722 723 1
 501 704 723 746 1
 502 705 724 725 2
 503 707 728 729 2
 504 713 739 740 1
 505 714 742 743 2
 506 715 743 758 2
 507 718 747 749 2
 508 719 748 749 2
 509 721 751 752 2
 510 722 751 772 2
 511 723 752 788 2
 512 724 753 754 2
 513 726 753 773 2
 514 727 753 785 1
 515 728 753 788 2
 516 729 754 768 2
 517 730 754 780 2
 518 731 754 786 1
 519 733 756 758 2
 520 734 756 770 2
 521 735 757 758 2
 522 738 757 776 2
 523 741 762 763 2
 524 742 762 793 2
 525 743 763 779 2
 526 744 765 766 2
 527 745 765 797 2
 528 746 766 790 2
 529 747 767 768 2
 530 748 767 771 2
 531 750 770 775 2
 532 751 770 785 1
 533 752 770 786 2
 534 753 771 772 2
 535 754 771 778 2
 536 755 772 789 1
 537 756 773 774 2
 538 757 774 797 2
 539 758 775 776 2
 540 759 777 778 2
 541 760 779 780 2
 542 766 790 791 2
 543 767 793 794 2
 544 793 93 38 2
 545 796 73 46 2
 546 799 58 87 2
 547 800 58 87 2
 548 802 74 79 2
 549 803 74 79 2
 550 805 144 98 2
 551 806 151 99 1
 552 807 152 100 2
 553 808 255 212 2
 554 810 254 217 2
 555 811 256 218 2
 556 813 221 223 1
 557 814 222 224 2
 558 815 246 224 2
 559 816 230 232 2
 560 817 231 233 2
 561 818 246 244 2
 562 825 275 297 2
 563 826 295 276 2
 564 829 294 278 2
 565 830 316 282 2
 566 833 294 315 2
 567 834 327 294 2
 568 836 301 297 2
 569 837 329 297 2
 570 838 299 346 2
 571 839 300 301 2
 572 840 304 325 2
 573 841 323 307 2
 574 842 308 309 2
 575 843 308 309 2
 576 845 318 346 2
 577 846 342 328 2
 578 853 363 361 2
 579 855 364 366 2
 580 856 367 365 2
 581 857 406 368 2
 582 858 419 370 2
 583 859 420 370 2
 584 860 466 423 2
 585 861 484 483 2
 586 862 484 483 2
 587 863 484 483 2
 588 864 523 522 2
 589 865 523 522 2
 590 866 523 522 2
 591 867 526 525 2
 592 868 526 99997 2
 593 869 527 99997 2
 594 871 529 99996 2
 595 872 530 99996 2
 596 874 544 543 2
 597 875 551 99995 2
 598 876 552 99995 2
 599 878 561 560 2
 600 888 561 99994 2
 601 889 562 99994 2
 602 892 579 580 2
 603 893 601 579 1
 604 894 602 584 2
 605 895 603 585 2
 606 896 586 587 3
 607 900 612 590 1
 608 901 624 591 2
 609 902 632 633 2
 610 903 636 634 2
 611 904 653 636 2
 612 905 655 637 2
 613 906 656 638 2
 614 907 641 640 2
 615 908 682 643 2
 616 909 693 645 2
 617 910 694 645 2
 618 911 719 698 2
 619 912 770 749 2
