  psseraw:file=IEEE24busPsse30.raw&lowx=adjust
  branch  22  15  24  0.26339912  4.5192242E-4  37  11  10  96.35673%  -1922.2897% 1 28  5  2  6  34.278553%  -0.5475318% 0 24  29  19  20  4.8374534%  21.231544%  -16.39409% 0 21
  branch  34  24  3  0.26403046  0.0043882728  37  11  10  96.23261%  -130.89523% 1 18  5  2  6  3.3331976%  -0.5417979% 0 13  5  2  6  2.7913997%  -0.5417979%  3.3331976% 0 13
  psseraw:file=IEEE24busPsse30.raw&lowx=adjust
  branch  22  15  24  0.26339912  4.5192242E-4  37  11  10  96.35673%  -1922.2897% 1 28  5  2  6  34.278553%  -0.5475318% 0 24  29  19  20  4.8374534%  21.231544%  -16.39409% 0 21
  branch  34  24  3  0.26403046  0.0043882728  37  11  10  96.23261%  -130.89523% 1 18  5  2  6  3.3331976%  -0.5417979% 0 13  5  2  6  2.7913997%  -0.5417979%  3.3331976% 0 13
  psseraw:file=IEEE24busPsse30.raw&lowx=adjust
  branch  22  15  24  0.26339912  4.5192242E-4  37  11  10  96.35673%  -1922.2897% 1 28  5  2  6  34.278553%  -0.5475318% 0 24  29  19  20  4.8374534%  21.231544%  -16.39409% 0 21
  branch  34  24  3  0.26403046  0.0043882728  37  11  10  96.23261%  -130.89523% 1 18  5  2  6  3.3331976%  -0.5417979% 0 13  5  2  6  2.7913997%  -0.5417979%  3.3331976% 0 13
  psseraw:file=IEEE24busPsse30.raw&lowx=adjust
  branch  22  15  24  0.26339912  4.5192242E-4  37  11  10  96.35673%  -1922.2897% 1 34  5  2  6  34.278553%  -0.5475318% 0 5  31  20  23  9.220396%  33.752182%  -24.531786% 0 29
  branch  34  24  3  0.26403046  0.0043882728  37  11  10  96.23261%  -130.89523% 1 34  5  2  6  3.3331976%  -0.5417979% 0 5  32  20  23  31.13873%  33.680054%  -2.5413253% 0 30
