  psseraw:file=IEEE24busPsse30.raw&lowx=adjust
  gen  3  7  -1  0.0  0.25070214  24  16  19  0.0%  0.064430475% 1 30  24  16  19  0.064430475%  0.0% 1 30  24  16  19  0.064430475%  0.0%  0.064430475% 1 30
  gen  11  23  -1  0.9976008  0.0  36  9  12  12.948561%  0.0% 0 6  36  9  12  0.0%  12.948561% 0 6  36  9  12  12.948561%  12.948561%  0.0% 0 6
  psseraw:file=IEEE24busPsse30.raw&lowx=adjust
  gen  3  7  -1  0.0  0.25070214  24  16  19  0.0%  0.064430475% 1 30  24  16  19  0.064430475%  0.0% 1 30  24  16  19  0.064430475%  0.0%  0.064430475% 1 30
  gen  11  23  -1  0.9976008  0.0  36  9  12  12.948561%  0.0% 0 6  36  9  12  0.0%  12.948561% 0 6  36  9  12  12.948561%  12.948561%  0.0% 0 6
  psseraw:file=IEEE24busPsse30.raw&lowx=adjust
  gen  3  7  -1  0.0  0.25070214  24  16  19  0.0%  0.064430475% 1 30  24  16  19  0.064430475%  0.0% 1 30  24  16  19  0.064430475%  0.0%  0.064430475% 1 30
  gen  11  23  -1  0.9976008  0.0  36  9  12  12.948561%  0.0% 0 6  36  9  12  0.0%  12.948561% 0 6  36  9  12  12.948561%  12.948561%  0.0% 0 6
  psseraw:file=IEEE24busPsse30.raw&lowx=adjust
  gen  3  7  -1  0.0  0.25070214  24  16  19  0.0%  0.064430475% 1 23  24  16  19  0.064430475%  0.0% 1 23  24  16  19  0.064430475%  0.0%  0.064430475% 1 23
  gen  11  23  -1  0.9976008  0.0  25  17  18  83.68371%  0.0% 1 24  25  17  18  0.0%  83.68371% 1 24  25  17  18  83.68371%  83.68371%  0.0% 1 24
