  psseraw:file=IEEE24busPsse30.raw&lowx=adjust
  branch  22  15  24  0.26339912  4.5192242E-4  29  19  20  21.231544%  -16.39409% 0 21  5  2  6  34.278553%  -0.5475318% 0 24  5  2  6  33.73102%  -0.5475318%  34.278553% 0 24
  branch  34  24  3  0.26403046  0.0043882728  31  20  23  33.680054%  -2.5413253% 0 30  5  2  6  3.3331976%  -0.5417979% 0 13  31  20  23  31.13873%  33.680054%  -2.5413253% 0 30
  psseraw:file=IEEE24busPsse30.raw&lowx=adjust
  branch  22  15  24  0.26339912  4.5192242E-4  29  19  20  21.231544%  -16.39409% 0 21  5  2  6  34.278553%  -0.5475318% 0 24  5  2  6  33.73102%  -0.5475318%  34.278553% 0 24
  branch  34  24  3  0.26403046  0.0043882728  31  20  23  33.680054%  -2.5413253% 0 30  5  2  6  3.3331976%  -0.5417979% 0 13  31  20  23  31.13873%  33.680054%  -2.5413253% 0 30
  psseraw:file=IEEE24busPsse30.raw&lowx=adjust
  branch  22  15  24  0.26339912  4.5192242E-4  29  19  20  21.231544%  -16.39409% 0 21  5  2  6  34.278553%  -0.5475318% 0 24  5  2  6  33.73102%  -0.5475318%  34.278553% 0 24
  branch  34  24  3  0.26403046  0.0043882728  31  20  23  33.680054%  -2.5413253% 0 30  5  2  6  3.3331976%  -0.5417979% 0 13  31  20  23  31.13873%  33.680054%  -2.5413253% 0 30
  psseraw:file=IEEE24busPsse30.raw&lowx=adjust
  branch  22  15  24  0.26339912  4.5192242E-4  31  20  23  33.752182%  -24.531786% 0 29  5  2  6  34.278553%  -0.5475318% 0 5  5  2  6  33.73102%  -0.5475318%  34.278553% 0 5
  branch  34  24  3  0.26403046  0.0043882728  31  20  23  33.680054%  -2.5413253% 0 29  5  2  6  3.3331976%  -0.5417979% 0 5  31  20  23  31.13873%  33.680054%  -2.5413253% 0 29
