  psseraw:file=input/case2383busPsse30_rev27.raw&lowx=adjust
  branch  14  6  31  0.4631257  0.0  558  413  612  4.354205%  0.0% 0 96  558  413  612  0.0%  4.354205% 0 96  558  413  612  4.354205%  4.354205%  0.0% 0 96
  branch  109  67  138  0.6524428  0.0  186  132  148  2.4966533%  0.0% 0 20  186  132  148  0.0%  2.4966533% 0 20  186  132  148  2.4966533%  2.4966533%  0.0% 0 20
  branch  159  117  140  0.045750976  0.0  2208  1833  2047  19.747934%  0.0% 0 39  2208  1833  2047  0.0%  19.747934% 0 39  2208  1833  2047  19.747934%  19.747934%  0.0% 0 39
  branch  170  123  144  0.4478147  0.0  152  111  124  2.717153%  0.0% 0 44  152  111  124  0.0%  2.717153% 0 44  152  111  124  2.717153%  2.717153%  0.0% 0 44
  branch  418  294  346  0.030017972  0.0  505  357  523  55.249016%  0.0% 0 12  505  357  523  0.0%  55.249016% 0 12  505  357  523  55.249016%  55.249016%  0.0% 0 12
  branch  2019  1682  1683  0.038828373  0.0  2269  1882  2273  24.743948%  0.0% 0 93  2269  1882  2273  0.0%  24.743948% 0 93  2269  1882  2273  24.743948%  24.743948%  0.0% 0 93
  branch  2020  1682  2029  0.07323778  0.0  2269  1882  2273  12.901168%  0.0% 0 93  2269  1882  2273  0.0%  12.901168% 0 93  2269  1882  2273  12.901168%  12.901168%  0.0% 0 93
  branch  2270  1882  2333  0.021264672  0.0  2137  1761  2234  17.158777%  0.0% 0 85  2137  1761  2234  0.0%  17.158777% 0 85  2137  1761  2234  17.158777%  17.158777%  0.0% 0 85
  branch  2271  1883  2064  0.084552884  0.0  2269  1882  2273  11.162431%  0.0% 0 93  2269  1882  2273  0.0%  11.162431% 0 93  2269  1882  2273  11.162431%  11.162431%  0.0% 0 93
  branch  2389  2029  2064  0.08459544  0.0  2269  1882  2273  11.147797%  0.0% 0 93  2269  1882  2273  0.0%  11.147797% 0 93  2269  1882  2273  11.147797%  11.147797%  0.0% 0 93
  branch  2579  2197  2274  0.024328351  0.0  2137  1761  2234  14.823036%  0.0% 0 85  2137  1761  2234  0.0%  14.823036% 0 85  2137  1761  2234  14.823036%  14.823036%  0.0% 0 85
  branch  2811  1384  92  0.15951085  0.0  89  60  85  0.45229188%  0.0% 0 79  89  60  85  0.0%  0.45229188% 0 79  89  60  85  0.45229188%  0.45229188%  0.0% 0 79
  psseraw:file=input/SouthCarolina500_v30_solved_line115RateC.raw&lowx=adjust
  branch  8  5  316  0.13706994  0.0  288  221  478  13.509522%  0.0% 0 15  288  221  478  0.0%  13.509522% 0 15  288  221  478  13.509522%  13.509522%  0.0% 0 15
  branch  9  5  401  0.15424776  0.0  204  143  496  9.626841%  0.0% 0 8  204  143  496  0.0%  9.626841% 0 8  204  143  496  9.626841%  9.626841%  0.0% 0 8
  branch  63  37  76  0.2743125  0.0  440  405  492  4.95563%  0.0% 0 14  440  405  492  0.0%  4.95563% 0 14  440  405  492  4.95563%  4.95563%  0.0% 0 14
  branch  64  37  176  0.27339244  0.0  440  405  492  4.9718714%  0.0% 0 14  440  405  492  0.0%  4.9718714% 0 14  440  405  492  4.9718714%  4.9718714%  0.0% 0 14
  branch  112  76  452  0.3218782  0.0  440  405  492  4.3913026%  0.0% 0 14  440  405  492  0.0%  4.3913026% 0 14  440  405  492  4.3913026%  4.3913026%  0.0% 0 14
  branch  124  87  143  0.49243093  0.0  201  143  338  4.217381%  0.0% 0 4  201  143  338  0.0%  4.217381% 0 4  201  143  338  4.217381%  4.217381%  0.0% 0 4
  branch  157  110  316  0.116928816  0.0  288  221  478  15.574338%  0.0% 0 15  288  221  478  0.0%  15.574338% 0 15  288  221  478  15.574338%  15.574338%  0.0% 0 15
  branch  202  143  401  0.69841146  0.0  440  405  492  4.610306%  0.0% 0 14  440  405  492  0.0%  4.610306% 0 14  440  405  492  4.610306%  4.610306%  0.0% 0 14
  branch  203  143  452  0.39809108  0.0  440  405  492  3.793342%  0.0% 0 14  440  405  492  0.0%  3.793342% 0 14  440  405  492  3.793342%  3.793342%  0.0% 0 14
  branch  449  423  496  0.9830153  0.0  287  221  447  0.9082079%  0.0% 0 27  287  221  447  0.0%  0.9082079% 0 27  287  221  447  0.9082079%  0.9082079%  0.0% 0 27
  psseraw:file=input/SouthCarolina500_v30_solved_line120RateC.raw&lowx=adjust
  branch  63  37  76  0.11421275  0.0  449  423  496  24.291975%  0.0% 0 13  449  423  496  0.0%  24.291975% 0 13  449  423  496  24.291975%  24.291975%  0.0% 0 13
  branch  64  37  176  0.113292694  0.0  449  423  496  24.4842%  0.0% 0 13  449  423  496  0.0%  24.4842% 0 13  449  423  496  24.4842%  24.4842%  0.0% 0 13
  branch  112  76  452  0.16177845  0.0  449  423  496  17.188467%  0.0% 0 13  449  423  496  0.0%  17.188467% 0 13  449  423  496  17.188467%  17.188467%  0.0% 0 13
  branch  124  87  143  0.33233118  0.0  201  143  338  6.2490945%  0.0% 0 4  201  143  338  0.0%  6.2490945% 0 4  201  143  338  6.2490945%  6.2490945%  0.0% 0 4
  branch  202  143  401  0.46721935  0.0  440  405  492  4.106631%  0.0% 0 14  440  405  492  0.0%  4.106631% 0 14  440  405  492  4.106631%  4.106631%  0.0% 0 14
  branch  203  143  452  0.23799133  0.0  440  405  492  6.345171%  0.0% 0 14  440  405  492  0.0%  6.345171% 0 14  440  405  492  6.345171%  6.345171%  0.0% 0 14
  branch  449  423  496  0.82291555  0.0  287  221  447  1.0849013%  0.0% 0 27  287  221  447  0.0%  1.0849013% 0 27  287  221  447  1.0849013%  1.0849013%  0.0% 0 27
  psseraw:file=input/case2383busPsse30_rev27.raw&lowx=adjust
  branch  14  6  31  0.4631257  0.0  558  413  612  4.354205%  0.0% 0 96  558  413  612  0.0%  4.354205% 0 96  558  413  612  4.354205%  4.354205%  0.0% 0 96
  branch  109  67  138  0.6524428  0.0  186  132  148  2.4966533%  0.0% 0 20  186  132  148  0.0%  2.4966533% 0 20  186  132  148  2.4966533%  2.4966533%  0.0% 0 20
  branch  159  117  140  0.045750976  0.0  2208  1833  2047  19.747934%  0.0% 0 39  2208  1833  2047  0.0%  19.747934% 0 39  2208  1833  2047  19.747934%  19.747934%  0.0% 0 39
  branch  170  123  144  0.4478147  0.0  152  111  124  2.717153%  0.0% 0 44  152  111  124  0.0%  2.717153% 0 44  152  111  124  2.717153%  2.717153%  0.0% 0 44
  branch  418  294  346  0.030017972  0.0  505  357  523  55.249016%  0.0% 0 12  505  357  523  0.0%  55.249016% 0 12  505  357  523  55.249016%  55.249016%  0.0% 0 12
  branch  2019  1682  1683  0.038828373  0.0  2269  1882  2273  24.743948%  0.0% 0 93  2269  1882  2273  0.0%  24.743948% 0 93  2269  1882  2273  24.743948%  24.743948%  0.0% 0 93
  branch  2020  1682  2029  0.07323778  0.0  2269  1882  2273  12.901168%  0.0% 0 93  2269  1882  2273  0.0%  12.901168% 0 93  2269  1882  2273  12.901168%  12.901168%  0.0% 0 93
  branch  2270  1882  2333  0.021264672  0.0  2137  1761  2234  17.158777%  0.0% 0 85  2137  1761  2234  0.0%  17.158777% 0 85  2137  1761  2234  17.158777%  17.158777%  0.0% 0 85
  branch  2271  1883  2064  0.084552884  0.0  2269  1882  2273  11.162431%  0.0% 0 93  2269  1882  2273  0.0%  11.162431% 0 93  2269  1882  2273  11.162431%  11.162431%  0.0% 0 93
  branch  2389  2029  2064  0.08459544  0.0  2269  1882  2273  11.147797%  0.0% 0 93  2269  1882  2273  0.0%  11.147797% 0 93  2269  1882  2273  11.147797%  11.147797%  0.0% 0 93
  branch  2579  2197  2274  0.024328351  0.0  2137  1761  2234  14.823036%  0.0% 0 85  2137  1761  2234  0.0%  14.823036% 0 85  2137  1761  2234  14.823036%  14.823036%  0.0% 0 85
  branch  2811  1384  92  0.15951085  0.0  89  60  85  0.45229188%  0.0% 0 79  89  60  85  0.0%  0.45229188% 0 79  89  60  85  0.45229188%  0.45229188%  0.0% 0 79
