  psseraw:file=input/case2383busPsse30_rev27.raw&lowx=adjust
  branch  14  6  31  0.4631257  0.0  26  13  29  22.66874%  0.0% 0 4  26  13  29  0.0%  22.66874% 0 4  26  13  29  22.66874%  22.66874%  0.0% 0 4
  branch  109  67  138  0.6524428  0.0  2867  2090  152  12.809335%  0.0% 0 2  2867  2090  152  0.0%  12.809335% 0 2  2867  2090  152  12.809335%  12.809335%  0.0% 0 2
  branch  159  117  140  0.045750976  0.0  1940  1644  1971  88.84434%  0.0% 0 6  1940  1644  1971  0.0%  88.84434% 0 6  1940  1644  1971  88.84434%  88.84434%  0.0% 0 6
  branch  170  123  144  0.4478147  0.0  2830  1655  117  9.289394%  0.0% 0 7  2830  1655  117  0.0%  9.289394% 0 7  2830  1655  117  9.289394%  9.289394%  0.0% 0 7
  branch  418  294  346  0.030017972  0.0  449  314  387  74.253105%  0.0% 0 27  449  314  387  0.0%  74.253105% 0 27  449  314  387  74.253105%  74.253105%  0.0% 0 27
  branch  2019  1682  1683  0.038828373  0.0  2356  1971  2047  100.0%  0.0% 0 16  2356  1971  2047  0.0%  100.0% 0 16  2356  1971  2047  100.0%  100.0%  0.0% 0 16
  branch  2020  1682  2029  0.07323778  0.0  1940  1644  1971  55.233307%  0.0% 0 6  1940  1644  1971  0.0%  55.233307% 0 6  1940  1644  1971  55.233307%  55.233307%  0.0% 0 6
  branch  2270  1882  2333  0.021264672  0.0  1939  1644  1761  31.742731%  0.0% 0 83  1939  1644  1761  0.0%  31.742731% 0 83  1939  1644  1761  31.742731%  31.742731%  0.0% 0 83
  branch  2271  1883  2064  0.084552884  0.0  1940  1644  1971  48.46429%  0.0% 0 6  1940  1644  1971  0.0%  48.46429% 0 6  1940  1644  1971  48.46429%  48.46429%  0.0% 0 6
  branch  2389  2029  2064  0.08459544  0.0  1940  1644  1971  48.446533%  0.0% 0 6  1940  1644  1971  0.0%  48.446533% 0 6  1940  1644  1971  48.446533%  48.446533%  0.0% 0 6
  branch  2579  2197  2274  0.024328351  0.0  1939  1644  1761  27.597376%  0.0% 0 83  1939  1644  1761  0.0%  27.597376% 0 83  1939  1644  1761  27.597376%  27.597376%  0.0% 0 83
  branch  2811  1384  92  0.15951085  0.0  2784  66  67  1.7012513%  0.0% 0 17  2784  66  67  0.0%  1.7012513% 0 17  2784  66  67  1.7012513%  1.7012513%  0.0% 0 17
  psseraw:file=input/SouthCarolina500_v30_solved_line115RateC.raw&lowx=adjust
  branch  8  5  316  0.13706994  0.0  200  141  300  65.38989%  0.0% 0 1  200  141  300  0.0%  65.38989% 0 1  200  141  300  65.38989%  65.38989%  0.0% 0 1
  branch  9  5  401  0.15424776  0.0  200  141  300  58.53358%  0.0% 0 1  200  141  300  0.0%  58.53358% 0 1  200  141  300  58.53358%  58.53358%  0.0% 0 1
  branch  63  37  76  0.2743125  0.0  200  141  300  24.676111%  0.0% 0 1  200  141  300  0.0%  24.676111% 0 1  200  141  300  24.676111%  24.676111%  0.0% 0 1
  branch  64  37  176  0.27339244  0.0  200  141  300  24.756277%  0.0% 0 1  200  141  300  0.0%  24.756277% 0 1  200  141  300  24.756277%  24.756277%  0.0% 0 1
  branch  112  76  452  0.3218782  0.0  200  141  300  21.447126%  0.0% 0 1  200  141  300  0.0%  21.447126% 0 1  200  141  300  21.447126%  21.447126%  0.0% 0 1
  branch  124  87  143  0.49243093  0.0  125  87  423  15.060872%  0.0% 0 3  125  87  423  0.0%  15.060872% 0 3  125  87  423  15.060872%  15.060872%  0.0% 0 3
  branch  157  110  316  0.116928816  0.0  200  141  300  76.0166%  0.0% 0 1  200  141  300  0.0%  76.0166% 0 1  200  141  300  76.0166%  76.0166%  0.0% 0 1
  branch  202  143  401  0.69841146  0.0  200  141  300  24.933176%  0.0% 0 1  200  141  300  0.0%  24.933176% 0 1  200  141  300  24.933176%  24.933176%  0.0% 0 1
  branch  203  143  452  0.39809108  0.0  200  141  300  17.876942%  0.0% 0 1  200  141  300  0.0%  17.876942% 0 1  200  141  300  17.876942%  17.876942%  0.0% 0 1
  branch  449  423  496  0.9830153  0.0  200  141  300  5.1959405%  0.0% 0 14  200  141  300  0.0%  5.1959405% 0 14  200  141  300  5.1959405%  5.1959405%  0.0% 0 14
  psseraw:file=input/SouthCarolina500_v30_solved_line120RateC.raw&lowx=adjust
  branch  63  37  76  0.11421275  0.0  200  141  300  59.26629%  0.0% 0 1  200  141  300  0.0%  59.26629% 0 1  200  141  300  59.26629%  59.26629%  0.0% 0 1
  branch  64  37  176  0.113292694  0.0  200  141  300  59.74065%  0.0% 0 1  200  141  300  0.0%  59.74065% 0 1  200  141  300  59.74065%  59.74065%  0.0% 0 1
  branch  112  76  452  0.16177845  0.0  200  141  300  42.671703%  0.0% 0 1  200  141  300  0.0%  42.671703% 0 1  200  141  300  42.671703%  42.671703%  0.0% 0 1
  branch  124  87  143  0.33233118  0.0  125  87  423  22.316412%  0.0% 0 3  125  87  423  0.0%  22.316412% 0 3  125  87  423  22.316412%  22.316412%  0.0% 0 3
  branch  202  143  401  0.46721935  0.0  200  141  300  23.094822%  0.0% 0 1  200  141  300  0.0%  23.094822% 0 1  200  141  300  23.094822%  23.094822%  0.0% 0 1
  branch  203  143  452  0.23799133  0.0  200  141  300  29.902987%  0.0% 0 1  200  141  300  0.0%  29.902987% 0 1  200  141  300  29.902987%  29.902987%  0.0% 0 1
  branch  449  423  496  0.82291555  0.0  200  141  300  6.20682%  0.0% 0 14  200  141  300  0.0%  6.20682% 0 14  200  141  300  6.20682%  6.20682%  0.0% 0 14
  psseraw:file=input/case2383busPsse30_rev27.raw&lowx=adjust
  branch  14  6  31  0.4631257  0.0  26  13  29  22.66874%  0.0% 0 4  26  13  29  0.0%  22.66874% 0 4  26  13  29  22.66874%  22.66874%  0.0% 0 4
  branch  109  67  138  0.6524428  0.0  2867  2090  152  12.809335%  0.0% 0 2  2867  2090  152  0.0%  12.809335% 0 2  2867  2090  152  12.809335%  12.809335%  0.0% 0 2
  branch  159  117  140  0.045750976  0.0  1940  1644  1971  88.84434%  0.0% 0 6  1940  1644  1971  0.0%  88.84434% 0 6  1940  1644  1971  88.84434%  88.84434%  0.0% 0 6
  branch  170  123  144  0.4478147  0.0  2830  1655  117  9.289394%  0.0% 0 7  2830  1655  117  0.0%  9.289394% 0 7  2830  1655  117  9.289394%  9.289394%  0.0% 0 7
  branch  418  294  346  0.030017972  0.0  449  314  387  74.253105%  0.0% 0 27  449  314  387  0.0%  74.253105% 0 27  449  314  387  74.253105%  74.253105%  0.0% 0 27
  branch  2019  1682  1683  0.038828373  0.0  2356  1971  2047  100.0%  0.0% 0 16  2356  1971  2047  0.0%  100.0% 0 16  2356  1971  2047  100.0%  100.0%  0.0% 0 16
  branch  2020  1682  2029  0.07323778  0.0  1940  1644  1971  55.233307%  0.0% 0 6  1940  1644  1971  0.0%  55.233307% 0 6  1940  1644  1971  55.233307%  55.233307%  0.0% 0 6
  branch  2270  1882  2333  0.021264672  0.0  1939  1644  1761  31.742731%  0.0% 0 83  1939  1644  1761  0.0%  31.742731% 0 83  1939  1644  1761  31.742731%  31.742731%  0.0% 0 83
  branch  2271  1883  2064  0.084552884  0.0  1940  1644  1971  48.46429%  0.0% 0 6  1940  1644  1971  0.0%  48.46429% 0 6  1940  1644  1971  48.46429%  48.46429%  0.0% 0 6
  branch  2389  2029  2064  0.08459544  0.0  1940  1644  1971  48.446533%  0.0% 0 6  1940  1644  1971  0.0%  48.446533% 0 6  1940  1644  1971  48.446533%  48.446533%  0.0% 0 6
  branch  2579  2197  2274  0.024328351  0.0  1939  1644  1761  27.597376%  0.0% 0 83  1939  1644  1761  0.0%  27.597376% 0 83  1939  1644  1761  27.597376%  27.597376%  0.0% 0 83
  branch  2811  1384  92  0.15951085  0.0  2784  66  67  1.7012513%  0.0% 0 17  2784  66  67  0.0%  1.7012513% 0 17  2784  66  67  1.7012513%  1.7012513%  0.0% 0 17
