  psseraw:file=input/case2383busPsse30_rev27.raw&lowx=adjust
  gen  31  125  -1  0.3490944  0.0  177  127  157  3.184247%  0.0% 0 2  177  127  157  0.0%  3.184247% 0 2  177  127  157  3.184247%  3.184247%  0.0% 0 2
  gen  32  127  -1  0.060684085  0.0  151  111  123  24.185991%  0.0% 0 11  151  111  123  0.0%  24.185991% 0 11  151  111  123  24.185991%  24.185991%  0.0% 0 11
  gen  179  1426  -1  0.16920221  0.0  974  804  1426  4.5089693%  0.0% 0 4  974  804  1426  0.0%  4.5089693% 0 4  974  804  1426  4.5089693%  4.5089693%  0.0% 0 4
  gen  205  1664  -1  0.19106674  0.0  2851  1846  135  6.5897837%  0.0% 0 33  2851  1846  135  0.0%  6.5897837% 0 33  2851  1846  135  6.5897837%  6.5897837%  0.0% 0 33
  gen  245  1883  -1  0.07452756  0.0  2271  1883  2064  8.718494%  0.0% 0 27  2271  1883  2064  0.0%  8.718494% 0 27  2271  1883  2064  8.718494%  8.718494%  0.0% 0 27
  psseraw:file=input/SouthCarolina500_v30_solved_line115RateC.raw&lowx=adjust
  gen  1  9  -1  0.46450067  0.0  440  405  492  4.643535%  0.0% 0 15  440  405  492  0.0%  4.643535% 0 15  440  405  492  4.643535%  4.643535%  0.0% 0 15
  gen  2  16  -1  0.025379658  0.0  286  220  471  100.0%  0.0% 0 34  286  220  471  0.0%  100.0% 0 34  286  220  471  100.0%  100.0%  0.0% 0 34
  gen  3  17  -1  0.55399585  0.0  288  221  478  8.301849%  0.0% 0 16  288  221  478  0.0%  8.301849% 0 16  288  221  478  8.301849%  8.301849%  0.0% 0 16
  gen  25  224  -1  0.1312027  0.0  288  221  478  19.046926%  0.0% 0 16  288  221  478  0.0%  19.046926% 0 16  288  221  478  19.046926%  19.046926%  0.0% 0 16
  gen  26  225  -1  0.13400793  0.0  288  221  478  17.760422%  0.0% 0 16  288  221  478  0.0%  17.760422% 0 16  288  221  478  17.760422%  17.760422%  0.0% 0 16
  psseraw:file=input/SouthCarolina500_v30_solved_line120RateC.raw&lowx=adjust
  gen  1  9  -1  0.30440092  0.0  440  405  492  7.085804%  0.0% 0 15  440  405  492  0.0%  7.085804% 0 15  440  405  492  7.085804%  7.085804%  0.0% 0 15
  gen  3  17  -1  0.38321352  0.0  288  221  478  9.214005%  0.0% 0 16  288  221  478  0.0%  9.214005% 0 16  288  221  478  9.214005%  9.214005%  0.0% 0 16
  psseraw:file=input/case2383busPsse30_rev27.raw&lowx=adjust
  gen  31  125  -1  0.3490944  0.0  177  127  157  3.184247%  0.0% 0 2  177  127  157  0.0%  3.184247% 0 2  177  127  157  3.184247%  3.184247%  0.0% 0 2
  gen  32  127  -1  0.060684085  0.0  151  111  123  24.185991%  0.0% 0 11  151  111  123  0.0%  24.185991% 0 11  151  111  123  24.185991%  24.185991%  0.0% 0 11
  gen  179  1426  -1  0.16920221  0.0  974  804  1426  4.5089693%  0.0% 0 4  974  804  1426  0.0%  4.5089693% 0 4  974  804  1426  4.5089693%  4.5089693%  0.0% 0 4
  gen  205  1664  -1  0.19106674  0.0  2851  1846  135  6.5897837%  0.0% 0 33  2851  1846  135  0.0%  6.5897837% 0 33  2851  1846  135  6.5897837%  6.5897837%  0.0% 0 33
  gen  245  1883  -1  0.07452756  0.0  2271  1883  2064  8.718494%  0.0% 0 27  2271  1883  2064  0.0%  8.718494% 0 27  2271  1883  2064  8.718494%  8.718494%  0.0% 0 27
