  gen  31  125  -1  0.3490944  0.0  164  120  125  10.55137%  0.0% 0 11  164  120  125  0.0%  10.55137% 0 11  164  120  125  10.55137%  10.55137%  0.0% 0 11
  gen  32  127  -1  0.060684085  0.0  2830  1655  117  77.39596%  0.0% 0 7  2830  1655  117  0.0%  77.39596% 0 7  2830  1655  117  77.39596%  77.39596%  0.0% 0 7
  gen  179  1426  -1  0.16920221  0.0  104  64  95  12.904237%  0.0% 0 18  104  64  95  0.0%  12.904237% 0 18  104  64  95  12.904237%  12.904237%  0.0% 0 18
  gen  205  1664  -1  0.19106674  0.0  164  120  125  21.964033%  0.0% 0 11  164  120  125  0.0%  21.964033% 0 11  164  120  125  21.964033%  21.964033%  0.0% 0 11
  gen  245  1883  -1  0.07452756  0.0  2389  2029  2064  13.782215%  0.0% 0 76  2389  2029  2064  0.0%  13.782215% 0 76  2389  2029  2064  13.782215%  13.782215%  0.0% 0 76
  gen  1  9  -1  0.46450067  0.0  200  141  300  26.60152%  0.0% 0 1  200  141  300  0.0%  26.60152% 0 1  200  141  300  26.60152%  26.60152%  0.0% 0 1
  gen  2  16  -1  0.025379658  0.0  124  87  143  100.0%  0.0% 0 2  124  87  143  0.0%  100.0% 0 2  124  87  143  100.0%  100.0%  0.0% 0 2
  gen  3  17  -1  0.55399585  0.0  200  141  300  24.91226%  0.0% 0 1  200  141  300  0.0%  24.91226% 0 1  200  141  300  24.91226%  24.91226%  0.0% 0 1
  gen  25  224  -1  0.1312027  0.0  200  141  300  84.6443%  0.0% 0 1  200  141  300  0.0%  84.6443% 0 1  200  141  300  84.6443%  84.6443%  0.0% 0 1
  gen  26  225  -1  0.13400793  0.0  200  141  300  80.45403%  0.0% 0 1  200  141  300  0.0%  80.45403% 0 1  200  141  300  80.45403%  80.45403%  0.0% 0 1
  gen  1  9  -1  0.30440092  0.0  200  141  300  40.592598%  0.0% 0 1  200  141  300  0.0%  40.592598% 0 1  200  141  300  40.592598%  40.592598%  0.0% 0 1
  gen  3  17  -1  0.38321352  0.0  200  141  300  33.226986%  0.0% 0 1  200  141  300  0.0%  33.226986% 0 1  200  141  300  33.226986%  33.226986%  0.0% 0 1
  gen  31  125  -1  0.3490944  0.0  164  120  125  10.55137%  0.0% 0 11  164  120  125  0.0%  10.55137% 0 11  164  120  125  10.55137%  10.55137%  0.0% 0 11
  gen  32  127  -1  0.060684085  0.0  2830  1655  117  77.39596%  0.0% 0 7  2830  1655  117  0.0%  77.39596% 0 7  2830  1655  117  77.39596%  77.39596%  0.0% 0 7
  gen  179  1426  -1  0.16920221  0.0  104  64  95  12.904237%  0.0% 0 18  104  64  95  0.0%  12.904237% 0 18  104  64  95  12.904237%  12.904237%  0.0% 0 18
  gen  205  1664  -1  0.19106674  0.0  164  120  125  21.964033%  0.0% 0 11  164  120  125  0.0%  21.964033% 0 11  164  120  125  21.964033%  21.964033%  0.0% 0 11
  gen  245  1883  -1  0.07452756  0.0  2389  2029  2064  13.782215%  0.0% 0 76  2389  2029  2064  0.0%  13.782215% 0 76  2389  2029  2064  13.782215%  13.782215%  0.0% 0 76
