  gen  31  125  -1  0.3490944  0.0  173  125  135  5.486106%  0.0% 0 12  173  125  135  0.0%  5.486106% 0 12  173  125  135  5.486106%  5.486106%  0.0% 0 12
  gen  32  127  -1  0.060684085  0.0  198  141  144  39.09872%  0.0% 0 50  198  141  144  0.0%  39.09872% 0 50  198  141  144  39.09872%  39.09872%  0.0% 0 50
  gen  179  1426  -1  0.16920221  0.0  1789  1426  1489  9.557825%  0.0% 0 10  1789  1426  1489  0.0%  9.557825% 0 10  1789  1426  1489  9.557825%  9.557825%  0.0% 0 10
  gen  205  1664  -1  0.19106674  0.0  2841  1775  125  10.981642%  0.0% 0 14  2841  1775  125  0.0%  10.981642% 0 14  2841  1775  125  10.981642%  10.981642%  0.0% 0 14
  gen  245  1883  -1  0.07452756  0.0  2235  1855  2101  10.165912%  0.0% 0 26  2235  1855  2101  0.0%  10.165912% 0 26  2235  1855  2101  10.165912%  10.165912%  0.0% 0 26
  gen  1  9  -1  0.46450067  0.0  363  300  478  16.925386%  0.0% 0 5  363  300  478  0.0%  16.925386% 0 5  363  300  478  16.925386%  16.925386%  0.0% 0 5
  gen  2  16  -1  0.025379658  0.0  363  300  478  100.0%  0.0% 0 5  363  300  478  0.0%  100.0% 0 5  363  300  478  100.0%  100.0%  0.0% 0 5
  gen  3  17  -1  0.55399585  0.0  363  300  478  19.128973%  0.0% 0 5  363  300  478  0.0%  19.128973% 0 5  363  300  478  19.128973%  19.128973%  0.0% 0 5
  gen  25  224  -1  0.1312027  0.0  363  300  478  52.327442%  0.0% 0 5  363  300  478  0.0%  52.327442% 0 5  363  300  478  52.327442%  52.327442%  0.0% 0 5
  gen  26  225  -1  0.13400793  0.0  363  300  478  50.38536%  0.0% 0 5  363  300  478  0.0%  50.38536% 0 5  363  300  478  50.38536%  50.38536%  0.0% 0 5
  gen  1  9  -1  0.30440092  0.0  363  300  478  25.827295%  0.0% 0 5  363  300  478  0.0%  25.827295% 0 5  363  300  478  25.827295%  25.827295%  0.0% 0 5
  gen  3  17  -1  0.38321352  0.0  363  300  478  24.86633%  0.0% 0 5  363  300  478  0.0%  24.86633% 0 5  363  300  478  24.86633%  24.86633%  0.0% 0 5
  gen  31  125  -1  0.3490944  0.0  173  125  135  5.486106%  0.0% 0 12  173  125  135  0.0%  5.486106% 0 12  173  125  135  5.486106%  5.486106%  0.0% 0 12
  gen  32  127  -1  0.060684085  0.0  198  141  144  39.09872%  0.0% 0 50  198  141  144  0.0%  39.09872% 0 50  198  141  144  39.09872%  39.09872%  0.0% 0 50
  gen  179  1426  -1  0.16920221  0.0  1789  1426  1489  9.557825%  0.0% 0 10  1789  1426  1489  0.0%  9.557825% 0 10  1789  1426  1489  9.557825%  9.557825%  0.0% 0 10
  gen  205  1664  -1  0.19106674  0.0  2841  1775  125  10.981642%  0.0% 0 14  2841  1775  125  0.0%  10.981642% 0 14  2841  1775  125  10.981642%  10.981642%  0.0% 0 14
  gen  245  1883  -1  0.07452756  0.0  2235  1855  2101  10.165912%  0.0% 0 26  2235  1855  2101  0.0%  10.165912% 0 26  2235  1855  2101  10.165912%  10.165912%  0.0% 0 26
