  gen  31  125  -1  0.3490944  0.0  2851  1846  135  3.463306%  0.0% 0 33  2851  1846  135  0.0%  3.463306% 0 33  2851  1846  135  3.463306%  3.463306%  0.0% 0 33
  gen  32  127  -1  0.060684085  0.0  178  128  145  24.220173%  0.0% 0 78  178  128  145  0.0%  24.220173% 0 78  178  128  145  24.220173%  24.220173%  0.0% 0 78
  gen  179  1426  -1  0.16920221  0.0  1113  879  1426  4.584707%  0.0% 0 6  1113  879  1426  0.0%  4.584707% 0 6  1113  879  1426  4.584707%  4.584707%  0.0% 0 6
  gen  205  1664  -1  0.19106674  0.0  173  125  135  9.97115%  0.0% 0 12  173  125  135  0.0%  9.97115% 0 12  173  125  135  9.97115%  9.97115%  0.0% 0 12
  gen  245  1883  -1  0.07452756  0.0  2200  1825  2101  9.144369%  0.0% 0 75  2200  1825  2101  0.0%  9.144369% 0 75  2200  1825  2101  9.144369%  9.144369%  0.0% 0 75
  gen  1  9  -1  0.46450067  0.0  288  221  478  6.061623%  0.0% 0 16  288  221  478  0.0%  6.061623% 0 16  288  221  478  6.061623%  6.061623%  0.0% 0 16
  gen  2  16  -1  0.025379658  0.0  449  423  496  100.0%  0.0% 0 14  449  423  496  0.0%  100.0% 0 14  449  423  496  100.0%  100.0%  0.0% 0 14
  gen  3  17  -1  0.55399585  0.0  286  220  471  9.168167%  0.0% 0 34  286  220  471  0.0%  9.168167% 0 34  286  220  471  9.168167%  9.168167%  0.0% 0 34
  gen  25  224  -1  0.1312027  0.0  449  423  496  35.750786%  0.0% 0 14  449  423  496  0.0%  35.750786% 0 14  449  423  496  35.750786%  35.750786%  0.0% 0 14
  gen  26  225  -1  0.13400793  0.0  449  423  496  29.875282%  0.0% 0 14  449  423  496  0.0%  29.875282% 0 14  449  423  496  29.875282%  29.875282%  0.0% 0 14
  gen  1  9  -1  0.30440092  0.0  288  221  478  9.249736%  0.0% 0 16  288  221  478  0.0%  9.249736% 0 16  288  221  478  9.249736%  9.249736%  0.0% 0 16
  gen  3  17  -1  0.38321352  0.0  286  220  471  10.466406%  0.0% 0 34  286  220  471  0.0%  10.466406% 0 34  286  220  471  10.466406%  10.466406%  0.0% 0 34
  gen  31  125  -1  0.3490944  0.0  2851  1846  135  3.463306%  0.0% 0 33  2851  1846  135  0.0%  3.463306% 0 33  2851  1846  135  3.463306%  3.463306%  0.0% 0 33
  gen  32  127  -1  0.060684085  0.0  178  128  145  24.220173%  0.0% 0 78  178  128  145  0.0%  24.220173% 0 78  178  128  145  24.220173%  24.220173%  0.0% 0 78
  gen  179  1426  -1  0.16920221  0.0  1113  879  1426  4.584707%  0.0% 0 6  1113  879  1426  0.0%  4.584707% 0 6  1113  879  1426  4.584707%  4.584707%  0.0% 0 6
  gen  205  1664  -1  0.19106674  0.0  173  125  135  9.97115%  0.0% 0 12  173  125  135  0.0%  9.97115% 0 12  173  125  135  9.97115%  9.97115%  0.0% 0 12
  gen  245  1883  -1  0.07452756  0.0  2200  1825  2101  9.144369%  0.0% 0 75  2200  1825  2101  0.0%  9.144369% 0 75  2200  1825  2101  9.144369%  9.144369%  0.0% 0 75
