  gen  31  125  -1  0.3490944  0.0  212  158  176  13.1500435%  0.0% 0 17  212  158  176  0.0%  13.1500435% 0 17  212  158  176  13.1500435%  13.1500435%  0.0% 0 17
  gen  32  127  -1  0.060684085  0.0  160  117  143  83.33324%  0.0% 0 6  160  117  143  0.0%  83.33324% 0 6  160  117  143  83.33324%  83.33324%  0.0% 0 6
  gen  179  1426  -1  0.16920221  0.0  100  63  96  12.966024%  0.0% 0 1  100  63  96  0.0%  12.966024% 0 1  100  63  96  12.966024%  12.966024%  0.0% 0 1
  gen  205  1664  -1  0.19106674  0.0  212  158  176  23.894922%  0.0% 0 17  212  158  176  0.0%  23.894922% 0 17  212  158  176  23.894922%  23.894922%  0.0% 0 17
  gen  245  1883  -1  0.07452756  0.0  1939  1644  1761  16.018843%  0.0% 0 6  1939  1644  1761  0.0%  16.018843% 0 6  1939  1644  1761  16.018843%  16.018843%  0.0% 0 6
  gen  1  9  -1  0.46450067  0.0  124  87  143  32.24985%  0.0% 0 2  124  87  143  0.0%  32.24985% 0 2  124  87  143  32.24985%  32.24985%  0.0% 0 2
  gen  2  16  -1  0.025379658  0.0  200  141  300  100.0%  0.0% 0 1  200  141  300  0.0%  100.0% 0 1  200  141  300  100.0%  100.0%  0.0% 0 1
  gen  3  17  -1  0.55399585  0.0  124  87  143  29.84343%  0.0% 0 2  124  87  143  0.0%  29.84343% 0 2  124  87  143  29.84343%  29.84343%  0.0% 0 2
  gen  25  224  -1  0.1312027  0.0  124  87  143  100.0%  0.0% 0 2  124  87  143  0.0%  100.0% 0 2  124  87  143  100.0%  100.0%  0.0% 0 2
  gen  26  225  -1  0.13400793  0.0  124  87  143  100.0%  0.0% 0 2  124  87  143  0.0%  100.0% 0 2  124  87  143  100.0%  100.0%  0.0% 0 2
  gen  1  9  -1  0.30440092  0.0  124  87  143  49.21167%  0.0% 0 2  124  87  143  0.0%  49.21167% 0 2  124  87  143  49.21167%  49.21167%  0.0% 0 2
  gen  3  17  -1  0.38321352  0.0  124  87  143  40.355774%  0.0% 0 2  124  87  143  0.0%  40.355774% 0 2  124  87  143  40.355774%  40.355774%  0.0% 0 2
  gen  31  125  -1  0.3490944  0.0  212  158  176  13.1500435%  0.0% 0 17  212  158  176  0.0%  13.1500435% 0 17  212  158  176  13.1500435%  13.1500435%  0.0% 0 17
  gen  32  127  -1  0.060684085  0.0  160  117  143  83.33324%  0.0% 0 6  160  117  143  0.0%  83.33324% 0 6  160  117  143  83.33324%  83.33324%  0.0% 0 6
  gen  179  1426  -1  0.16920221  0.0  100  63  96  12.966024%  0.0% 0 1  100  63  96  0.0%  12.966024% 0 1  100  63  96  12.966024%  12.966024%  0.0% 0 1
  gen  205  1664  -1  0.19106674  0.0  212  158  176  23.894922%  0.0% 0 17  212  158  176  0.0%  23.894922% 0 17  212  158  176  23.894922%  23.894922%  0.0% 0 17
  gen  245  1883  -1  0.07452756  0.0  1939  1644  1761  16.018843%  0.0% 0 6  1939  1644  1761  0.0%  16.018843% 0 6  1939  1644  1761  16.018843%  16.018843%  0.0% 0 6
