  branch  14  6  31  0.4631257  0.0  55  29  48  6.0968137%  0.0% 0 7  55  29  48  0.0%  6.0968137% 0 7  55  29  48  6.0968137%  6.0968137%  0.0% 0 7
  branch  109  67  138  0.6524428  0.0  2349  1966  2090  6.3982716%  0.0% 0 10  2349  1966  2090  0.0%  6.3982716% 0 10  2349  1966  2090  6.3982716%  6.3982716%  0.0% 0 10
  branch  159  117  140  0.045750976  0.0  2839  1761  124  73.92721%  0.0% 0 4  2839  1761  124  0.0%  73.92721% 0 4  2839  1761  124  73.92721%  73.92721%  0.0% 0 4
  branch  170  123  144  0.4478147  0.0  198  141  144  4.30473%  0.0% 0 49  198  141  144  0.0%  4.30473% 0 49  198  141  144  4.30473%  4.30473%  0.0% 0 49
  branch  418  294  346  0.030017972  0.0  504  357  509  66.30025%  0.0% 0 28  504  357  509  0.0%  66.30025% 0 28  504  357  509  66.30025%  66.30025%  0.0% 0 28
  branch  2019  1682  1683  0.038828373  0.0  2839  1761  124  71.517525%  0.0% 0 4  2839  1761  124  0.0%  71.517525% 0 4  2839  1761  124  71.517525%  71.517525%  0.0% 0 4
  branch  2020  1682  2029  0.07323778  0.0  2839  1761  124  36.100967%  0.0% 0 4  2839  1761  124  0.0%  36.100967% 0 4  2839  1761  124  36.100967%  36.100967%  0.0% 0 4
  branch  2270  1882  2333  0.021264672  0.0  2271  1883  2064  29.57602%  0.0% 0 35  2271  1883  2064  0.0%  29.57602% 0 35  2271  1883  2064  29.57602%  29.57602%  0.0% 0 35
  branch  2271  1883  2064  0.084552884  0.0  2839  1761  124  30.75382%  0.0% 0 4  2839  1761  124  0.0%  30.75382% 0 4  2839  1761  124  30.75382%  30.75382%  0.0% 0 4
  branch  2389  2029  2064  0.08459544  0.0  2839  1761  124  30.733698%  0.0% 0 4  2839  1761  124  0.0%  30.733698% 0 4  2839  1761  124  30.733698%  30.733698%  0.0% 0 4
  branch  2579  2197  2274  0.024328351  0.0  2271  1883  2064  25.70352%  0.0% 0 35  2271  1883  2064  0.0%  25.70352% 0 35  2271  1883  2064  25.70352%  25.70352%  0.0% 0 35
  branch  2811  1384  92  0.15951085  0.0  107  66  68  1.4591869%  0.0% 0 6  107  66  68  0.0%  1.4591869% 0 6  107  66  68  1.4591869%  1.4591869%  0.0% 0 6
  branch  8  5  316  0.13706994  0.0  363  300  478  41.050037%  0.0% 0 5  363  300  478  0.0%  41.050037% 0 5  363  300  478  41.050037%  41.050037%  0.0% 0 5
  branch  9  5  401  0.15424776  0.0  363  300  478  37.02304%  0.0% 0 5  363  300  478  0.0%  37.02304% 0 5  363  300  478  37.02304%  37.02304%  0.0% 0 5
  branch  63  37  76  0.2743125  0.0  286  220  471  15.758203%  0.0% 0 31  286  220  471  0.0%  15.758203% 0 31  286  220  471  15.758203%  15.758203%  0.0% 0 31
  branch  64  37  176  0.27339244  0.0  286  220  471  15.8145485%  0.0% 0 31  286  220  471  0.0%  15.8145485% 0 31  286  220  471  15.8145485%  15.8145485%  0.0% 0 31
  branch  112  76  452  0.3218782  0.0  286  220  471  13.33753%  0.0% 0 31  286  220  471  0.0%  13.33753% 0 31  286  220  471  13.33753%  13.33753%  0.0% 0 31
  branch  124  87  143  0.49243093  0.0  123  87  141  14.723699%  0.0% 0 12  123  87  141  0.0%  14.723699% 0 12  123  87  141  14.723699%  14.723699%  0.0% 0 12
  branch  157  110  316  0.116928816  0.0  363  300  478  47.33573%  0.0% 0 5  363  300  478  0.0%  47.33573% 0 5  363  300  478  47.33573%  47.33573%  0.0% 0 5
  branch  202  143  401  0.69841146  0.0  363  300  478  16.577158%  0.0% 0 5  363  300  478  0.0%  16.577158% 0 5  363  300  478  16.577158%  16.577158%  0.0% 0 5
  branch  203  143  452  0.39809108  0.0  286  220  471  10.659904%  0.0% 0 31  286  220  471  0.0%  10.659904% 0 31  286  220  471  10.659904%  10.659904%  0.0% 0 31
  branch  449  423  496  0.9830153  0.0  286  220  471  2.223346%  0.0% 0 39  286  220  471  0.0%  2.223346% 0 39  286  220  471  2.223346%  2.223346%  0.0% 0 39
  branch  63  37  76  0.11421275  0.0  286  220  471  37.84754%  0.0% 0 31  286  220  471  0.0%  37.84754% 0 31  286  220  471  37.84754%  37.84754%  0.0% 0 31
  branch  64  37  176  0.113292694  0.0  286  220  471  38.162903%  0.0% 0 31  286  220  471  0.0%  38.162903% 0 31  286  220  471  38.162903%  38.162903%  0.0% 0 31
  branch  112  76  452  0.16177845  0.0  286  220  471  26.536665%  0.0% 0 31  286  220  471  0.0%  26.536665% 0 31  286  220  471  26.536665%  26.536665%  0.0% 0 31
  branch  124  87  143  0.33233118  0.0  123  87  141  21.816805%  0.0% 0 12  123  87  141  0.0%  21.816805% 0 12  123  87  141  21.816805%  21.816805%  0.0% 0 12
  branch  202  143  401  0.46721935  0.0  363  300  478  15.327353%  0.0% 0 5  363  300  478  0.0%  15.327353% 0 5  363  300  478  15.327353%  15.327353%  0.0% 0 5
  branch  203  143  452  0.23799133  0.0  286  220  471  17.830954%  0.0% 0 31  286  220  471  0.0%  17.830954% 0 31  286  220  471  17.830954%  17.830954%  0.0% 0 31
  branch  449  423  496  0.82291555  0.0  286  220  471  2.6559021%  0.0% 0 39  286  220  471  0.0%  2.6559021% 0 39  286  220  471  2.6559021%  2.6559021%  0.0% 0 39
  branch  14  6  31  0.4631257  0.0  55  29  48  6.0968137%  0.0% 0 7  55  29  48  0.0%  6.0968137% 0 7  55  29  48  6.0968137%  6.0968137%  0.0% 0 7
  branch  109  67  138  0.6524428  0.0  2349  1966  2090  6.3982716%  0.0% 0 10  2349  1966  2090  0.0%  6.3982716% 0 10  2349  1966  2090  6.3982716%  6.3982716%  0.0% 0 10
  branch  159  117  140  0.045750976  0.0  2839  1761  124  73.92721%  0.0% 0 4  2839  1761  124  0.0%  73.92721% 0 4  2839  1761  124  73.92721%  73.92721%  0.0% 0 4
  branch  170  123  144  0.4478147  0.0  198  141  144  4.30473%  0.0% 0 49  198  141  144  0.0%  4.30473% 0 49  198  141  144  4.30473%  4.30473%  0.0% 0 49
  branch  418  294  346  0.030017972  0.0  504  357  509  66.30025%  0.0% 0 28  504  357  509  0.0%  66.30025% 0 28  504  357  509  66.30025%  66.30025%  0.0% 0 28
  branch  2019  1682  1683  0.038828373  0.0  2839  1761  124  71.517525%  0.0% 0 4  2839  1761  124  0.0%  71.517525% 0 4  2839  1761  124  71.517525%  71.517525%  0.0% 0 4
  branch  2020  1682  2029  0.07323778  0.0  2839  1761  124  36.100967%  0.0% 0 4  2839  1761  124  0.0%  36.100967% 0 4  2839  1761  124  36.100967%  36.100967%  0.0% 0 4
  branch  2270  1882  2333  0.021264672  0.0  2271  1883  2064  29.57602%  0.0% 0 35  2271  1883  2064  0.0%  29.57602% 0 35  2271  1883  2064  29.57602%  29.57602%  0.0% 0 35
  branch  2271  1883  2064  0.084552884  0.0  2839  1761  124  30.75382%  0.0% 0 4  2839  1761  124  0.0%  30.75382% 0 4  2839  1761  124  30.75382%  30.75382%  0.0% 0 4
  branch  2389  2029  2064  0.08459544  0.0  2839  1761  124  30.733698%  0.0% 0 4  2839  1761  124  0.0%  30.733698% 0 4  2839  1761  124  30.733698%  30.733698%  0.0% 0 4
  branch  2579  2197  2274  0.024328351  0.0  2271  1883  2064  25.70352%  0.0% 0 35  2271  1883  2064  0.0%  25.70352% 0 35  2271  1883  2064  25.70352%  25.70352%  0.0% 0 35
  branch  2811  1384  92  0.15951085  0.0  107  66  68  1.4591869%  0.0% 0 6  107  66  68  0.0%  1.4591869% 0 6  107  66  68  1.4591869%  1.4591869%  0.0% 0 6
