  branch  14  6  31  0.4631257  0.0  19  7  29  28.791294%  0.0% 0 3  19  7  29  0.0%  28.791294% 0 3  19  7  29  28.791294%  28.791294%  0.0% 0 3
  branch  109  67  138  0.6524428  0.0  2867  2090  152  12.809335%  0.0% 0 2  2867  2090  152  0.0%  12.809335% 0 2  2867  2090  152  12.809335%  12.809335%  0.0% 0 2
  branch  159  117  140  0.045750976  0.0  2356  1971  2047  100.0%  0.0% 0 17  2356  1971  2047  0.0%  100.0% 0 17  2356  1971  2047  100.0%  100.0%  0.0% 0 17
  branch  170  123  144  0.4478147  0.0  160  117  143  23.20613%  0.0% 0 6  160  117  143  0.0%  23.20613% 0 6  160  117  143  23.20613%  23.20613%  0.0% 0 6
  branch  418  294  346  0.030017972  0.0  448  314  381  100.0%  0.0% 0 11  448  314  381  0.0%  100.0% 0 11  448  314  381  100.0%  100.0%  0.0% 0 11
  branch  2019  1682  1683  0.038828373  0.0  1940  1644  1971  100.0%  0.0% 0 6  1940  1644  1971  0.0%  100.0% 0 6  1940  1644  1971  100.0%  100.0%  0.0% 0 6
  branch  2020  1682  2029  0.07323778  0.0  2356  1971  2047  80.39758%  0.0% 0 16  2356  1971  2047  0.0%  80.39758% 0 16  2356  1971  2047  80.39758%  80.39758%  0.0% 0 16
  branch  2270  1882  2333  0.021264672  0.0  2389  2029  2064  46.742645%  0.0% 0 87  2389  2029  2064  0.0%  46.742645% 0 87  2389  2029  2064  46.742645%  46.742645%  0.0% 0 87
  branch  2271  1883  2064  0.084552884  0.0  2356  1971  2047  70.85612%  0.0% 0 16  2356  1971  2047  0.0%  70.85612% 0 16  2356  1971  2047  70.85612%  70.85612%  0.0% 0 16
  branch  2389  2029  2064  0.08459544  0.0  2356  1971  2047  70.81399%  0.0% 0 16  2356  1971  2047  0.0%  70.81399% 0 16  2356  1971  2047  70.81399%  70.81399%  0.0% 0 16
  branch  2579  2197  2274  0.024328351  0.0  2389  2029  2064  40.497158%  0.0% 0 87  2389  2029  2064  0.0%  40.497158% 0 87  2389  2029  2064  40.497158%  40.497158%  0.0% 0 87
  branch  2811  1384  92  0.15951085  0.0  110  68  78  3.1725452%  0.0% 0 1  110  68  78  0.0%  3.1725452% 0 1  110  68  78  3.1725452%  3.1725452%  0.0% 0 1
  branch  8  5  316  0.13706994  0.0  124  87  143  83.57595%  0.0% 0 2  124  87  143  0.0%  83.57595% 0 2  124  87  143  83.57595%  83.57595%  0.0% 0 2
  branch  9  5  401  0.15424776  0.0  124  87  143  74.7234%  0.0% 0 2  124  87  143  0.0%  74.7234% 0 2  124  87  143  74.7234%  74.7234%  0.0% 0 2
  branch  63  37  76  0.2743125  0.0  124  87  143  28.476381%  0.0% 0 2  124  87  143  0.0%  28.476381% 0 2  124  87  143  28.476381%  28.476381%  0.0% 0 2
  branch  64  37  176  0.27339244  0.0  124  87  143  28.567678%  0.0% 0 2  124  87  143  0.0%  28.567678% 0 2  124  87  143  28.567678%  28.567678%  0.0% 0 2
  branch  112  76  452  0.3218782  0.0  124  87  143  24.641293%  0.0% 0 2  124  87  143  0.0%  24.641293% 0 2  124  87  143  24.641293%  24.641293%  0.0% 0 2
  branch  124  87  143  0.49243093  0.0  204  143  496  16.34246%  0.0% 0 1  204  143  496  0.0%  16.34246% 0 1  204  143  496  16.34246%  16.34246%  0.0% 0 1
  branch  157  110  316  0.116928816  0.0  124  87  143  97.52669%  0.0% 0 2  124  87  143  0.0%  97.52669% 0 2  124  87  143  97.52669%  97.52669%  0.0% 0 2
  branch  202  143  401  0.69841146  0.0  124  87  143  28.619081%  0.0% 0 2  124  87  143  0.0%  28.619081% 0 2  124  87  143  28.619081%  28.619081%  0.0% 0 2
  branch  203  143  452  0.39809108  0.0  124  87  143  20.228962%  0.0% 0 2  124  87  143  0.0%  20.228962% 0 2  124  87  143  20.228962%  20.228962%  0.0% 0 2
  branch  449  423  496  0.9830153  0.0  123  87  141  9.399949%  0.0% 0 9  123  87  141  0.0%  9.399949% 0 9  123  87  141  9.399949%  9.399949%  0.0% 0 9
  branch  63  37  76  0.11421275  0.0  124  87  143  68.393654%  0.0% 0 2  124  87  143  0.0%  68.393654% 0 2  124  87  143  68.393654%  68.393654%  0.0% 0 2
  branch  64  37  176  0.113292694  0.0  124  87  143  68.93813%  0.0% 0 2  124  87  143  0.0%  68.93813% 0 2  124  87  143  68.93813%  68.93813%  0.0% 0 2
  branch  112  76  452  0.16177845  0.0  124  87  143  49.02689%  0.0% 0 2  124  87  143  0.0%  49.02689% 0 2  124  87  143  49.02689%  49.02689%  0.0% 0 2
  branch  124  87  143  0.33233118  0.0  204  143  496  24.215403%  0.0% 0 1  204  143  496  0.0%  24.215403% 0 1  204  143  496  24.215403%  24.215403%  0.0% 0 1
  branch  202  143  401  0.46721935  0.0  124  87  143  27.564474%  0.0% 0 2  124  87  143  0.0%  27.564474% 0 2  124  87  143  27.564474%  27.564474%  0.0% 0 2
  branch  203  143  452  0.23799133  0.0  124  87  143  33.837234%  0.0% 0 2  124  87  143  0.0%  33.837234% 0 2  124  87  143  33.837234%  33.837234%  0.0% 0 2
  branch  449  423  496  0.82291555  0.0  123  87  141  11.228726%  0.0% 0 9  123  87  141  0.0%  11.228726% 0 9  123  87  141  11.228726%  11.228726%  0.0% 0 9
  branch  14  6  31  0.4631257  0.0  19  7  29  28.791294%  0.0% 0 3  19  7  29  0.0%  28.791294% 0 3  19  7  29  28.791294%  28.791294%  0.0% 0 3
  branch  109  67  138  0.6524428  0.0  2867  2090  152  12.809335%  0.0% 0 2  2867  2090  152  0.0%  12.809335% 0 2  2867  2090  152  12.809335%  12.809335%  0.0% 0 2
  branch  159  117  140  0.045750976  0.0  2356  1971  2047  100.0%  0.0% 0 17  2356  1971  2047  0.0%  100.0% 0 17  2356  1971  2047  100.0%  100.0%  0.0% 0 17
  branch  170  123  144  0.4478147  0.0  160  117  143  23.20613%  0.0% 0 6  160  117  143  0.0%  23.20613% 0 6  160  117  143  23.20613%  23.20613%  0.0% 0 6
  branch  418  294  346  0.030017972  0.0  448  314  381  100.0%  0.0% 0 11  448  314  381  0.0%  100.0% 0 11  448  314  381  100.0%  100.0%  0.0% 0 11
  branch  2019  1682  1683  0.038828373  0.0  1940  1644  1971  100.0%  0.0% 0 6  1940  1644  1971  0.0%  100.0% 0 6  1940  1644  1971  100.0%  100.0%  0.0% 0 6
  branch  2020  1682  2029  0.07323778  0.0  2356  1971  2047  80.39758%  0.0% 0 16  2356  1971  2047  0.0%  80.39758% 0 16  2356  1971  2047  80.39758%  80.39758%  0.0% 0 16
  branch  2270  1882  2333  0.021264672  0.0  2389  2029  2064  46.742645%  0.0% 0 87  2389  2029  2064  0.0%  46.742645% 0 87  2389  2029  2064  46.742645%  46.742645%  0.0% 0 87
  branch  2271  1883  2064  0.084552884  0.0  2356  1971  2047  70.85612%  0.0% 0 16  2356  1971  2047  0.0%  70.85612% 0 16  2356  1971  2047  70.85612%  70.85612%  0.0% 0 16
  branch  2389  2029  2064  0.08459544  0.0  2356  1971  2047  70.81399%  0.0% 0 16  2356  1971  2047  0.0%  70.81399% 0 16  2356  1971  2047  70.81399%  70.81399%  0.0% 0 16
  branch  2579  2197  2274  0.024328351  0.0  2389  2029  2064  40.497158%  0.0% 0 87  2389  2029  2064  0.0%  40.497158% 0 87  2389  2029  2064  40.497158%  40.497158%  0.0% 0 87
  branch  2811  1384  92  0.15951085  0.0  110  68  78  3.1725452%  0.0% 0 1  110  68  78  0.0%  3.1725452% 0 1  110  68  78  3.1725452%  3.1725452%  0.0% 0 1
