  branch  14  6  31  0.4631257  0.0  57  30  49  5.6855893%  0.0% 0 23  57  30  49  0.0%  5.6855893% 0 23  57  30  49  5.6855893%  5.6855893%  0.0% 0 23
  branch  109  67  138  0.6524428  0.0  186  132  148  2.4966533%  0.0% 0 20  186  132  148  0.0%  2.4966533% 0 20  186  132  148  2.4966533%  2.4966533%  0.0% 0 20
  branch  159  117  140  0.045750976  0.0  2895  1763  1761  27.57962%  0.0% 0 5  2895  1763  1761  0.0%  27.57962% 0 5  2895  1763  1761  27.57962%  27.57962%  0.0% 0 5
  branch  170  123  144  0.4478147  0.0  151  111  123  2.9407098%  0.0% 0 11  151  111  123  0.0%  2.9407098% 0 11  151  111  123  2.9407098%  2.9407098%  0.0% 0 11
  branch  418  294  346  0.030017972  0.0  533  387  415  59.483574%  0.0% 0 61  533  387  415  0.0%  59.483574% 0 61  533  387  415  59.483574%  59.483574%  0.0% 0 61
  branch  2019  1682  1683  0.038828373  0.0  2895  1763  1761  31.359526%  0.0% 0 5  2895  1763  1761  0.0%  31.359526% 0 5  2895  1763  1761  31.359526%  31.359526%  0.0% 0 5
  branch  2020  1682  2029  0.07323778  0.0  2895  1763  1761  16.218262%  0.0% 0 5  2895  1763  1761  0.0%  16.218262% 0 5  2895  1763  1761  16.218262%  16.218262%  0.0% 0 5
  branch  2270  1882  2333  0.021264672  0.0  2136  1761  1883  23.69591%  0.0% 0 34  2136  1761  1883  0.0%  23.69591% 0 34  2136  1761  1883  23.69591%  23.69591%  0.0% 0 34
  branch  2271  1883  2064  0.084552884  0.0  2895  1763  1761  13.930162%  0.0% 0 5  2895  1763  1761  0.0%  13.930162% 0 5  2895  1763  1761  13.930162%  13.930162%  0.0% 0 5
  branch  2389  2029  2064  0.08459544  0.0  2895  1763  1761  13.87468%  0.0% 0 5  2895  1763  1761  0.0%  13.87468% 0 5  2895  1763  1761  13.87468%  13.87468%  0.0% 0 5
  branch  2579  2197  2274  0.024328351  0.0  2136  1761  1883  20.443844%  0.0% 0 34  2136  1761  1883  0.0%  20.443844% 0 34  2136  1761  1883  20.443844%  20.443844%  0.0% 0 34
  branch  2811  1384  92  0.15951085  0.0  90  60  104  0.7541436%  0.0% 0 32  90  60  104  0.0%  0.7541436% 0 32  90  60  104  0.7541436%  0.7541436%  0.0% 0 32
  branch  8  5  316  0.13706994  0.0  449  423  496  18.395306%  0.0% 0 13  449  423  496  0.0%  18.395306% 0 13  449  423  496  18.395306%  18.395306%  0.0% 0 13
  branch  9  5  401  0.15424776  0.0  288  221  478  12.193606%  0.0% 0 15  288  221  478  0.0%  12.193606% 0 15  288  221  478  12.193606%  12.193606%  0.0% 0 15
  branch  63  37  76  0.2743125  0.0  363  300  478  13.679284%  0.0% 0 5  363  300  478  0.0%  13.679284% 0 5  363  300  478  13.679284%  13.679284%  0.0% 0 5
  branch  64  37  176  0.27339244  0.0  363  300  478  13.713983%  0.0% 0 5  363  300  478  0.0%  13.713983% 0 5  363  300  478  13.713983%  13.713983%  0.0% 0 5
  branch  112  76  452  0.3218782  0.0  363  300  478  11.978846%  0.0% 0 5  363  300  478  0.0%  11.978846% 0 5  363  300  478  11.978846%  11.978846%  0.0% 0 5
  branch  124  87  143  0.49243093  0.0  200  141  300  5.6270804%  0.0% 0 15  200  141  300  0.0%  5.6270804% 0 15  200  141  300  5.6270804%  5.6270804%  0.0% 0 15
  branch  157  110  316  0.116928816  0.0  449  423  496  34.5634%  0.0% 0 13  449  423  496  0.0%  34.5634% 0 13  449  423  496  34.5634%  34.5634%  0.0% 0 13
  branch  202  143  401  0.69841146  0.0  288  221  478  6.0370045%  0.0% 0 15  288  221  478  0.0%  6.0370045% 0 15  288  221  478  6.0370045%  6.0370045%  0.0% 0 15
  branch  203  143  452  0.39809108  0.0  363  300  478  10.096454%  0.0% 0 5  363  300  478  0.0%  10.096454% 0 5  363  300  478  10.096454%  10.096454%  0.0% 0 5
  branch  449  423  496  0.9830153  0.0  363  300  478  1.1243577%  0.0% 0 18  363  300  478  0.0%  1.1243577% 0 18  363  300  478  1.1243577%  1.1243577%  0.0% 0 18
  branch  63  37  76  0.11421275  0.0  363  300  478  32.85446%  0.0% 0 5  363  300  478  0.0%  32.85446% 0 5  363  300  478  32.85446%  32.85446%  0.0% 0 5
  branch  64  37  176  0.113292694  0.0  363  300  478  33.093918%  0.0% 0 5  363  300  478  0.0%  33.093918% 0 5  363  300  478  33.093918%  33.093918%  0.0% 0 5
  branch  112  76  452  0.16177845  0.0  363  300  478  23.833391%  0.0% 0 5  363  300  478  0.0%  23.833391% 0 5  363  300  478  23.833391%  23.833391%  0.0% 0 5
  branch  124  87  143  0.33233118  0.0  200  141  300  8.337913%  0.0% 0 15  200  141  300  0.0%  8.337913% 0 15  200  141  300  8.337913%  8.337913%  0.0% 0 15
  branch  202  143  401  0.46721935  0.0  288  221  478  5.633222%  0.0% 0 15  288  221  478  0.0%  5.633222% 0 15  288  221  478  5.633222%  5.633222%  0.0% 0 15
  branch  203  143  452  0.23799133  0.0  363  300  478  16.888464%  0.0% 0 5  363  300  478  0.0%  16.888464% 0 5  363  300  478  16.888464%  16.888464%  0.0% 0 5
  branch  449  423  496  0.82291555  0.0  363  300  478  1.3431036%  0.0% 0 18  363  300  478  0.0%  1.3431036% 0 18  363  300  478  1.3431036%  1.3431036%  0.0% 0 18
  branch  14  6  31  0.4631257  0.0  57  30  49  5.6855893%  0.0% 0 23  57  30  49  0.0%  5.6855893% 0 23  57  30  49  5.6855893%  5.6855893%  0.0% 0 23
  branch  109  67  138  0.6524428  0.0  186  132  148  2.4966533%  0.0% 0 20  186  132  148  0.0%  2.4966533% 0 20  186  132  148  2.4966533%  2.4966533%  0.0% 0 20
  branch  159  117  140  0.045750976  0.0  2895  1763  1761  27.57962%  0.0% 0 5  2895  1763  1761  0.0%  27.57962% 0 5  2895  1763  1761  27.57962%  27.57962%  0.0% 0 5
  branch  170  123  144  0.4478147  0.0  151  111  123  2.9407098%  0.0% 0 11  151  111  123  0.0%  2.9407098% 0 11  151  111  123  2.9407098%  2.9407098%  0.0% 0 11
  branch  418  294  346  0.030017972  0.0  533  387  415  59.483574%  0.0% 0 61  533  387  415  0.0%  59.483574% 0 61  533  387  415  59.483574%  59.483574%  0.0% 0 61
  branch  2019  1682  1683  0.038828373  0.0  2895  1763  1761  31.359526%  0.0% 0 5  2895  1763  1761  0.0%  31.359526% 0 5  2895  1763  1761  31.359526%  31.359526%  0.0% 0 5
  branch  2020  1682  2029  0.07323778  0.0  2895  1763  1761  16.218262%  0.0% 0 5  2895  1763  1761  0.0%  16.218262% 0 5  2895  1763  1761  16.218262%  16.218262%  0.0% 0 5
  branch  2270  1882  2333  0.021264672  0.0  2136  1761  1883  23.69591%  0.0% 0 34  2136  1761  1883  0.0%  23.69591% 0 34  2136  1761  1883  23.69591%  23.69591%  0.0% 0 34
  branch  2271  1883  2064  0.084552884  0.0  2895  1763  1761  13.930162%  0.0% 0 5  2895  1763  1761  0.0%  13.930162% 0 5  2895  1763  1761  13.930162%  13.930162%  0.0% 0 5
  branch  2389  2029  2064  0.08459544  0.0  2895  1763  1761  13.87468%  0.0% 0 5  2895  1763  1761  0.0%  13.87468% 0 5  2895  1763  1761  13.87468%  13.87468%  0.0% 0 5
  branch  2579  2197  2274  0.024328351  0.0  2136  1761  1883  20.443844%  0.0% 0 34  2136  1761  1883  0.0%  20.443844% 0 34  2136  1761  1883  20.443844%  20.443844%  0.0% 0 34
  branch  2811  1384  92  0.15951085  0.0  90  60  104  0.7541436%  0.0% 0 32  90  60  104  0.0%  0.7541436% 0 32  90  60  104  0.7541436%  0.7541436%  0.0% 0 32
