16.095533
-13.929444
73.228891
45.271531
57.983664
50.821801
-236.522012
-27.559679
6.018031
-75.478899
64.485524
-22.603965
-63.284870
-41.191461
-95.290607
-118.781228
-138.688556
-162.179178
-233.979163
-3.926814
-277.033593
-306.710622
-259.516874
-315.000000
105.776934
-188.592411
-188.592411
236.522012
-298.048005
46.046672
-161.111954
-136.936051
-39.784503
-39.784503
-14.421351
-14.421351
-41.615578
-41.615578
-163.063949
-6.975371
12.043887
-8.424420
69.072646
42.020703
54.265740
35.274454
-238.964244
-29.665240
-0.999757
-78.762157
142.741205
-18.438274
1.944279
-98.046721
-91.374892
-138.084047
-131.412218
-236.130767
89.436824
-312.223934
-397.457176
-315.000000
-2.450266
-231.107800
-231.107800
238.964244
-295.939078
31.353316
-164.254589
-138.659860
-49.562270
-49.562270
-21.765928
-21.765928
-48.784701
-48.784701
-161.340140
16.085916
-13.545679
76.728634
45.914721
60.099283
50.746226
-243.127854
-27.651689
5.563393
-77.914904
157.500000
-14.875922
8.341658
-95.173335
-66.234715
-140.779487
-111.840867
-235.952822
127.413703
-305.489285
-410.901294
-315.000000
153.797840
-178.037141
-178.037141
243.127854
-268.299970
78.939844
-125.163931
-143.136039
-100.394839
-100.394839
0.672879
0.672879
-24.959770
-24.959770
-156.863961
-106.310120
147.250511
-106.310120
