16.426508
-14.822838
73.143933
45.031536
57.907256
51.978969
-238.572575
-27.799674
5.933074
-75.555307
99.746220
15.016858
-45.763939
-23.451696
-94.367819
-101.265911
-138.195622
-145.093713
-232.563441
26.101455
-272.461079
-318.179937
-247.625255
-313.584278
143.252207
-175.842426
-175.842426
238.572575
-298.297864
77.422848
-161.328082
-136.969782
-39.892567
-39.892567
1.266737
1.266737
-25.927490
-25.927490
-163.030218
17.504003
14.691522
-14.136060
71.489272
42.514999
55.771701
46.672947
-218.453555
-29.170943
1.416870
-77.256196
159.379625
-10.927632
11.072058
-90.111037
-79.907144
-133.324896
-123.121003
-223.435933
102.559917
-305.588063
-397.298914
-302.305166
27.887357
-231.925107
-231.925107
218.453555
-318.783837
25.023574
-162.840647
-138.439187
-48.855299
-48.855299
-24.930799
-24.930799
-51.949572
-51.949572
-161.560813
15.776752
-13.107697
75.952440
45.471827
59.585635
49.073514
-241.017160
-28.094584
4.787199
-78.428552
156.045322
-15.519488
7.530547
-93.655067
-70.512154
-138.932111
-115.789198
-232.587178
122.431961
-308.733313
-411.769643
-311.634356
152.701273
-178.283161
-178.283161
241.017160
-268.272321
57.802109
-125.170200
-143.102121
-100.165778
-100.165778
-9.895988
-9.895988
-35.528638
-35.528638
-156.897879
-131.560233
146.786120
-131.560233
