15.800000
15.800000
76.000000
76.000000
15.800000
15.800000
76.000000
76.000000
25.000000
36.022283
100.000000
68.950000
68.950000
68.950000
0.000000
2.400000
2.400000
2.400000
2.400000
2.400000
86.274892
54.250000
400.000000
400.000000
50.000000
50.000000
50.000000
50.000000
50.000000
50.000000
155.000000
155.000000
350.000000
15.800000
15.800000
76.000000
76.000000
15.800000
15.800000
76.000000
76.000000
100.000000
100.000000
64.512877
68.950000
68.950000
68.950000
0.000000
2.400000
2.400000
2.400000
2.400000
2.400000
155.000000
155.000000
400.000000
400.000000
50.000000
50.000000
50.000000
50.000000
50.000000
50.000000
155.000000
155.000000
350.000000
15.800000
15.800000
76.000000
76.000000
15.800000
15.800000
76.000000
76.000000
100.000000
100.000000
82.605974
68.950000
68.950000
68.950000
0.000000
2.400000
2.400000
2.400000
2.400000
2.400000
155.000000
69.864485
400.000000
400.000000
50.000000
50.000000
50.000000
50.000000
50.000000
50.000000
155.000000
155.000000
350.000000
