  10  1  4.0
  16  1  7.2
  17  1  9.819324
  18  1  2.9453986
  29  1  2.3034303
  30  1  2.3120785
  31  1  10.0
  41  1  1.8038647
  42  1  2.7270536
  43  1  4.1
  44  1  4.1
  45  1  0.42200002
  63  1  6.205797
  64  1  4.5
  67  1  4.902522
  83  1  2.25
  84  1  1.6125606
  85  1  0.4154591
  86  1  0.4154591
  93  1  1.2
  95  1  1.1
  97  1  0.876
  103  1  1.6463772
  104  1  1.6125606
  105  1  3.0643482
  109  1  2.3038647
  110  1  2.4019325
  111  1  3.305797
  123  1  0.99212563
  124  1  1.25
  127  1  5.6251206
  131  1  6.061735
  132  1  2.1315758
  139  1  5.803865
  140  1  1.8038647
  176  1  5.803865
  177  1  2.0
  180  1  0.0
  181  1  1.75
  182  1  3.0603073
  184  1  0.0
  185  1  0.0
  186  1  0.0
  192  1  0.95
  196  1  0.008607729
  198  1  0.008
  205  1  0.15
  213  1  0.11
  264  1  0.025
  269  1  0.06
  277  1  0.7
  278  1  0.6
  279  1  0.6
  281  1  1.2
  282  1  0.4
  289  1  0.025
  294  1  0.02
  314  1  0.015
  328  1  0.44
  329  1  0.44
  330  1  0.44
  331  1  0.43
  334  1  0.015
  346  1  1.5586957
  347  1  0.1
  359  1  0.015
  365  1  0.051
  382  1  0.08
  383  1  0.08
  385  1  0.06
  390  1  0.045
  395  1  0.1
  404  1  0.03
  426  1  0.032
  444  1  0.01
  451  1  0.045
  482  1  0.009509662
  492  1  0.02
  493  1  2.2866611
  494  1  2.34
  514  1  1.15
  515  1  1.15
  525  1  0.06
  536  1  0.06
  537  1  0.035
  556  1  0.027
  580  1  0.016
  584  1  0.027
  585  1  0.04
  607  1  0.008
  612  1  2.0
  613  1  2.0
  615  1  0.0139999995
  623  1  0.076
  639  1  0.096
  651  1  0.047
  654  1  0.0139999995
  664  1  0.062
  670  1  0.027
  674  1  0.01
  688  1  2.02
  692  1  0.0139999995
  699  1  0.038
  712  1  0.012
  730  1  0.069
  732  1  0.011
  735  1  0.040999997
  740  1  0.04
  744  1  1.34
  754  1  0.8
  755  1  2.2057972
  760  1  0.031
  766  1  0.021
  784  1  0.0069999998
  790  1  0.498
  795  1  0.0189
  798  1  0.0299
  814  1  0.44919997
  834  1  0.23618363
  878  1  0.0299
  884  1  0.023723187
  892  1  0.31870002
  895  1  0.08518696
  901  1  0.0368
  910  1  0.0458
  911  1  2.8173914
  912  1  2.8173914
  914  1  0.1514546
  917  1  0.0209
  919  1  0.20831256
  920  1  0.018919325
  929  1  0.6060164
  959  1  0.023723187
  968  1  0.0067057973
  993  1  0.03783865
  994  1  0.018919325
  995  1  0.21545908
  996  1  0.30386478
  997  1  0.20579715
  1004  1  0.04074058
  1024  1  0.001
  1027  1  0.23683962
  1028  1  0.0299
  1029  1  0.249
  1053  1  0.5976
  1054  1  0.2988
  1105  1  0.0757773
  1106  1  0.21782222
  1107  1  0.10560001
  1138  1  0.4482
  1140  1  2.2117393
  1141  1  0.82801956
  1175  1  0.35986522
  1182  1  0.4154591
  1183  1  1.2
  1184  1  0.4154591
  1191  1  1.0655999
  1192  1  1.2589936
  1201  1  0.9959
  1202  1  0.9959
  1203  1  0.9959
  1232  1  0.5179
  1233  1  0.1494
  1244  1  0.17988357
  1247  1  0.1514546
  1250  1  1.9719
  1268  1  0.005
  1316  1  0.009509662
  1325  1  0.0139
  1349  1  0.014213527
  1356  1  0.009509662
  1359  1  0.008
  1393  1  0.1275
  1403  1  0.0428
  1416  1  2.9195457
  1417  1  1.2
  1418  1  0.05289858
  1426  1  1.5078267
  1429  1  0.002
  1469  1  0.006
  1475  1  0.0209
  1504  1  0.3117
  1505  1  0.488
  1514  1  0.0229
  1534  1  0.003
  1536  1  1.7170024
  1537  1  1.6125606
  1538  1  1.12029
  1542  1  0.08518696
  1543  1  0.011411594
  1550  1  0.017017392
  1566  1  0.52082944
  1587  1  0.6061164
  1600  1  0.1657681
  1602  1  1.2
  1603  1  1.2
  1609  1  0.0029019322
  1617  1  0.02
  1620  1  0.015215459
  1627  1  0.015215459
  1630  1  0.005
  1635  1  0.001
  1638  1  0.28528985
  1664  1  1.4264493
  1669  1  0.48499274
  1673  1  0.5
  1674  1  0.9
  1679  1  0.03
  1683  1  0.023
  1685  1  0.03
  1686  1  0.5
  1698  1  0.027999999
  1700  1  0.0048038648
  1706  1  0.15
  1710  1  0.028528986
  1712  1  1.1
  1717  1  0.020019324
  1719  1  0.017117392
  1726  1  0.035
  1728  1  0.027
  1730  1  0.013313527
  1734  1  0.0076077296
  1735  1  0.05
  1739  1  0.03
  1742  1  0.0038038648
  1749  1  0.06
  1758  1  0.016215459
  1760  1  0.55
  1761  1  0.30927545
  1763  1  0.5
  1764  1  0.5
  1768  1  0.04
  1788  1  0.03143092
  1793  1  0.03
  1799  1  0.014313526
  1807  1  0.024725122
  1844  1  0.011411594
  1845  1  0.012
  1870  1  0.012
  1871  1  0.005705797
  1874  1  0.04
  1875  1  0.005
  1882  1  1.9575466
  1883  1  1.9376879
  1894  1  0.015
  1895  1  0.003
  1904  1  0.17
  1918  1  0.06
  1921  1  0.507
  1932  1  0.02382319
  1940  1  0.02
  1947  1  0.057057973
  1960  1  0.015
  1961  1  0.005705797
  1962  1  0.006
  1964  1  0.005
  1966  1  0.027627053
  1970  1  0.02
  1974  1  0.035
  1976  1  0.027999999
  1977  1  0.028528986
  1993  1  0.025999999
  1995  1  0.21
  1996  1  0.002
  1998  1  0.004
  2010  1  2.0
  2021  1  0.79310584
  2022  1  0.77028257
  2026  1  0.23774154
  2027  1  0.114115946
  2033  1  0.05325411
  2034  1  0.0048038648
  2036  1  0.0038038648
  2046  1  0.01
  2085  1  0.0029019322
  2088  1  0.0048038648
  2099  1  0.18
  2106  1  0.01
  2107  1  0.03
  2108  1  0.005705797
  2115  1  0.024
  2119  1  1.1
  2121  1  0.01
  2127  1  0.022
  2138  1  0.5
  2139  1  0.4
  2140  1  0.077
  2153  1  0.0069999998
  2159  1  0.12
  2164  1  0.040999997
  2167  1  0.9
  2168  1  0.5
  2171  1  0.065
  2194  1  0.1
  2197  1  0.25676087
  2204  1  0.26
  2213  1  0.025999999
  2217  1  0.04
  2218  1  0.015
  2221  1  0.49
  2225  1  0.016
  2234  1  0.027
  2237  1  0.165
  2248  1  0.02
  2268  1  0.018
  2271  1  0.024
  2272  1  0.1
  2273  1  0.063
  2278  1  0.015
  2290  1  0.002
  2293  1  0.025
  2294  1  0.01
  2296  1  0.135
  2298  1  0.004
  2307  1  0.004
  2323  1  0.011
  2328  1  0.03
  2330  1  0.003
  2336  1  0.55
  2339  1  0.17
  2361  1  0.51
  2372  1  0.37
  2376  1  0.02
  2379  1  0.07
  2380  1  0.5
  2381  1  0.5
  10  1  4.0
  16  1  7.2
  17  1  9.819324
  18  1  2.9453986
  29  1  2.3034303
  30  1  2.3120785
  31  1  10.0
  41  1  1.8038647
  42  1  2.7270536
  43  1  4.1
  44  1  4.1
  45  1  0.42200002
  63  1  6.205797
  64  1  4.5
  67  1  4.902522
  83  1  2.25
  84  1  1.6125606
  85  1  0.4154591
  86  1  0.4154591
  93  1  1.2
  95  1  1.1
  97  1  0.876
  103  1  1.6463772
  104  1  1.6125606
  105  1  3.0643482
  109  1  2.3038647
  110  1  2.4019325
  111  1  3.305797
  123  1  0.99212563
  124  1  1.25
  127  1  5.6251206
  131  1  6.061735
  132  1  2.1315758
  139  1  5.803865
  140  1  1.8038647
  176  1  5.803865
  177  1  2.0
  180  1  0.0
  181  1  1.75
  182  1  3.0603073
  184  1  0.0
  185  1  0.0
  186  1  0.0
  192  1  0.95
  196  1  0.008607729
  198  1  0.008
  205  1  0.15
  213  1  0.11
  264  1  0.025
  269  1  0.06
  277  1  0.7
  278  1  0.6
  279  1  0.6
  281  1  1.2
  282  1  0.4
  289  1  0.025
  294  1  0.02
  314  1  0.015
  328  1  0.44
  329  1  0.44
  330  1  0.44
  331  1  0.43
  334  1  0.015
  346  1  1.5586957
  347  1  0.1
  359  1  0.015
  365  1  0.051
  382  1  0.08
  383  1  0.08
  385  1  0.06
  390  1  0.045
  395  1  0.1
  404  1  0.03
  426  1  0.032
  444  1  0.01
  451  1  0.045
  482  1  0.009509662
  492  1  0.02
  493  1  2.2866611
  494  1  2.34
  514  1  1.15
  515  1  1.15
  525  1  0.06
  536  1  0.06
  537  1  0.035
  556  1  0.027
  580  1  0.016
  584  1  0.027
  585  1  0.04
  607  1  0.008
  612  1  2.0
  613  1  2.0
  615  1  0.0139999995
  623  1  0.076
  639  1  0.096
  651  1  0.047
  654  1  0.0139999995
  664  1  0.062
  670  1  0.027
  674  1  0.01
  688  1  2.02
  692  1  0.0139999995
  699  1  0.038
  712  1  0.012
  730  1  0.069
  732  1  0.011
  735  1  0.040999997
  740  1  0.04
  744  1  1.34
  754  1  0.8
  755  1  2.2057972
  760  1  0.031
  766  1  0.021
  784  1  0.0069999998
  790  1  0.498
  795  1  0.0189
  798  1  0.0299
  814  1  0.44919997
  834  1  0.23618363
  878  1  0.0299
  884  1  0.023723187
  892  1  0.31870002
  895  1  0.08518696
  901  1  0.0368
  910  1  0.0458
  911  1  2.8173914
  912  1  2.8173914
  914  1  0.1514546
  917  1  0.0209
  919  1  0.20831256
  920  1  0.018919325
  929  1  0.6060164
  959  1  0.023723187
  968  1  0.0067057973
  993  1  0.03783865
  994  1  0.018919325
  995  1  0.21545908
  996  1  0.30386478
  997  1  0.20579715
  1004  1  0.04074058
  1024  1  0.001
  1027  1  0.23683962
  1028  1  0.0299
  1029  1  0.249
  1053  1  0.5976
  1054  1  0.2988
  1105  1  0.0757773
  1106  1  0.21782222
  1107  1  0.10560001
  1138  1  0.4482
  1140  1  2.2117393
  1141  1  0.82801956
  1175  1  0.35986522
  1182  1  0.4154591
  1183  1  1.2
  1184  1  0.4154591
  1191  1  1.0655999
  1192  1  1.2589936
  1201  1  0.9959
  1202  1  0.9959
  1203  1  0.9959
  1232  1  0.5179
  1233  1  0.1494
  1244  1  0.17988357
  1247  1  0.1514546
  1250  1  1.9719
  1268  1  0.005
  1316  1  0.009509662
  1325  1  0.0139
  1349  1  0.014213527
  1356  1  0.009509662
  1359  1  0.008
  1393  1  0.1275
  1403  1  0.0428
  1416  1  2.9195457
  1417  1  1.2
  1418  1  0.05289858
  1426  1  1.5078267
  1429  1  0.002
  1469  1  0.006
  1475  1  0.0209
  1504  1  0.3117
  1505  1  0.488
  1514  1  0.0229
  1534  1  0.003
  1536  1  1.7170024
  1537  1  1.6125606
  1538  1  1.12029
  1542  1  0.08518696
  1543  1  0.011411594
  1550  1  0.017017392
  1566  1  0.52082944
  1587  1  0.6061164
  1600  1  0.1657681
  1602  1  1.2
  1603  1  1.2
  1609  1  0.0029019322
  1617  1  0.02
  1620  1  0.015215459
  1627  1  0.015215459
  1630  1  0.005
  1635  1  0.001
  1638  1  0.28528985
  1664  1  1.4264493
  1669  1  0.48499274
  1673  1  0.5
  1674  1  0.9
  1679  1  0.03
  1683  1  0.023
  1685  1  0.03
  1686  1  0.5
  1698  1  0.027999999
  1700  1  0.0048038648
  1706  1  0.15
  1710  1  0.028528986
  1712  1  1.1
  1717  1  0.020019324
  1719  1  0.017117392
  1726  1  0.035
  1728  1  0.027
  1730  1  0.013313527
  1734  1  0.0076077296
  1735  1  0.05
  1739  1  0.03
  1742  1  0.0038038648
  1749  1  0.06
  1758  1  0.016215459
  1760  1  0.55
  1761  1  0.30927545
  1763  1  0.5
  1764  1  0.5
  1768  1  0.04
  1788  1  0.03143092
  1793  1  0.03
  1799  1  0.014313526
  1807  1  0.024725122
  1844  1  0.011411594
  1845  1  0.012
  1870  1  0.012
  1871  1  0.005705797
  1874  1  0.04
  1875  1  0.005
  1882  1  1.9575466
  1883  1  1.9376879
  1894  1  0.015
  1895  1  0.003
  1904  1  0.17
  1918  1  0.06
  1921  1  0.507
  1932  1  0.02382319
  1940  1  0.02
  1947  1  0.057057973
  1960  1  0.015
  1961  1  0.005705797
  1962  1  0.006
  1964  1  0.005
  1966  1  0.027627053
  1970  1  0.02
  1974  1  0.035
  1976  1  0.027999999
  1977  1  0.028528986
  1993  1  0.025999999
  1995  1  0.21
  1996  1  0.002
  1998  1  0.004
  2010  1  2.0
  2021  1  0.79310584
  2022  1  0.77028257
  2026  1  0.23774154
  2027  1  0.114115946
  2033  1  0.05325411
  2034  1  0.0048038648
  2036  1  0.0038038648
  2046  1  0.01
  2085  1  0.0029019322
  2088  1  0.0048038648
  2099  1  0.18
  2106  1  0.01
  2107  1  0.03
  2108  1  0.005705797
  2115  1  0.024
  2119  1  1.1
  2121  1  0.01
  2127  1  0.022
  2138  1  0.5
  2139  1  0.4
  2140  1  0.077
  2153  1  0.0069999998
  2159  1  0.12
  2164  1  0.040999997
  2167  1  0.9
  2168  1  0.5
  2171  1  0.065
  2194  1  0.1
  2197  1  0.25676087
  2204  1  0.26
  2213  1  0.025999999
  2217  1  0.04
  2218  1  0.015
  2221  1  0.49
  2225  1  0.016
  2234  1  0.027
  2237  1  0.165
  2248  1  0.02
  2268  1  0.018
  2271  1  0.024
  2272  1  0.1
  2273  1  0.063
  2278  1  0.015
  2290  1  0.002
  2293  1  0.025
  2294  1  0.01
  2296  1  0.135
  2298  1  0.004
  2307  1  0.004
  2323  1  0.011
  2328  1  0.03
  2330  1  0.003
  2336  1  0.55
  2339  1  0.17
  2361  1  0.51
  2372  1  0.37
  2376  1  0.02
  2379  1  0.07
  2380  1  0.5
  2381  1  0.5
