  psseraw:file=input/case2383busPsse30_rev21.raw&lowx=adjust
  31  125  -1 0.30035067 0.0 176 127 128  0.72326994  0.0  -1.408085  0.0  1  0  0  0  1  0
  31  125  -1 0.30035067 0.0 177 127 157  0.17985821  0.0  0.4011726  0.0  1  0  0  0  0  0
  31  125  -1 0.30035067 0.0 162 118 126  0.26272774  0.0  0.12526335  0.0  1  0  0  0  0  0
  31  125  -1 0.30035067 0.0 172 125 126  0.0  0.0  1.0  0.0  0  0  0  0  0  0
  31  125  -1 0.30035067 0.0 175 126 186  0.3266468  0.0  -0.08755146  0.0  1  0  0  0  0  0
  31  125  -1 0.30035067 0.0 178 128 145  0.7458968  0.0  -1.4834199  0.0  1  0  0  0  1  0
  31  125  -1 0.30035067 0.0 211 157 158  0.0  0.0  1.0  0.0  0  0  0  0  0  0
  31  125  -1 0.30035067 0.0 2872 2157 157  0.354527  0.0  -0.18037693  0.0  1  0  0  0  1  0
  31  125  -1 0.30035067 0.0 163 118 142  0.2917757  0.0  0.028549837  0.0  1  0  0  0  0  0
  31  125  -1 0.30035067 0.0 2831 1680 118  0.2846694  0.0  0.05220986  0.0  1  0  0  0  0  0
  31  125  -1 0.30035067 0.0 164 120 125  0.067839146  0.0  0.7741335  0.0  1  0  0  0  0  0
  31  125  -1 0.30035067 0.0 173 125 135  0.2151084  0.0  0.28380916  0.0  1  0  0  0  0  0
  31  125  -1 0.30035067 0.0 174 125 186  0.32687902  0.0  -0.08832462  0.0  1  0  0  0  0  0
  31  125  -1 0.30035067 0.0 2841 1775 125  0.27040577  0.0  0.09969979  0.0  1  0  0  0  0  0
  31  125  -1 0.30035067 0.0 2859 143 145  0.30293894  0.0  -0.008617501  0.0  1  0  0  0  0  0
  31  125  -1 0.30035067 0.0 2861 1906 145  0.42619562  0.0  -0.41899344  0.0  1  0  0  0  1  0
  31  125  -1 0.30035067 0.0 212 158 176  0.0  0.0  1.0  0.0  0  0  0  0  0  0
  31  125  -1 0.30035067 0.0 2871 156 158  0.37228203  0.0  -0.23949127  0.0  1  0  0  0  1  0
  31  125  -1 0.30035067 0.0 2492 2156 2157  0.3035884  0.0  -0.010779814  0.0  1  0  0  0  0  0
  31  125  -1 0.30035067 0.0 2494 2157 2158  0.30417395  0.0  -0.012729389  0.0  1  0  0  0  0  0
  31  125  -1 0.30035067 0.0 2495 2157 2214  0.30169058  0.0  -0.00446116  0.0  1  0  0  0  0  0
  31  125  -1 0.30035067 0.0 2496 2157 2351  0.3007326  0.0  -0.0012716688  0.0  1  0  0  0  0  0
  31  125  -1 0.30035067 0.0 192 135 142  0.30412245  0.0  -0.0125579275  0.0  1  0  0  0  0  0
  31  125  -1 0.30035067 0.0 2857 1904 142  0.29077816  0.0  0.0318711  0.0  1  0  0  0  0  0
  31  125  -1 0.30035067 0.0 2010 1680 1681  0.30141306  0.0  -0.0035371762  0.0  1  0  0  0  0  0
  31  125  -1 0.30035067 0.0 2011 1680 1921  0.29969263  0.0  0.00219089  0.0  1  0  0  0  0  0
  31  125  -1 0.30035067 0.0 2012 1680 1960  0.3004818  0.0  -4.365904E-4  0.0  1  0  0  0  0  0
  31  125  -1 0.30035067 0.0 2014 1680 2012  0.2989726  0.0  0.004588168  0.0  1  0  0  0  0  0
  31  125  -1 0.30035067 0.0 165 120 130  0.60264254  0.0  -1.0064632  0.0  1  0  0  0  1  0
  31  125  -1 0.30035067 0.0 2832 1686 120  0.24616194  0.0  0.18041821  0.0  1  0  0  0  0  0
  31  125  -1 0.30035067 0.0 2833 1687 120  0.28280306  0.0  0.058423735  0.0  1  0  0  0  0  0
  31  125  -1 0.30035067 0.0 2850 1845 135  0.25872707  0.0  0.13858332  0.0  1  0  0  0  0  0
  31  125  -1 0.30035067 0.0 2851 1846 135  0.23939371  0.0  0.20295262  0.0  1  0  0  0  0  0
  31  125  -1 0.30035067 0.0 1985 1664 1775  0.2700615  0.0  0.10084603  0.0  1  0  0  0  0  0
  31  125  -1 0.30035067 0.0 160 117 143  0.468356  0.0  -0.55936396  0.0  2  0  1  0  0  0
  31  125  -1 0.30035067 0.0 179 129 143  0.36740685  0.0  -0.22325963  0.0  1  0  0  0  1  0
  31  125  -1 0.30035067 0.0 200 143 144  0.2890334  0.0  0.037680134  0.0  1  0  0  0  0  0
  31  125  -1 0.30035067 0.0 201 143 149  0.32209158  0.0  -0.0723851  0.0  1  0  0  0  0  0
  31  125  -1 0.30035067 0.0 1917 1633 1906  0.3960371  0.0  -0.3185824  0.0  1  0  0  0  1  0
  31  125  -1 0.30035067 0.0 2080 1724 1906  0.29591417  0.0  0.014771044  0.0  1  0  0  0  0  0
  31  125  -1 0.30035067 0.0 2107 1744 1906  0.3098545  0.0  -0.031642485  0.0  1  0  0  0  0  0
  31  125  -1 0.30035067 0.0 2198 1824 1906  0.29412985  0.0  0.020711849  0.0  1  0  0  0  0  0
  31  125  -1 0.30035067 0.0 2299 1906 1907  0.28754663  0.0  0.042630274  0.0  1  0  0  0  0  0
  31  125  -1 0.30035067 0.0 2301 1906 1959  0.30260468  0.0  -0.007504592  0.0  1  0  0  0  0  0
  31  125  -1 0.30035067 0.0 215 159 176  0.32735872  0.0  -0.08992175  0.0  1  0  0  0  0  0
  31  125  -1 0.30035067 0.0 231 176 177  0.2937584  0.0  0.02194859  0.0  1  0  0  0  0  0
  31  125  -1 0.30035067 0.0 2890 2377 176  0.30483103  0.0  -0.014917104  0.0  1  0  0  0  0  0
  31  125  -1 0.30035067 0.0 2891 2378 176  0.30471325  0.0  -0.014524966  0.0  1  0  0  0  0  0
  31  125  -1 0.30035067 0.0 210 156 179  0.3731103  0.0  -0.24224894  0.0  1  0  0  0  1  0
  31  125  -1 0.30035067 0.0 2493 2156 2366  0.3018198  0.0  -0.0048914  0.0  1  0  0  0  0  0
  205  1664  -1 0.14455462 0.0 176 127 128  0.58610153  0.0  -3.0545335  0.0  1  0  0  0  1  0
  205  1664  -1 0.14455462 0.0 177 127 157  0.03892374  0.0  0.73073334  0.0  1  0  0  0  0  0
  205  1664  -1 0.14455462 0.0 162 118 126  0.095730305  0.0  0.33775684  0.0  1  0  0  0  0  0
  205  1664  -1 0.14455462 0.0 172 125 126  0.0  0.0  1.0  0.0  0  0  0  0  0  0
  205  1664  -1 0.14455462 0.0 175 126 186  0.14446926  0.0  5.904609E-4  0.0  1  0  0  0  0  0
  205  1664  -1 0.14455462 0.0 178 128 145  0.609427  0.0  -3.2158942  0.0  1  0  0  0  1  0
  205  1664  -1 0.14455462 0.0 211 157 158  0.0  0.0  1.0  0.0  0  0  0  0  0  0
  205  1664  -1 0.14455462 0.0 2872 2157 157  0.19901419  0.0  -0.37674046  0.0  1  0  0  0  1  0
  205  1664  -1 0.14455462 0.0 163 118 142  0.13449812  0.0  0.069568835  0.0  1  0  0  0  0  0
  205  1664  -1 0.14455462 0.0 2831 1680 118  0.1339562  0.0  0.073317766  0.0  2  0  0  0  0  0
  205  1664  -1 0.14455462 0.0 164 120 125  0.0  0.0  1.0  0.0  0  0  0  0  0  0
  205  1664  -1 0.14455462 0.0 173 125 135  0.04802227  0.0  0.6677915  0.0  1  0  0  0  0  0
  205  1664  -1 0.14455462 0.0 174 125 186  0.14461803  0.0  -4.3872237E-4  0.0  1  0  0  0  0  0
  205  1664  -1 0.14455462 0.0 2841 1775 125  0.01717472  0.0  0.8811887  0.0  1  0  0  0  0  0
  205  1664  -1 0.14455462 0.0 2859 143 145  0.15184975  0.0  -0.050466266  0.0  1  0  0  0  0  0
  205  1664  -1 0.14455462 0.0 2861 1906 145  0.2720914  0.0  -0.882274  0.0  1  0  0  0  1  0
  205  1664  -1 0.14455462 0.0 212 158 176  0.0  0.0  1.0  0.0  0  0  0  0  0  0
  205  1664  -1 0.14455462 0.0 2871 156 158  0.2170043  0.0  -0.50119245  0.0  1  0  0  0  1  0
  205  1664  -1 0.14455462 0.0 2492 2156 2157  0.14761305  0.0  -0.021157634  0.0  1  0  0  0  0  0
  205  1664  -1 0.14455462 0.0 2494 2157 2158  0.14834929  0.0  -0.02625077  0.0  1  0  0  0  0  0
  205  1664  -1 0.14455462 0.0 2495 2157 2214  0.1459713  0.0  -0.009800332  0.0  1  0  0  0  0  0
  205  1664  -1 0.14455462 0.0 2496 2157 2351  0.14487267  0.0  -0.002200209  0.0  1  0  0  0  0  0
  205  1664  -1 0.14455462 0.0 192 135 142  0.14598036  0.0  -0.009863007  0.0  1  0  0  0  0  0
  205  1664  -1 0.14455462 0.0 2857 1904 142  0.13886356  0.0  0.03936956  0.0  1  0  0  0  0  0
  205  1664  -1 0.14455462 0.0 2010 1680 1681  0.14644194  0.0  -0.013056113  0.0  1  0  0  0  0  0
  205  1664  -1 0.14455462 0.0 2011 1680 1921  0.14452124  0.0  2.309065E-4  0.0  1  0  0  0  0  0
  205  1664  -1 0.14455462 0.0 2012 1680 1960  0.14456081  0.0  -4.2882635E-5  0.0  1  0  0  0  0  0
  205  1664  -1 0.14455462 0.0 2014 1680 2012  0.14451075  0.0  3.0347714E-4  0.0  1  0  0  0  0  0
  205  1664  -1 0.14455462 0.0 165 120 130  0.43873787  0.0  -2.0351012  0.0  1  0  0  0  1  0
  205  1664  -1 0.14455462 0.0 2832 1686 120  0.09275293  0.0  0.3583537  0.0  1  0  0  0  0  0
  205  1664  -1 0.14455462 0.0 2833 1687 120  0.12831354  0.0  0.112352505  0.0  1  0  0  0  0  0
  205  1664  -1 0.14455462 0.0 2850 1845 135  0.10074043  0.0  0.30309778  0.0  1  0  0  0  0  0
  205  1664  -1 0.14455462 0.0 2851 1846 135  0.081570625  0.0  0.43571067  0.0  1  0  0  0  0  0
  205  1664  -1 0.14455462 0.0 1985 1664 1775  0.01745224  0.0  0.8792689  0.0  1  0  0  0  0  0
  205  1664  -1 0.14455462 0.0 160 117 143  0.31010926  0.0  -1.145274  0.0  2  0  1  0  0  0
  205  1664  -1 0.14455462 0.0 179 129 143  0.21251917  0.0  -0.47016522  0.0  1  0  0  0  1  0
  205  1664  -1 0.14455462 0.0 200 143 144  0.13363647  0.0  0.075529516  0.0  1  0  0  0  0  0
  205  1664  -1 0.14455462 0.0 201 143 149  0.16628551  0.0  -0.15033004  0.0  1  0  0  0  0  0
  205  1664  -1 0.14455462 0.0 1917 1633 1906  0.24066973  0.0  -0.6649052  0.0  1  0  0  0  1  0
  205  1664  -1 0.14455462 0.0 2080 1724 1906  0.14036608  0.0  0.028975468  0.0  1  0  0  0  0  0
  205  1664  -1 0.14455462 0.0 2107 1744 1906  0.15399647  0.0  -0.065316856  0.0  1  0  0  0  0  0
  205  1664  -1 0.14455462 0.0 2198 1824 1906  0.13848782  0.0  0.04196891  0.0  1  0  0  0  0  0
  205  1664  -1 0.14455462 0.0 2299 1906 1907  0.13175869  0.0  0.088519655  0.0  1  0  0  0  0  0
  205  1664  -1 0.14455462 0.0 2301 1906 1959  0.14700842  0.0  -0.016974926  0.0  1  0  0  0  0  0
  205  1664  -1 0.14455462 0.0 215 159 176  0.17201471  0.0  -0.18996349  0.0  1  0  0  0  0  0
  205  1664  -1 0.14455462 0.0 231 176 177  0.13816023  0.0  0.044235088  0.0  1  0  0  0  0  0
  205  1664  -1 0.14455462 0.0 2890 2377 176  0.14890051  0.0  -0.030064028  0.0  1  0  0  0  0  0
  205  1664  -1 0.14455462 0.0 2891 2378 176  0.14882374  0.0  -0.029532943  0.0  1  0  0  0  0  0
  205  1664  -1 0.14455462 0.0 210 156 179  0.21794271  0.0  -0.50768423  0.0  1  0  0  0  1  0
  205  1664  -1 0.14455462 0.0 2493 2156 2366  0.1459794  0.0  -0.009856409  0.0  1  0  0  0  0  0
  245  1883  -1 0.09640306 0.0 36 19 124  0.11304408  0.0  -0.17261921  0.0  1  0  0  0  0  0
  245  1883  -1 0.09640306 0.0 152 111 124  0.07984084  0.0  0.17180184  0.0  1  0  0  0  0  0
  245  1883  -1 0.09640306 0.0 168 123 124  0.101097405  0.0  -0.048694953  0.0  1  0  0  0  0  0
  245  1883  -1 0.09640306 0.0 171 124 139  0.10029417  0.0  -0.040362936  0.0  1  0  0  0  0  0
  245  1883  -1 0.09640306 0.0 2840 1763 124  0.103769004  0.0  -0.07640776  0.0  1  0  0  0  0  0
  245  1883  -1 0.09640306 0.0 1939 1644 1761  0.0  0.0  1.0  0.0  0  0  0  0  0  0
  245  1883  -1 0.09640306 0.0 2135 1761 1855  0.0  0.0  1.0  0.0  0  0  0  0  0  0
  245  1883  -1 0.09640306 0.0 2136 1761 1883  0.07514727  0.0  0.22048876  0.0  1  0  1  0  0  0
  245  1883  -1 0.09640306 0.0 2137 1761 2234  0.15653473  0.0  -0.6237527  0.0  1  0  0  0  1  0
  245  1883  -1 0.09640306 0.0 2895 1763 1761  0.21865267  0.0  -1.2681091  0.0  1  0  0  0  1  0
  245  1883  -1 0.09640306 0.0 17 7 19  0.09327513  0.0  0.032446403  0.0  1  0  0  0  0  0
  245  1883  -1 0.09640306 0.0 2751 425 19  0.10345703  0.0  -0.07317165  0.0  1  0  0  0  0  0
  245  1883  -1 0.09640306 0.0 24 11 111  0.09002727  0.0  0.06613679  0.0  1  0  0  0  0  0
  245  1883  -1 0.09640306 0.0 150 111 112  0.101824224  0.0  -0.05623433  0.0  1  0  0  0  0  0
  245  1883  -1 0.09640306 0.0 151 111 123  0.07891327  0.0  0.1814236  0.0  1  0  0  0  0  0
  245  1883  -1 0.09640306 0.0 2824 1603 111  0.09757513  0.0  -0.012157972  0.0  1  0  0  0  0  0
  245  1883  -1 0.09640306 0.0 169 123 140  0.10049027  0.0  -0.042397093  0.0  1  0  0  0  0  0
  245  1883  -1 0.09640306 0.0 170 123 144  0.39305776  0.0  -3.077233  0.0  2  0  1  0  1  0
  245  1883  -1 0.09640306 0.0 2836 1760 123  0.09715456  0.0  -0.0077953474  0.0  1  0  0  0  0  0
  245  1883  -1 0.09640306 0.0 2837 1762 123  0.09941882  0.0  -0.03128279  0.0  1  0  0  0  0  0
  245  1883  -1 0.09640306 0.0 2838 1764 123  0.09369558  0.0  0.028085014  0.0  1  0  0  0  0  0
  245  1883  -1 0.09640306 0.0 194 139 140  0.1010111  0.0  -0.047799677  0.0  1  0  0  0  0  0
  245  1883  -1 0.09640306 0.0 195 139 166  0.13300425  0.0  -0.3796683  0.0  1  0  0  0  0  0
  245  1883  -1 0.09640306 0.0 196 139 174  0.24654454  0.0  -1.5574347  0.0  1  0  0  0  1  0
  245  1883  -1 0.09640306 0.0 1940 1644 1971  0.0  0.0  1.0  0.0  0  0  0  0  0  0
  245  1883  -1 0.09640306 0.0 2235 1855 2101  0.0  0.0  1.0  0.0  0  0  0  0  0  0
  245  1883  -1 0.09640306 0.0 2271 1883 2064  0.0  0.0  1.0  0.0  0  0  0  0  0  0
  245  1883  -1 0.09640306 0.0 2272 1883 2244  0.10334283  0.0  -0.07198702  0.0  1  0  0  0  0  0
  245  1883  -1 0.09640306 0.0 2273 1883 2278  0.102969944  0.0  -0.06811902  0.0  1  0  0  0  0  0
  245  1883  -1 0.09640306 0.0 2625 2234 2361  0.17848092  0.0  -0.85140306  0.0  1  0  0  0  1  0
  245  1883  -1 0.09640306 0.0 4 4 7  0.10063237  0.0  -0.043871086  0.0  1  0  0  0  0  0
  245  1883  -1 0.09640306 0.0 9 5 7  0.09349996  0.0  0.030114228  0.0  1  0  0  0  0  0
  245  1883  -1 0.09640306 0.0 15 7 12  0.09416717  0.0  0.023193138  0.0  1  0  0  0  0  0
  245  1883  -1 0.09640306 0.0 16 7 13  0.09588367  0.0  0.0053877425  0.0  1  0  0  0  0  0
  245  1883  -1 0.09640306 0.0 18 7 21  0.09745222  0.0  -0.010883067  0.0  1  0  0  0  0  0
  245  1883  -1 0.09640306 0.0 19 7 29  0.0893566  0.0  0.07309375  0.0  1  0  0  0  0  0
  245  1883  -1 0.09640306 0.0 2735 321 7  0.09867054  0.0  -0.02352083  0.0  1  0  0  0  0  0
  245  1883  -1 0.09640306 0.0 2736 322 7  0.09736258  0.0  -0.0099531645  0.0  1  0  0  0  0  0
  245  1883  -1 0.09640306 0.0 256 198 425  0.09662634  0.0  -0.0023160987  0.0  1  0  0  0  0  0
  245  1883  -1 0.09640306 0.0 308 224 425  0.09676498  0.0  -0.0037542314  0.0  1  0  0  0  0  0
  245  1883  -1 0.09640306 0.0 421 295 425  0.09570855  0.0  0.0072042663  0.0  1  0  0  0  0  0
  245  1883  -1 0.09640306 0.0 567 425 438  0.0963245  0.0  8.149007E-4  0.0  1  0  0  0  0  0
  245  1883  -1 0.09640306 0.0 568 425 492  0.09609991  0.0  0.0031446016  0.0  1  0  0  0  0  0
  245  1883  -1 0.09640306 0.0 569 425 536  0.09667808  0.0  -0.0028527707  0.0  1  0  0  0  0  0
  245  1883  -1 0.09640306 0.0 5 4 11  0.09645492  0.0  -5.3790864E-4  0.0  1  0  0  0  0  0
  245  1883  -1 0.09640306 0.0 22 11 16  0.08798736  0.0  0.08729701  0.0  1  0  0  0  0  0
  245  1883  -1 0.09640306 0.0 23 11 17  0.084163725  0.0  0.12696004  0.0  1  0  0  0  0  0
  245  1883  -1 0.09640306 0.0 2740 352 11  0.09426302  0.0  0.022198934  0.0  1  0  0  0  0  0
  245  1883  -1 0.09640306 0.0 2741 353 11  0.096100986  0.0  0.0031334725  0.0  1  0  0  0  0  0
  245  1883  -1 0.09640306 0.0 38 22 112  0.10182279  0.0  -0.056219492  0.0  1  0  0  0  0  0
  159  117  140 0.05039382 0.0 2135 1761 1855  0.29795134  0.0  -4.912458  0.0  2  0  1  0  1  0
  159  117  140 0.05039382 0.0 2136 1761 1883  0.10080081  0.0  -1.0002614  0.0  1  0  1  0  0  0
  159  117  140 0.05039382 0.0 2137 1761 2234  0.07750487  0.0  -0.5379837  0.0  1  0  0  0  0  0
  159  117  140 0.05039382 0.0 2839 1761 124  0.0  0.0  1.0  0.0  0  0  0  0  0  0
  159  117  140 0.05039382 0.0 2895 1763 1761  0.049182475  0.0  0.024037575  0.0  1  0  0  0  0  0
  159  117  140 0.05039382 0.0 1940 1644 1971  0.0  0.0  1.0  0.0  0  0  0  0  0  0
  159  117  140 0.05039382 0.0 2235 1855 2101  0.26880288  0.0  -4.3340445  0.0  2  0  1  0  1  0
  159  117  140 0.05039382 0.0 2271 1883 2064  0.58328474  0.0  -10.574529  0.0  3  0  1  0  1  0
  159  117  140 0.05039382 0.0 2272 1883 2244  0.05238998  0.0  -0.039611198  0.0  1  0  0  0  0  0
  159  117  140 0.05039382 0.0 2273 1883 2278  0.05418873  0.0  -0.07530504  0.0  1  0  0  0  0  0
  159  117  140 0.05039382 0.0 2625 2234 2361  0.06340003  0.0  -0.2580914  0.0  1  0  0  0  0  0
  159  117  140 0.05039382 0.0 36 19 124  0.06133437  0.0  -0.21710107  0.0  1  0  0  0  0  0
  159  117  140 0.05039382 0.0 152 111 124  0.043572545  0.0  0.13535935  0.0  1  0  0  0  0  0
  159  117  140 0.05039382 0.0 168 123 124  0.054089308  0.0  -0.07333217  0.0  1  0  0  0  0  0
  159  117  140 0.05039382 0.0 171 124 139  0.05052507  0.0  -0.0026044748  0.0  1  0  0  0  0  0
  159  117  140 0.05039382 0.0 2840 1763 124  0.052951574  0.0  -0.050755322  0.0  1  0  0  0  0  0
  159  117  140 0.05039382 0.0 2356 1971 2047  0.0  0.0  1.0  0.0  0  0  0  0  0  0
  159  117  140 0.05039382 0.0 2200 1825 2101  0.25165224  0.0  -3.9937124  0.0  2  0  1  0  1  0
  159  117  140 0.05039382 0.0 2389 2029 2064  0.58261514  0.0  -10.561242  0.0  3  0  1  0  1  0
  159  117  140 0.05039382 0.0 2639 2244 2310  0.041285634  0.0  0.18074013  0.0  1  0  0  0  0  0
  159  117  140 0.05039382 0.0 2601 2215 2278  0.048203826  0.0  0.043457586  0.0  1  0  0  0  0  0
  159  117  140 0.05039382 0.0 2583 2200 2361  0.05680096  0.0  -0.12714142  0.0  1  0  0  0  0  0
  159  117  140 0.05039382 0.0 2717 2358 2361  0.047700047  0.0  0.053454418  0.0  1  0  0  0  0  0
  159  117  140 0.05039382 0.0 2719 2361 2362  0.06048262  0.0  -0.20019919  0.0  1  0  0  0  0  0
  159  117  140 0.05039382 0.0 17 7 19  0.049656987  0.0  0.014621488  0.0  1  0  0  0  0  0
  159  117  140 0.05039382 0.0 2751 425 19  0.053142905  0.0  -0.054552034  0.0  1  0  0  0  0  0
  159  117  140 0.05039382 0.0 24 11 111  0.050345063  0.0  9.675115E-4  0.0  1  0  0  0  0  0
  159  117  140 0.05039382 0.0 150 111 112  0.0572685  0.0  -0.13641912  0.0  1  0  0  0  0  0
  159  117  140 0.05039382 0.0 151 111 123  0.043144703  0.0  0.14384933  0.0  1  0  0  0  0  0
  159  117  140 0.05039382 0.0 2824 1603 111  0.050245166  0.0  0.0029498455  0.0  1  0  0  0  0  0
  159  117  140 0.05039382 0.0 169 123 140  0.050581098  0.0  -0.0037162849  0.0  1  0  0  0  0  0
  159  117  140 0.05039382 0.0 170 123 144  1.1489589  0.0  -21.7996  0.0  4  0  1  0  1  0
  159  117  140 0.05039382 0.0 2836 1760 123  0.050303817  0.0  0.0017859931  0.0  1  0  0  0  0  0
  159  117  140 0.05039382 0.0 2837 1762 123  0.049862742  0.0  0.010538542  0.0  1  0  0  0  0  0
  159  117  140 0.05039382 0.0 2838 1764 123  0.05072522  0.0  -0.0065762396  0.0  1  0  0  0  0  0
  159  117  140 0.05039382 0.0 194 139 140  0.04999137  0.0  0.00798611  0.0  1  0  0  0  0  0
  159  117  140 0.05039382 0.0 195 139 166  0.065211415  0.0  -0.29403597  0.0  1  0  0  0  0  0
  159  117  140 0.05039382 0.0 196 139 174  0.13301116  0.0  -1.639434  0.0  2  0  1  0  0  0
  159  117  140 0.05039382 0.0 2208 1833 2047  0.0  0.0  1.0  0.0  0  0  0  0  0  0
  159  117  140 0.05039382 0.0 2237 1856 2047  0.0  0.0  1.0  0.0  0  0  0  0  0  0
  159  117  140 0.05039382 0.0 2085 1727 1825  0.24277842  0.0  -3.817623  0.0  2  0  1  0  1  0
  159  117  140 0.05039382 0.0 2020 1682 2029  0.5501729  0.0  -9.917468  0.0  3  0  1  0  1  0
  159  117  140 0.05039382 0.0 2666 2273 2310  0.02503097  0.0  0.50329286  0.0  1  0  0  0  0  0
  159  117  140 0.05039382 0.0 2600 2215 2217  0.044901013  0.0  0.10899762  0.0  1  0  0  0  0  0
  159  117  140 0.05039382 0.0 2488 2154 2200  0.054003716  0.0  -0.0716337  0.0  1  0  0  0  0  0
  159  117  140 0.05039382 0.0 2713 2357 2358  0.046937704  0.0  0.06858213  0.0  1  0  0  0  0  0
  159  117  140 0.05039382 0.0 2491 2155 2362  0.05354345  0.0  -0.0625003  0.0  1  0  0  0  0  0
  159  117  140 0.05039382 0.0 2614 2226 2362  0.04000306  0.0  0.20619112  0.0  1  0  0  0  0  0
  159  117  140 0.05039382 0.0 2622 2232 2362  0.067833185  0.0  -0.3460616  0.0  1  0  0  0  0  0
  159  117  140 0.05039382 0.0 4 4 7  0.050498486  0.0  -0.0020769562  0.0  1  0  0  0  0  0
  160  117  143 0.076773286 0.0 159 117 140  0.063348174  0.0  0.17486697  0.0  1  0  1  0  0  0
  160  117  143 0.076773286 0.0 1943 1646 1655  0.16005933  0.0  -1.0848311  0.0  1  0  1  0  0  0
  160  117  143 0.076773286 0.0 1967 1655 1901  0.61213267  0.0  -6.973251  0.0  3  0  1  0  0  0
  160  117  143 0.076773286 0.0 25 12 140  0.11862528  0.0  -0.5451375  0.0  1  0  0  0  0  0
  160  117  143 0.076773286 0.0 169 123 140  0.07400918  0.0  0.036003485  0.0  1  0  0  0  0  0
  160  117  143 0.076773286 0.0 194 139 140  0.049078822  0.0  0.36073047  0.0  1  0  0  0  0  0
  160  117  143 0.076773286 0.0 197 140 167  0.14041781  0.0  -0.82899314  0.0  1  0  0  0  1  0
  160  117  143 0.076773286 0.0 2854 1882 140  0.06039238  0.0  0.21336727  0.0  1  0  0  0  0  0
  160  117  143 0.076773286 0.0 179 129 143  0.06577349  0.0  0.14327638  0.0  1  0  0  0  0  0
  160  117  143 0.076773286 0.0 200 143 144  0.10697532  0.0  -0.39339244  0.0  1  0  0  0  0  0
  160  117  143 0.076773286 0.0 201 143 149  0.10359931  0.0  -0.34941873  0.0  1  0  0  0  0  0
  160  117  143 0.076773286 0.0 2859 143 145  0.06298852  0.0  0.1795516  0.0  1  0  0  0  0  0
  160  117  143 0.076773286 0.0 1944 1646 1674  0.1566292  0.0  -1.0401524  0.0  1  0  1  0  0  0
  160  117  143 0.076773286 0.0 2106 1744 1901  0.0  0.0  1.0  0.0  0  0  0  0  0  0
  160  117  143 0.076773286 0.0 2294 1901 1924  0.07540405  0.0  0.017834822  0.0  1  0  0  0  0  0
  160  117  143 0.076773286 0.0 15 7 12  0.074492216  0.0  0.029711764  0.0  1  0  0  0  0  0
  160  117  143 0.076773286 0.0 2742 359 12  0.084243655  0.0  -0.09730428  0.0  1  0  0  0  0  0
  160  117  143 0.076773286 0.0 2743 360 12  0.08477044  0.0  -0.10416586  0.0  1  0  0  0  0  0
  160  117  143 0.076773286 0.0 151 111 123  0.05097568  0.0  0.3360232  0.0  1  0  0  0  0  0
  160  117  143 0.076773286 0.0 168 123 124  0.0788306  0.0  -0.026797263  0.0  1  0  0  0  0  0
  160  117  143 0.076773286 0.0 170 123 144  0.90714014  0.0  -10.81583  0.0  5  0  1  0  1  0
  160  117  143 0.076773286 0.0 2836 1760 123  0.07723069  0.0  -0.00595788  0.0  1  0  0  0  0  0
  160  117  143 0.076773286 0.0 2837 1762 123  0.07908237  0.0  -0.030076658  0.0  1  0  0  0  0  0
  160  117  143 0.076773286 0.0 2838 1764 123  0.07469177  0.0  0.02711247  0.0  1  0  0  0  0  0
  160  117  143 0.076773286 0.0 171 124 139  0.07453406  0.0  0.02916675  0.0  1  0  0  0  0  0
  160  117  143 0.076773286 0.0 195 139 166  0.14316952  0.0  -0.86483514  0.0  1  0  0  0  1  0
  160  117  143 0.076773286 0.0 196 139 174  0.19188058  0.0  -1.4993144  0.0  1  0  0  0  1  0
  160  117  143 0.076773286 0.0 223 164 167  0.09546745  0.0  -0.24349827  0.0  1  0  0  0  0  0
  160  117  143 0.076773286 0.0 224 166 167  0.07803321  0.0  -0.016410956  0.0  1  0  0  0  0  0
  160  117  143 0.076773286 0.0 2882 2196 167  0.07980049  0.0  -0.03943039  0.0  1  0  0  0  0  0
  160  117  143 0.076773286 0.0 2269 1882 2273  0.09800398  0.0  -0.27653757  0.0  1  0  0  0  0  0
  160  117  143 0.076773286 0.0 2270 1882 2333  0.14963639  0.0  -0.9490684  0.0  2  0  1  0  0  0
  160  117  143 0.076773286 0.0 180 129 148  0.090658545  0.0  -0.18086056  0.0  1  0  0  0  0  0
  160  117  143 0.076773286 0.0 2843 1814 129  0.11384678  0.0  -0.48289573  0.0  1  0  0  0  0  0
  160  117  143 0.076773286 0.0 198 141 144  0.058745027  0.0  0.23482464  0.0  1  0  0  0  0  0
  160  117  143 0.076773286 0.0 202 144 147  0.070109844  0.0  0.08679375  0.0  1  0  0  0  0  0
  160  117  143 0.076773286 0.0 2860 1907 144  0.20958078  0.0  -1.7298659  0.0  1  0  0  0  1  0
  160  117  143 0.076773286 0.0 2864 1925 149  0.10342467  0.0  -0.34714395  0.0  1  0  0  0  0  0
  160  117  143 0.076773286 0.0 178 128 145  0.2171818  0.0  -1.8288721  0.0  2  0  0  0  1  0
  160  117  143 0.076773286 0.0 2861 1906 145  0.2002114  0.0  -1.6078265  0.0  1  0  0  0  1  0
  160  117  143 0.076773286 0.0 1999 1674 1854  0.07431126  0.0  0.03206883  0.0  1  0  0  0  0  0
  160  117  143 0.076773286 0.0 2000 1674 1893  0.0  0.0  1.0  0.0  0  0  0  0  0  0
  160  117  143 0.076773286 0.0 2001 1674 1918  0.0  0.0  1.0  0.0  0  0  0  0  0  0
  160  117  143 0.076773286 0.0 2107 1744 1906  0.082112074  0.0  -0.06953966  0.0  1  0  0  0  0  0
  160  117  143 0.076773286 0.0 2108 1744 1999  0.0  0.0  1.0  0.0  0  0  0  0  0  0
  160  117  143 0.076773286 0.0 2234 1854 1924  0.07478297  0.0  0.025924621  0.0  1  0  0  0  0  0
  160  117  143 0.076773286 0.0 4 4 7  0.07985401  0.0  -0.04012757  0.0  1  0  0  0  0  0
  160  117  143 0.076773286 0.0 9 5 7  0.07210934  0.0  0.06074957  0.0  1  0  0  0  0  0
  160  117  143 0.076773286 0.0 16 7 13  0.07577777  0.0  0.012966968  0.0  1  0  0  0  0  0
  160  117  143 0.076773286 0.0 17 7 19  0.07334256  0.0  0.04468643  0.0  1  0  0  0  0  0
  170  123  144 0.20959663 0.0 25 12 140  0.32272208  0.0  -0.5397293  0.0  2  0  0  0  1  0
  170  123  144 0.20959663 0.0 169 123 140  0.19630575  0.0  0.06341171  0.0  2  0  0  0  0  0
  170  123  144 0.20959663 0.0 194 139 140  0.1550368  0.0  0.2603087  0.0  2  0  0  0  0  0
  170  123  144 0.20959663 0.0 197 140 167  0.37962294  0.0  -0.81120723  0.0  2  0  0  0  1  0
  170  123  144 0.20959663 0.0 2854 1882 140  0.2022245  0.0  0.03517299  0.0  2  0  0  0  0  0
  170  123  144 0.20959663 0.0 160 117 143  0.9074895  0.0  -3.329695  0.0  5  0  1  0  1  0
  170  123  144 0.20959663 0.0 2830 1655 117  0.080485225  0.0  0.61599946  0.0  1  0  0  0  0  0
  170  123  144 0.20959663 0.0 15 7 12  0.2076683  0.0  0.009200193  0.0  2  0  0  0  0  0
  170  123  144 0.20959663 0.0 2742 359 12  0.22777545  0.0  -0.08673241  0.0  2  0  0  0  0  0
  170  123  144 0.20959663 0.0 2743 360 12  0.23035395  0.0  -0.09903459  0.0  2  0  0  0  0  0
  170  123  144 0.20959663 0.0 151 111 123  0.14780664  0.0  0.2948043  0.0  2  0  0  0  0  0
  170  123  144 0.20959663 0.0 168 123 124  0.21012914  0.0  -0.002540632  0.0  2  0  0  0  0  0
  170  123  144 0.20959663 0.0 2836 1760 123  0.2109034  0.0  -0.0062347003  0.0  2  0  0  0  0  0
  170  123  144 0.20959663 0.0 2837 1762 123  0.21613431  0.0  -0.031191703  0.0  2  0  0  0  0  0
  170  123  144 0.20959663 0.0 2838 1764 123  0.20506155  0.0  0.021637175  0.0  2  0  0  0  0  0
  170  123  144 0.20959663 0.0 171 124 139  0.19790244  0.0  0.0557938  0.0  2  0  0  0  0  0
  170  123  144 0.20959663 0.0 195 139 166  0.3874451  0.0  -0.84852725  0.0  2  0  0  0  1  0
  170  123  144 0.20959663 0.0 196 139 174  0.57012635  0.0  -1.7201122  0.0  3  0  1  0  1  0
  170  123  144 0.20959663 0.0 223 164 167  0.25962675  0.0  -0.23869711  0.0  2  0  0  0  0  0
  170  123  144 0.20959663 0.0 224 166 167  0.21401274  0.0  -0.021069556  0.0  2  0  0  0  0  0
  170  123  144 0.20959663 0.0 2882 2196 167  0.21692884  0.0  -0.034982458  0.0  2  0  0  0  0  0
  170  123  144 0.20959663 0.0 2269 1882 2273  0.25601405  0.0  -0.22146069  0.0  2  0  0  0  0  0
  170  123  144 0.20959663 0.0 2270 1882 2333  0.35540986  0.0  -0.69568497  0.0  3  0  1  0  0  0
  170  123  144 0.20959663 0.0 179 129 143  0.16323185  0.0  0.22120959  0.0  2  0  0  0  0  0
  170  123  144 0.20959663 0.0 200 143 144  0.037160277  0.0  0.82270575  0.0  2  0  0  0  0  0
  170  123  144 0.20959663 0.0 201 143 149  0.22993076  0.0  -0.09701551  0.0  3  0  0  0  1  0
  170  123  144 0.20959663 0.0 2859 143 145  0.2704935  0.0  -0.2905432  0.0  2  0  0  0  0  0
  170  123  144 0.20959663 0.0 1943 1646 1655  0.1903938  0.0  0.09161802  0.0  2  0  0  0  0  0
  170  123  144 0.20959663 0.0 1967 1655 1901  0.19573498  0.0  0.066134915  0.0  2  0  0  0  0  0
  170  123  144 0.20959663 0.0 4 4 7  0.2180283  0.0  -0.040228095  0.0  2  0  0  0  0  0
  170  123  144 0.20959663 0.0 9 5 7  0.1989584  0.0  0.05075576  0.0  2  0  0  0  0  0
  170  123  144 0.20959663 0.0 16 7 13  0.20722413  0.0  0.0113193765  0.0  2  0  0  0  0  0
  170  123  144 0.20959663 0.0 17 7 19  0.20380712  0.0  0.027622191  0.0  2  0  0  0  0  0
  170  123  144 0.20959663 0.0 18 7 21  0.2128942  0.0  -0.015732922  0.0  2  0  0  0  0  0
  170  123  144 0.20959663 0.0 19 7 29  0.17136681  0.0  0.18239713  0.0  2  0  0  0  0  0
  170  123  144 0.20959663 0.0 2735 321 7  0.21760762  0.0  -0.038220953  0.0  2  0  0  0  0  0
  170  123  144 0.20959663 0.0 2736 322 7  0.21213794  0.0  -0.012124735  0.0  2  0  0  0  0  0
  170  123  144 0.20959663 0.0 507 359 375  0.2095232  0.0  3.5035354E-4  0.0  2  0  0  0  0  0
  170  123  144 0.20959663 0.0 508 359 378  0.20916569  0.0  0.002056052  0.0  2  0  0  0  0  0
  170  123  144 0.20959663 0.0 509 359 393  0.22027063  0.0  -0.05092639  0.0  2  0  0  0  0  0
  170  123  144 0.20959663 0.0 502 356 360  0.22956479  0.0  -0.095269434  0.0  2  0  0  0  0  0
  170  123  144 0.20959663 0.0 24 11 111  0.21116984  0.0  -0.0075058695  0.0  2  0  0  0  0  0
  170  123  144 0.20959663 0.0 150 111 112  0.27030456  0.0  -0.2896417  0.0  2  0  0  0  1  0
  170  123  144 0.20959663 0.0 152 111 124  0.15209353  0.0  0.27435127  0.0  2  0  0  0  0  0
  170  123  144 0.20959663 0.0 2824 1603 111  0.2112484  0.0  -0.007880679  0.0  2  0  0  0  0  0
  170  123  144 0.20959663 0.0 36 19 124  0.31049836  0.0  -0.48140907  0.0  2  0  0  0  1  0
  170  123  144 0.20959663 0.0 2839 1761 124  0.29561162  0.0  -0.41038343  0.0  1  0  0  0  1  0
  170  123  144 0.20959663 0.0 2840 1763 124  0.20967066  0.0  -3.531973E-4  0.0  2  0  0  0  0  0
  170  123  144 0.20959663 0.0 198 141 144  0.11111128  0.0  0.4698804  0.0  2  0  0  0  0  0
  170  123  144 0.20959663 0.0 202 144 147  0.20922661  0.0  0.0017654179  0.0  2  0  0  0  0  0
  2020  1682  2029 0.07400942 0.0 2135 1761 1855  0.40171576  0.0  -4.4279003  0.0  2  0  1  0  1  0
  2020  1682  2029 0.07400942 0.0 2136 1761 1883  0.035455585  0.0  0.5209315  0.0  1  0  0  0  0  0
  2020  1682  2029 0.07400942 0.0 2137 1761 2234  0.23590207  0.0  -2.1874602  0.0  2  0  1  0  1  0
  2020  1682  2029 0.07400942 0.0 2839 1761 124  0.0  0.0  1.0  0.0  0  0  0  0  0  0
  2020  1682  2029 0.07400942 0.0 2895 1763 1761  0.02215457  0.0  0.700652  0.0  1  0  0  0  0  0
  2020  1682  2029 0.07400942 0.0 1940 1644 1971  0.011827171  0.0  0.8401937  0.0  1  0  0  0  0  0
  2020  1682  2029 0.07400942 0.0 2235 1855 2101  0.36843562  0.0  -3.9782262  0.0  2  0  1  0  1  0
  2020  1682  2029 0.07400942 0.0 2272 1883 2244  0.0835855  0.0  -0.12939005  0.0  1  0  0  0  0  0
  2020  1682  2029 0.07400942 0.0 2273 1883 2278  0.0907383  0.0  -0.22603714  0.0  2  0  0  0  0  0
  2020  1682  2029 0.07400942 0.0 2625 2234 2361  0.20111382  0.0  -1.7174084  0.0  2  0  1  0  1  0
  2020  1682  2029 0.07400942 0.0 36 19 124  0.0815928  0.0  -0.10246506  0.0  1  0  0  0  0  0
  2020  1682  2029 0.07400942 0.0 152 111 124  0.06786907  0.0  0.08296716  0.0  1  0  0  0  0  0
  2020  1682  2029 0.07400942 0.0 168 123 124  0.07700658  0.0  -0.04049701  0.0  1  0  0  0  0  0
  2020  1682  2029 0.07400942 0.0 171 124 139  0.074323535  0.0  -0.0042442773  0.0  1  0  0  0  0  0
  2020  1682  2029 0.07400942 0.0 2840 1763 124  0.09949553  0.0  -0.3443631  0.0  2  0  0  0  0  0
  2020  1682  2029 0.07400942 0.0 2356 1971 2047  0.0  0.0  1.0  0.0  0  0  0  0  0  0
  2020  1682  2029 0.07400942 0.0 2200 1825 2101  0.34877622  0.0  -3.7125924  0.0  2  0  1  0  1  0
  2020  1682  2029 0.07400942 0.0 2639 2244 2310  0.070658445  0.0  0.04527766  0.0  1  0  0  0  0  0
  2020  1682  2029 0.07400942 0.0 2601 2215 2278  0.079660416  0.0  -0.07635511  0.0  1  0  0  0  0  0
  2020  1682  2029 0.07400942 0.0 2583 2200 2361  0.082710385  0.0  -0.11756567  0.0  1  0  0  0  0  0
  2020  1682  2029 0.07400942 0.0 2717 2358 2361  0.073821545  0.0  0.0025385127  0.0  1  0  0  0  0  0
  2020  1682  2029 0.07400942 0.0 2719 2361 2362  0.09594011  0.0  -0.29632303  0.0  2  0  0  0  0  0
  2020  1682  2029 0.07400942 0.0 17 7 19  0.07309914  0.0  0.012299544  0.0  1  0  0  0  0  0
  2020  1682  2029 0.07400942 0.0 2751 425 19  0.07601237  0.0  -0.027063508  0.0  1  0  0  0  0  0
  2020  1682  2029 0.07400942 0.0 24 11 111  0.07269633  0.0  0.017742205  0.0  1  0  0  0  0  0
  2020  1682  2029 0.07400942 0.0 150 111 112  0.07817042  0.0  -0.056222577  0.0  1  0  0  0  0  0
  2020  1682  2029 0.07400942 0.0 151 111 123  0.06750536  0.0  0.0878815  0.0  1  0  0  0  0  0
  2020  1682  2029 0.07400942 0.0 2824 1603 111  0.07377517  0.0  0.003165087  0.0  1  0  0  0  0  0
  2020  1682  2029 0.07400942 0.0 169 123 140  0.07430172  0.0  -0.003949513  0.0  1  0  0  0  0  0
  2020  1682  2029 0.07400942 0.0 170 123 144  0.94676435  0.0  -11.792484  0.0  4  0  1  0  1  0
  2020  1682  2029 0.07400942 0.0 2836 1760 123  0.07388651  0.0  0.001660664  0.0  1  0  0  0  0  0
  2020  1682  2029 0.07400942 0.0 2837 1762 123  0.07330096  0.0  0.009572577  0.0  1  0  0  0  0  0
  2020  1682  2029 0.07400942 0.0 2838 1764 123  0.074694276  0.0  -0.009253652  0.0  1  0  0  0  0  0
  2020  1682  2029 0.07400942 0.0 194 139 140  0.0770694  0.0  -0.041345865  0.0  1  0  0  0  0  0
  2020  1682  2029 0.07400942 0.0 195 139 166  0.08291268  0.0  -0.12029908  0.0  1  0  0  0  0  0
  2020  1682  2029 0.07400942 0.0 196 139 174  0.054212093  0.0  0.26749736  0.0  2  0  0  0  0  0
  2020  1682  2029 0.07400942 0.0 2208 1833 2047  0.0  0.0  1.0  0.0  0  0  0  0  0  0
  2020  1682  2029 0.07400942 0.0 2237 1856 2047  0.0  0.0  1.0  0.0  0  0  0  0  0  0
  2020  1682  2029 0.07400942 0.0 2085 1727 1825  0.33864045  0.0  -3.57564  0.0  2  0  1  0  1  0
  2020  1682  2029 0.07400942 0.0 2666 2273 2310  0.048727274  0.0  0.34160712  0.0  1  0  0  0  0  0
  2020  1682  2029 0.07400942 0.0 2600 2215 2217  0.07705808  0.0  -0.041192845  0.0  1  0  0  0  0  0
  2020  1682  2029 0.07400942 0.0 2488 2154 2200  0.07921505  0.0  -0.070337415  0.0  1  0  0  0  0  0
  2020  1682  2029 0.07400942 0.0 2713 2357 2358  0.07280028  0.0  0.016337648  0.0  1  0  0  0  0  0
  2020  1682  2029 0.07400942 0.0 2491 2155 2362  0.07923162  0.0  -0.070561305  0.0  1  0  0  0  0  0
  2020  1682  2029 0.07400942 0.0 2614 2226 2362  0.062360406  0.0  0.15739906  0.0  1  0  0  0  0  0
  2020  1682  2029 0.07400942 0.0 2622 2232 2362  0.10394323  0.0  -0.40445948  0.0  2  0  0  0  0  0
  2020  1682  2029 0.07400942 0.0 4 4 7  0.07394755  0.0  8.359696E-4  0.0  1  0  0  0  0  0
  2020  1682  2029 0.07400942 0.0 9 5 7  0.073165655  0.0  0.011400756  0.0  1  0  0  0  0  0
  2020  1682  2029 0.07400942 0.0 15 7 12  0.07344675  0.0  0.007602652  0.0  1  0  0  0  0  0
  2020  1682  2029 0.07400942 0.0 16 7 13  0.07374966  0.0  0.0035097837  0.0  1  0  0  0  0  0
  2271  1883  2064 0.08532798 0.0 2135 1761 1855  0.4260292  0.0  -3.992843  0.0  3  0  1  0  1  0
  2271  1883  2064 0.08532798 0.0 2136 1761 1883  0.03774351  0.0  0.5576655  0.0  1  0  0  0  0  0
  2271  1883  2064 0.08532798 0.0 2137 1761 2234  0.26159918  0.0  -2.0658076  0.0  2  0  1  0  1  0
  2271  1883  2064 0.08532798 0.0 2839 1761 124  0.0  0.0  1.0  0.0  0  0  0  0  0  0
  2271  1883  2064 0.08532798 0.0 2895 1763 1761  0.033887625  0.0  0.6028545  0.0  1  0  0  0  0  0
  2271  1883  2064 0.08532798 0.0 1940 1644 1971  0.025592327  0.0  0.7000711  0.0  1  0  0  0  0  0
  2271  1883  2064 0.08532798 0.0 2235 1855 2101  0.39151144  0.0  -3.5883124  0.0  2  0  1  0  1  0
  2271  1883  2064 0.08532798 0.0 2272 1883 2244  0.10374963  0.0  -0.21589224  0.0  2  0  0  0  0  0
  2271  1883  2064 0.08532798 0.0 2273 1883 2278  0.11372745  0.0  -0.33282712  0.0  2  0  0  0  0  0
  2271  1883  2064 0.08532798 0.0 2625 2234 2361  0.2267369  0.0  -1.6572397  0.0  2  0  1  0  1  0
  2271  1883  2064 0.08532798 0.0 36 19 124  0.098964095  0.0  -0.1598082  0.0  2  0  0  0  0  0
  2271  1883  2064 0.08532798 0.0 152 111 124  0.07918382  0.0  0.07200646  0.0  1  0  0  0  0  0
  2271  1883  2064 0.08532798 0.0 168 123 124  0.09008002  0.0  -0.05569146  0.0  2  0  0  0  0  0
  2271  1883  2064 0.08532798 0.0 171 124 139  0.08560157  0.0  -0.003206279  0.0  1  0  0  0  0  0
  2271  1883  2064 0.08532798 0.0 2840 1763 124  0.12222648  0.0  -0.43243134  0.0  2  0  0  0  0  0
  2271  1883  2064 0.08532798 0.0 2356 1971 2047  0.0  0.0  1.0  0.0  0  0  0  0  0  0
  2271  1883  2064 0.08532798 0.0 2200 1825 2101  0.37221682  0.0  -3.3621893  0.0  2  0  1  0  1  0
  2271  1883  2064 0.08532798 0.0 2639 2244 2310  0.08225095  0.0  0.03606121  0.0  1  0  0  0  0  0
  2271  1883  2064 0.08532798 0.0 2601 2215 2278  0.09592199  0.0  -0.12415634  0.0  2  0  0  0  0  0
  2271  1883  2064 0.08532798 0.0 2583 2200 2361  0.10117936  0.0  -0.18576999  0.0  2  0  0  0  0  0
  2271  1883  2064 0.08532798 0.0 2717 2358 2361  0.085225224  0.0  0.0012042756  0.0  1  0  0  0  0  0
  2271  1883  2064 0.08532798 0.0 2719 2361 2362  0.118314385  0.0  -0.38658366  0.0  2  0  0  0  0  0
  2271  1883  2064 0.08532798 0.0 17 7 19  0.08439088  0.0  0.010982378  0.0  1  0  0  0  0  0
  2271  1883  2064 0.08532798 0.0 2751 425 19  0.08807862  0.0  -0.03223603  0.0  2  0  0  0  0  0
  2271  1883  2064 0.08532798 0.0 24 11 111  0.08404398  0.0  0.015047857  0.0  1  0  0  0  0  0
  2271  1883  2064 0.08532798 0.0 150 111 112  0.092244506  0.0  -0.081058085  0.0  2  0  0  0  0  0
  2271  1883  2064 0.08532798 0.0 151 111 123  0.07880759  0.0  0.07641562  0.0  1  0  0  0  0  0
  2271  1883  2064 0.08532798 0.0 2824 1603 111  0.08505714  0.0  0.0031741464  0.0  1  0  0  0  0  0
  2271  1883  2064 0.08532798 0.0 169 123 140  0.08559537  0.0  -0.0031336313  0.0  1  0  0  0  0  0
  2271  1883  2064 0.08532798 0.0 170 123 144  0.9931586  0.0  -10.639307  0.0  4  0  1  0  1  0
  2271  1883  2064 0.08532798 0.0 2836 1760 123  0.08516204  0.0  0.0019447234  0.0  1  0  0  0  0  0
  2271  1883  2064 0.08532798 0.0 2837 1762 123  0.084661365  0.0  0.0078124236  0.0  1  0  0  0  0  0
  2271  1883  2064 0.08532798 0.0 2838 1764 123  0.085966825  0.0  -0.007486906  0.0  1  0  0  0  0  0
  2271  1883  2064 0.08532798 0.0 194 139 140  0.09009063  0.0  -0.055815797  0.0  2  0  0  0  0  0
  2271  1883  2064 0.08532798 0.0 195 139 166  0.101442575  0.0  -0.18885472  0.0  2  0  0  0  0  0
  2271  1883  2064 0.08532798 0.0 196 139 174  0.07508063  0.0  0.12009366  0.0  2  0  0  0  0  0
  2271  1883  2064 0.08532798 0.0 2208 1833 2047  0.0  0.0  1.0  0.0  0  0  0  0  0  0
  2271  1883  2064 0.08532798 0.0 2237 1856 2047  0.0  0.0  1.0  0.0  0  0  0  0  0  0
  2271  1883  2064 0.08532798 0.0 2085 1727 1825  0.36195862  0.0  -3.2419686  0.0  2  0  1  0  1  0
  2271  1883  2064 0.08532798 0.0 2666 2273 2310  0.06030953  0.0  0.29320338  0.0  1  0  0  0  0  0
  2271  1883  2064 0.08532798 0.0 2600 2215 2217  0.09090066  0.0  -0.0653089  0.0  2  0  0  0  0  0
  2271  1883  2064 0.08532798 0.0 2488 2154 2200  0.09441292  0.0  -0.106470816  0.0  2  0  0  0  0  0
  2271  1883  2064 0.08532798 0.0 2713 2357 2358  0.08437896  0.0  0.011122086  0.0  1  0  0  0  0  0
  2271  1883  2064 0.08532798 0.0 2491 2155 2362  0.09437287  0.0  -0.1060014  0.0  2  0  0  0  0  0
  2271  1883  2064 0.08532798 0.0 2614 2226 2362  0.07373607  0.0  0.13585123  0.0  1  0  0  0  0  0
  2271  1883  2064 0.08532798 0.0 2622 2232 2362  0.12601328  0.0  -0.47681072  0.0  2  0  0  0  0  0
  2271  1883  2064 0.08532798 0.0 4 4 7  0.08522773  0.0  0.0011749371  0.0  1  0  0  0  0  0
  2271  1883  2064 0.08532798 0.0 9 5 7  0.08447027  0.0  0.010051929  0.0  1  0  0  0  0  0
  2271  1883  2064 0.08532798 0.0 15 7 12  0.08471739  0.0  0.0071558002  0.0  1  0  0  0  0  0
  2271  1883  2064 0.08532798 0.0 16 7 13  0.085041046  0.0  0.003362751  0.0  1  0  0  0  0  0
  2389  2029  2064 0.08540094 0.0 2135 1761 1855  0.4254223  0.0  -3.981471  0.0  3  0  1  0  1  0
  2389  2029  2064 0.08540094 0.0 2136 1761 1883  0.03781587  0.0  0.5571961  0.0  1  0  0  0  0  0
  2389  2029  2064 0.08540094 0.0 2137 1761 2234  0.26165915  0.0  -2.0638907  0.0  2  0  1  0  1  0
  2389  2029  2064 0.08540094 0.0 2839 1761 124  0.0  0.0  1.0  0.0  0  0  0  0  0  0
  2389  2029  2064 0.08540094 0.0 2895 1763 1761  0.033931732  0.0  0.6026773  0.0  1  0  0  0  0  0
  2389  2029  2064 0.08540094 0.0 1940 1644 1971  0.025635302  0.0  0.6998241  0.0  1  0  0  0  0  0
  2389  2029  2064 0.08540094 0.0 2235 1855 2101  0.3912388  0.0  -3.5812004  0.0  2  0  1  0  1  0
  2389  2029  2064 0.08540094 0.0 2272 1883 2244  0.10435927  0.0  -0.22199206  0.0  2  0  0  0  0  0
  2389  2029  2064 0.08540094 0.0 2273 1883 2278  0.114332676  0.0  -0.3387754  0.0  2  0  0  0  0  0
  2389  2029  2064 0.08540094 0.0 2625 2234 2361  0.22688174  0.0  -1.6566657  0.0  2  0  1  0  1  0
  2389  2029  2064 0.08540094 0.0 36 19 124  0.098926544  0.0  -0.1583777  0.0  2  0  0  0  0  0
  2389  2029  2064 0.08540094 0.0 152 111 124  0.07927418  0.0  0.07174115  0.0  1  0  0  0  0  0
  2389  2029  2064 0.08540094 0.0 168 123 124  0.090211034  0.0  -0.056323677  0.0  2  0  0  0  0  0
  2389  2029  2064 0.08540094 0.0 171 124 139  0.08565688  0.0  -0.00299695  0.0  1  0  0  0  0  0
  2389  2029  2064 0.08540094 0.0 2840 1763 124  0.122321606  0.0  -0.43232155  0.0  2  0  0  0  0  0
  2389  2029  2064 0.08540094 0.0 2356 1971 2047  0.0  0.0  1.0  0.0  0  0  0  0  0  0
  2389  2029  2064 0.08540094 0.0 2200 1825 2101  0.37178278  0.0  -3.3533804  0.0  2  0  1  0  1  0
  2389  2029  2064 0.08540094 0.0 2639 2244 2310  0.08229184  0.0  0.036405895  0.0  1  0  0  0  0  0
  2389  2029  2064 0.08540094 0.0 2601 2215 2278  0.096266985  0.0  -0.12723567  0.0  2  0  0  0  0  0
  2389  2029  2064 0.08540094 0.0 2583 2200 2361  0.101290464  0.0  -0.18605797  0.0  2  0  0  0  0  0
  2389  2029  2064 0.08540094 0.0 2717 2358 2361  0.08525586  0.0  0.0016987835  0.0  1  0  0  0  0  0
  2389  2029  2064 0.08540094 0.0 2719 2361 2362  0.11840582  0.0  -0.38646975  0.0  2  0  0  0  0  0
  2389  2029  2064 0.08540094 0.0 17 7 19  0.0844636  0.0  0.010975788  0.0  1  0  0  0  0  0
  2389  2029  2064 0.08540094 0.0 2751 425 19  0.08817029  0.0  -0.032427642  0.0  2  0  0  0  0  0
  2389  2029  2064 0.08540094 0.0 24 11 111  0.08409691  0.0  0.0152695095  0.0  1  0  0  0  0  0
  2389  2029  2064 0.08540094 0.0 150 111 112  0.09235728  0.0  -0.08145507  0.0  2  0  0  0  0  0
  2389  2029  2064 0.08540094 0.0 151 111 123  0.07892692  0.0  0.07580734  0.0  1  0  0  0  0  0
  2389  2029  2064 0.08540094 0.0 2824 1603 111  0.0851146  0.0  0.0033528989  0.0  1  0  0  0  0  0
  2389  2029  2064 0.08540094 0.0 169 123 140  0.08566117  0.0  -0.0030472015  0.0  1  0  0  0  0  0
  2389  2029  2064 0.08540094 0.0 170 123 144  0.9923651  0.0  -10.620072  0.0  4  0  1  0  1  0
  2389  2029  2064 0.08540094 0.0 2836 1760 123  0.08522272  0.0  0.0020868375  0.0  1  0  0  0  0  0
  2389  2029  2064 0.08540094 0.0 2837 1762 123  0.08467877  0.0  0.008456228  0.0  1  0  0  0  0  0
  2389  2029  2064 0.08540094 0.0 2838 1764 123  0.08598924  0.0  -0.006888658  0.0  1  0  0  0  0  0
  2389  2029  2064 0.08540094 0.0 194 139 140  0.09019196  0.0  -0.056100335  0.0  2  0  0  0  0  0
  2389  2029  2064 0.08540094 0.0 195 139 166  0.10157657  0.0  -0.18940808  0.0  2  0  0  0  0  0
  2389  2029  2064 0.08540094 0.0 196 139 174  0.075095534  0.0  0.12067086  0.0  2  0  0  0  0  0
  2389  2029  2064 0.08540094 0.0 2208 1833 2047  0.0  0.0  1.0  0.0  0  0  0  0  0  0
  2389  2029  2064 0.08540094 0.0 2237 1856 2047  0.0  0.0  1.0  0.0  0  0  0  0  0  0
  2389  2029  2064 0.08540094 0.0 2085 1727 1825  0.3617016  0.0  -3.2353354  0.0  2  0  1  0  1  0
  2389  2029  2064 0.08540094 0.0 2666 2273 2310  0.060389042  0.0  0.29287612  0.0  1  0  0  0  0  0
  2389  2029  2064 0.08540094 0.0 2600 2215 2217  0.0909003  0.0  -0.064394645  0.0  2  0  0  0  0  0
  2389  2029  2064 0.08540094 0.0 2488 2154 2200  0.09450114  0.0  -0.10655853  0.0  2  0  0  0  0  0
  2389  2029  2064 0.08540094 0.0 2713 2357 2358  0.08444393  0.0  0.011206108  0.0  1  0  0  0  0  0
  2389  2029  2064 0.08540094 0.0 2491 2155 2362  0.09448695  0.0  -0.10639242  0.0  2  0  0  0  0  0
  2389  2029  2064 0.08540094 0.0 2614 2226 2362  0.07376647  0.0  0.13623351  0.0  1  0  0  0  0  0
  2389  2029  2064 0.08540094 0.0 2622 2232 2362  0.12619281  0.0  -0.4776513  0.0  2  0  0  0  0  0
  2389  2029  2064 0.08540094 0.0 4 4 7  0.0853076  0.0  0.0010929725  0.0  1  0  0  0  0  0
  2389  2029  2064 0.08540094 0.0 9 5 7  0.08451319  0.0  0.010395103  0.0  1  0  0  0  0  0
  2389  2029  2064 0.08540094 0.0 15 7 12  0.08478582  0.0  0.0072027305  0.0  1  0  0  0  0  0
  2389  2029  2064 0.08540094 0.0 16 7 13  0.08511615  0.0  0.0033347525  0.0  1  0  0  0  0  0
  2811  1384  92 0.059631824 0.0 110 68 78  0.041647553  0.0  0.30158848  0.0  1  0  0  0  0  0
  2811  1384  92 0.059631824 0.0 122 78 103  0.37813127  0.0  -5.3410983  0.0  1  0  1  0  0  0
  2811  1384  92 0.059631824 0.0 1036 835 1106  0.19829667  0.0  -2.3253496  0.0  1  0  1  0  0  0
  2811  1384  92 0.059631824 0.0 1453 1106 1166  0.107833505  0.0  -0.8083214  0.0  1  0  1  0  0  0
  2811  1384  92 0.059631824 0.0 1454 1106 1170  0.08520794  0.0  -0.42890042  0.0  1  0  1  0  0  0
  2811  1384  92 0.059631824 0.0 107 66 68  0.05692613  0.0  0.04537331  0.0  1  0  0  0  0  0
  2811  1384  92 0.059631824 0.0 2787 978 68  0.061226845  0.0  -0.026747802  0.0  2  0  0  0  0  0
  2811  1384  92 0.059631824 0.0 2788 979 68  0.060522914  0.0  -0.014943186  0.0  2  0  0  0  0  0
  2811  1384  92 0.059631824 0.0 128 83 103  0.060424566  0.0  -0.013293938  0.0  2  0  0  0  0  0
  2811  1384  92 0.059631824 0.0 145 103 104  0.06781149  0.0  -0.13716945  0.0  2  0  0  0  0  0
  2811  1384  92 0.059631824 0.0 2819 103 106  0.06280482  0.0  -0.053209737  0.0  1  0  0  0  0  0
  2811  1384  92 0.059631824 0.0 2820 1536 103  0.059641838  0.0  -1.6792343E-4  0.0  2  0  0  0  0  0
  2811  1384  92 0.059631824 0.0 1035 835 1020  0.15508866  0.0  -1.60077  0.0  1  0  1  0  0  0
  2811  1384  92 0.059631824 0.0 1541 1166 1452  0.10757685  0.0  -0.80401736  0.0  1  0  1  0  0  0
  2811  1384  92 0.059631824 0.0 1544 1170 1389  0.06569791  0.0  -0.101725616  0.0  2  0  1  0  0  0
  2811  1384  92 0.059631824 0.0 108 66 152  0.08100104  0.0  -0.3583526  0.0  1  0  0  0  0  0
  2811  1384  92 0.059631824 0.0 2784 66 67  0.04767251  0.0  0.20055255  0.0  2  0  0  0  0  0
  2811  1384  92 0.059631824 0.0 1240 962 978  0.06285989  0.0  -0.054133315  0.0  1  0  0  0  0  0
  2811  1384  92 0.059631824 0.0 1271 978 998  0.05900383  0.0  0.010531198  0.0  2  0  0  0  0  0
  2811  1384  92 0.059631824 0.0 1272 978 1024  0.059571743  0.0  0.0010075406  0.0  1  0  0  0  0  0
  2811  1384  92 0.059631824 0.0 1273 978 1293  0.06260395  0.0  -0.049841274  0.0  1  0  0  0  0  0
  2811  1384  92 0.059631824 0.0 1274 978 1318  0.062090874  0.0  -0.041237194  0.0  1  0  0  0  0  0
  2811  1384  92 0.059631824 0.0 1275 978 1478  0.059234142  0.0  0.006668959  0.0  1  0  0  0  0  0
  2811  1384  92 0.059631824 0.0 1162 911 979  0.058207035  0.0  0.023893105  0.0  2  0  0  0  0  0
  2811  1384  92 0.059631824 0.0 1255 968 979  0.060869932  0.0  -0.020762533  0.0  1  0  0  0  0  0
  2811  1384  92 0.059631824 0.0 1263 973 979  0.059422374  0.0  0.0035123983  0.0  2  0  0  0  0  0
  2811  1384  92 0.059631824 0.0 1276 979 1319  0.061792374  0.0  -0.036231477  0.0  1  0  0  0  0  0
  2811  1384  92 0.059631824 0.0 1277 979 1501  0.06250548  0.0  -0.048190024  0.0  1  0  0  0  0  0
  2811  1384  92 0.059631824 0.0 111 69 83  0.059470415  0.0  0.0027067657  0.0  2  0  0  0  0  0
  2811  1384  92 0.059631824 0.0 127 83 84  0.0632571  0.0  -0.06079428  0.0  1  0  0  0  0  0
  2811  1384  92 0.059631824 0.0 2802 1141 83  0.060440063  0.0  -0.01355382  0.0  1  0  0  0  0  0
  2811  1384  92 0.059631824 0.0 90 60 104  0.16164935  0.0  -1.7107899  0.0  1  0  0  0  1  0
  2811  1384  92 0.059631824 0.0 136 90 104  0.059533834  0.0  0.0016432507  0.0  2  0  0  0  0  0
  2811  1384  92 0.059631824 0.0 2821 1538 104  0.05980742  0.0  -0.0029446573  0.0  1  0  0  0  0  0
  2811  1384  92 0.059631824 0.0 138 92 106  0.059597492  0.0  5.7573745E-4  0.0  2  0  0  0  0  0
  2811  1384  92 0.059631824 0.0 146 105 106  0.05964434  0.0  -2.0990429E-4  0.0  2  0  0  0  0  0
  2811  1384  92 0.059631824 0.0 1366 1045 1536  0.06015134  0.0  -0.008712027  0.0  1  0  0  0  0  0
  2811  1384  92 0.059631824 0.0 1538 1163 1536  0.059485793  0.0  0.0024488834  0.0  1  0  0  0  0  0
  2811  1384  92 0.059631824 0.0 1592 1204 1536  0.059551597  0.0  0.0013453865  0.0  1  0  0  0  0  0
  2811  1384  92 0.059631824 0.0 1675 1276 1536  0.05943227  0.0  0.003346474  0.0  2  0  0  0  0  0
  2811  1384  92 0.059631824 0.0 1100 872 1020  0.059371352  0.0  0.004368008  0.0  2  0  0  0  0  0
  2811  1384  92 0.059631824 0.0 1332 1020 1522  0.05949533  0.0  0.0022889562  0.0  2  0  0  0  0  0
  2811  1384  92 0.059631824 0.0 1484 1127 1452  0.08057237  0.0  -0.35116386  0.0  2  0  0  0  0  0
  2811  1384  92 0.059631824 0.0 1727 1351 1452  0.13101125  0.0  -1.1970022  0.0  1  0  0  0  1  0
  2811  1384  92 0.059631824 0.0 1107 876 1389  0.23158157  0.0  -2.8835232  0.0  1  0  1  0  0  0
  2811  1384  92 0.059631824 0.0 1758 1389 1537  0.13878393  0.0  -1.3273467  0.0  2  0  0  0  1  0
  2811  1384  92 0.059631824 0.0 207 150 152  0.06361508  0.0  -0.06679754  0.0  1  0  0  0  0  0
  2811  1384  92 0.059631824 0.0 2867 2090 152  0.06271231  0.0  -0.051658444  0.0  1  0  0  0  0  0
  2811  1384  92 0.059631824 0.0 37 20 67  0.057950974  0.0  0.028187146  0.0  2  0  0  0  0  0
  2811  1384  92 0.059631824 0.0 109 67 138  0.074834466  0.0  -0.25494173  0.0  3  0  0  0  0  0
