  psseraw:file=input/case2383busPsse30_rev21.raw&lowx=adjust
 -1  31  125  -1 0.30035067 0.0  2842  126  127 0.30035067 4.6
 -2  176  127  128 0.72326994 0.0  2842  126  127 0.72326994 4.6
 -2  177  127  157 0.17985821 0.0  2842  126  127 0.17985821 4.6
 -2  162  118  126 0.26272774 0.0  2842  126  127 0.26272774 4.6
 -2  172  125  126 0.0 0.0  -6  -6  -6  -6  -6
 -2  175  126  186 0.3266468 0.0  2842  126  127 0.3266468 4.6
 -2  178  128  145 0.7458968 0.0  2842  126  127 0.7458968 4.6
 -2  211  157  158 0.0 0.0  -6  -6  -6  -6  -6
 -2  2872  2157  157 0.354527 0.0  2842  126  127 0.354527 4.6
 -2  163  118  142 0.2917757 0.0  2842  126  127 0.2917757 4.6
 -2  2831  1680  118 0.2846694 0.0  2842  126  127 0.2846694 4.6
 -2  164  120  125 0.067839146 0.0  2842  126  127 0.067839146 4.6
 -2  173  125  135 0.2151084 0.0  2842  126  127 0.2151084 4.6
 -2  174  125  186 0.32687902 0.0  2842  126  127 0.32687902 4.6
 -2  2841  1775  125 0.27040577 0.0  2842  126  127 0.27040577 4.6
 -2  2859  143  145 0.30293894 0.0  2842  126  127 0.30293894 4.6
 -2  2861  1906  145 0.42619562 0.0  2842  126  127 0.42619562 4.6
 -2  212  158  176 0.0 0.0  -6  -6  -6  -6  -6
 -2  2871  156  158 0.37228203 0.0  2842  126  127 0.37228203 4.6
 -2  2492  2156  2157 0.3035884 0.0  2842  126  127 0.3035884 4.6
 -2  2494  2157  2158 0.30417395 0.0  2842  126  127 0.30417395 4.6
 -2  2495  2157  2214 0.30169058 0.0  2842  126  127 0.30169058 4.6
 -2  2496  2157  2351 0.3007326 0.0  2842  126  127 0.3007326 4.6
 -2  192  135  142 0.30412245 0.0  2842  126  127 0.30412245 4.6
 -2  2857  1904  142 0.29077816 0.0  2842  126  127 0.29077816 4.6
 -2  2010  1680  1681 0.30141306 0.0  2842  126  127 0.30141306 4.6
 -2  2011  1680  1921 0.29969263 0.0  2842  126  127 0.29969263 4.6
 -2  2012  1680  1960 0.3004818 0.0  2842  126  127 0.3004818 4.6
 -2  2014  1680  2012 0.2989726 0.0  2842  126  127 0.2989726 4.6
 -2  165  120  130 0.60264254 0.0  2842  126  127 0.60264254 4.6
 -2  2832  1686  120 0.24616194 0.0  2842  126  127 0.24616194 4.6
 -2  2833  1687  120 0.28280306 0.0  2842  126  127 0.28280306 4.6
 -2  2850  1845  135 0.25872707 0.0  2842  126  127 0.25872707 4.6
 -2  2851  1846  135 0.23939371 0.0  2842  126  127 0.23939371 4.6
 -2  1985  1664  1775 0.2700615 0.0  2842  126  127 0.2700615 4.6
 -2  160  117  143 0.468356 0.0  2830  1655  117 0.18168485 1.84
 -2  160  117  143 0.468356 0.0  2842  126  127 0.28667116 4.6
 -2  179  129  143 0.36740685 0.0  2842  126  127 0.36740685 4.6
 -2  200  143  144 0.2890334 0.0  2842  126  127 0.2890334 4.6
 -2  201  143  149 0.32209158 0.0  2842  126  127 0.32209158 4.6
 -2  1917  1633  1906 0.3960371 0.0  2842  126  127 0.3960371 4.6
 -2  2080  1724  1906 0.29591417 0.0  2842  126  127 0.29591417 4.6
 -2  2107  1744  1906 0.3098545 0.0  2842  126  127 0.3098545 4.6
 -2  2198  1824  1906 0.29412985 0.0  2842  126  127 0.29412985 4.6
 -2  2299  1906  1907 0.28754663 0.0  2842  126  127 0.28754663 4.6
 -2  2301  1906  1959 0.30260468 0.0  2842  126  127 0.30260468 4.6
 -2  215  159  176 0.32735872 0.0  2842  126  127 0.32735872 4.6
 -2  231  176  177 0.2937584 0.0  2842  126  127 0.2937584 4.6
 -2  2890  2377  176 0.30483103 0.0  2842  126  127 0.30483103 4.6
 -2  2891  2378  176 0.30471325 0.0  2842  126  127 0.30471325 4.6
 -2  210  156  179 0.3731103 0.0  2842  126  127 0.3731103 4.6
 -2  2493  2156  2366 0.3018198 0.0  2842  126  127 0.3018198 4.6
 -1  205  1664  -1 0.14455462 0.0  2842  126  127 0.14455462 4.6
 -2  176  127  128 0.58610153 0.0  2842  126  127 0.58610153 4.6
 -2  177  127  157 0.03892374 0.0  2842  126  127 0.03892374 4.6
 -2  162  118  126 0.095730305 0.0  2842  126  127 0.095730305 4.6
 -2  172  125  126 0.0 0.0  -6  -6  -6  -6  -6
 -2  175  126  186 0.14446926 0.0  2842  126  127 0.14446926 4.6
 -2  178  128  145 0.609427 0.0  2842  126  127 0.609427 4.6
 -2  211  157  158 0.0 0.0  -6  -6  -6  -6  -6
 -2  2872  2157  157 0.19901419 0.0  2842  126  127 0.19901419 4.6
 -2  163  118  142 0.13449812 0.0  2842  126  127 0.13449812 4.6
 -2  2831  1680  118 0.1339562 0.0  2842  126  127 0.12841034 4.6
 -2  2831  1680  118 0.1339562 0.0  2857  1904  142 0.0055458546 1.15
 -2  164  120  125 0.0 0.0  -6  -6  -6  -6  -6
 -2  173  125  135 0.04802227 0.0  2842  126  127 0.04802227 4.6
 -2  174  125  186 0.14461803 0.0  2842  126  127 0.14461803 4.6
 -2  2841  1775  125 0.01717472 0.0  2842  126  127 0.01717472 4.6
 -2  2859  143  145 0.15184975 0.0  2842  126  127 0.15184975 4.6
 -2  2861  1906  145 0.2720914 0.0  2842  126  127 0.2720914 4.6
 -2  212  158  176 0.0 0.0  -6  -6  -6  -6  -6
 -2  2871  156  158 0.2170043 0.0  2842  126  127 0.2170043 4.6
 -2  2492  2156  2157 0.14761305 0.0  2842  126  127 0.14761305 4.6
 -2  2494  2157  2158 0.14834929 0.0  2842  126  127 0.14834929 4.6
 -2  2495  2157  2214 0.1459713 0.0  2842  126  127 0.1459713 4.6
 -2  2496  2157  2351 0.14487267 0.0  2842  126  127 0.14487267 4.6
 -2  192  135  142 0.14598036 0.0  2842  126  127 0.14598036 4.6
 -2  2857  1904  142 0.13886356 0.0  2842  126  127 0.13886356 4.6
 -2  2010  1680  1681 0.14644194 0.0  2842  126  127 0.14644194 4.6
 -2  2011  1680  1921 0.14452124 0.0  2842  126  127 0.14452124 4.6
 -2  2012  1680  1960 0.14456081 0.0  2842  126  127 0.14456081 4.6
 -2  2014  1680  2012 0.14451075 0.0  2842  126  127 0.14451075 4.6
 -2  165  120  130 0.43873787 0.0  2842  126  127 0.43873787 4.6
 -2  2832  1686  120 0.09275293 0.0  2842  126  127 0.09275293 4.6
 -2  2833  1687  120 0.12831354 0.0  2842  126  127 0.12831354 4.6
 -2  2850  1845  135 0.10074043 0.0  2842  126  127 0.10074043 4.6
 -2  2851  1846  135 0.081570625 0.0  2842  126  127 0.081570625 4.6
 -2  1985  1664  1775 0.01745224 0.0  2842  126  127 0.01745224 4.6
 -2  160  117  143 0.31010926 0.0  2830  1655  117 0.17924082 1.84
 -2  160  117  143 0.31010926 0.0  2842  126  127 0.13086843 4.6
 -2  179  129  143 0.21251917 0.0  2842  126  127 0.21251917 4.6
 -2  200  143  144 0.13363647 0.0  2842  126  127 0.13363647 4.6
 -2  201  143  149 0.16628551 0.0  2842  126  127 0.16628551 4.6
 -2  1917  1633  1906 0.24066973 0.0  2842  126  127 0.24066973 4.6
 -2  2080  1724  1906 0.14036608 0.0  2842  126  127 0.14036608 4.6
 -2  2107  1744  1906 0.15399647 0.0  2842  126  127 0.15399647 4.6
 -2  2198  1824  1906 0.13848782 0.0  2842  126  127 0.13848782 4.6
 -2  2299  1906  1907 0.13175869 0.0  2842  126  127 0.13175869 4.6
 -2  2301  1906  1959 0.14700842 0.0  2842  126  127 0.14700842 4.6
 -2  215  159  176 0.17201471 0.0  2842  126  127 0.17201471 4.6
 -2  231  176  177 0.13816023 0.0  2842  126  127 0.13816023 4.6
 -2  2890  2377  176 0.14890051 0.0  2842  126  127 0.14890051 4.6
 -2  2891  2378  176 0.14882374 0.0  2842  126  127 0.14882374 4.6
 -2  210  156  179 0.21794271 0.0  2842  126  127 0.21794271 4.6
 -2  2493  2156  2366 0.1459794 0.0  2842  126  127 0.1459794 4.6
 -1  245  1883  -1 0.09640306 0.0  2839  1761  124 0.09640306 0.92
 -2  36  19  124 0.11304408 0.0  2839  1761  124 0.11304408 0.92
 -2  152  111  124 0.07984084 0.0  2839  1761  124 0.07984084 0.92
 -2  168  123  124 0.101097405 0.0  2839  1761  124 0.101097405 0.92
 -2  171  124  139 0.10029417 0.0  2839  1761  124 0.10029417 0.92
 -2  2840  1763  124 0.103769004 0.0  2839  1761  124 0.103769004 0.92
 -2  1939  1644  1761 0.0 0.0  -6  -6  -6  -6  -6
 -2  2135  1761  1855 0.0 0.0  -6  -6  -6  -6  -6
 -2  2136  1761  1883 0.07514727 0.0  2269  1882  2273 0.07514727 1.0465
 -2  2137  1761  2234 0.15653473 0.0  2839  1761  124 0.15653473 0.92
 -2  2895  1763  1761 0.21865267 0.0  2839  1761  124 0.21865267 0.92
 -2  17  7  19 0.09327513 0.0  2839  1761  124 0.09327513 0.92
 -2  2751  425  19 0.10345703 0.0  2839  1761  124 0.10345703 0.92
 -2  24  11  111 0.09002727 0.0  2839  1761  124 0.09002727 0.92
 -2  150  111  112 0.101824224 0.0  2839  1761  124 0.101824224 0.92
 -2  151  111  123 0.07891327 0.0  2839  1761  124 0.07891327 0.92
 -2  2824  1603  111 0.09757513 0.0  2839  1761  124 0.09757513 0.92
 -2  169  123  140 0.10049027 0.0  2839  1761  124 0.10049027 0.92
 -2  170  123  144 0.39305776 0.0  159  117  140 0.15388036 3.496
 -2  170  123  144 0.39305776 0.0  2839  1761  124 0.2391774 0.92
 -2  2836  1760  123 0.09715456 0.0  2839  1761  124 0.09715456 0.92
 -2  2837  1762  123 0.09941882 0.0  2839  1761  124 0.09941882 0.92
 -2  2838  1764  123 0.09369558 0.0  2839  1761  124 0.09369558 0.92
 -2  194  139  140 0.1010111 0.0  2839  1761  124 0.1010111 0.92
 -2  195  139  166 0.13300425 0.0  2839  1761  124 0.13300425 0.92
 -2  196  139  174 0.24654454 0.0  2839  1761  124 0.24654454 0.92
 -2  1940  1644  1971 0.0 0.0  -6  -6  -6  -6  -6
 -2  2235  1855  2101 0.0 0.0  -6  -6  -6  -6  -6
 -2  2271  1883  2064 0.0 0.0  -6  -6  -6  -6  -6
 -2  2272  1883  2244 0.10334283 0.0  2839  1761  124 0.10334283 0.92
 -2  2273  1883  2278 0.102969944 0.0  2839  1761  124 0.102969944 0.92
 -2  2625  2234  2361 0.17848092 0.0  2839  1761  124 0.17848092 0.92
 -2  4  4  7 0.10063237 0.0  2839  1761  124 0.10063237 0.92
 -2  9  5  7 0.09349996 0.0  2839  1761  124 0.09349996 0.92
 -2  15  7  12 0.09416717 0.0  2839  1761  124 0.09416717 0.92
 -2  16  7  13 0.09588367 0.0  2839  1761  124 0.09588367 0.92
 -2  18  7  21 0.09745222 0.0  2839  1761  124 0.09745222 0.92
 -2  19  7  29 0.0893566 0.0  2839  1761  124 0.0893566 0.92
 -2  2735  321  7 0.09867054 0.0  2839  1761  124 0.09867054 0.92
 -2  2736  322  7 0.09736258 0.0  2839  1761  124 0.09736258 0.92
 -2  256  198  425 0.09662634 0.0  2839  1761  124 0.09662634 0.92
 -2  308  224  425 0.09676498 0.0  2839  1761  124 0.09676498 0.92
 -2  421  295  425 0.09570855 0.0  2839  1761  124 0.09570855 0.92
 -2  567  425  438 0.0963245 0.0  2839  1761  124 0.0963245 0.92
 -2  568  425  492 0.09609991 0.0  2839  1761  124 0.09609991 0.92
 -2  569  425  536 0.09667808 0.0  2839  1761  124 0.09667808 0.92
 -2  5  4  11 0.09645492 0.0  2839  1761  124 0.09645492 0.92
 -2  22  11  16 0.08798736 0.0  2839  1761  124 0.08798736 0.92
 -2  23  11  17 0.084163725 0.0  2839  1761  124 0.084163725 0.92
 -2  2740  352  11 0.09426302 0.0  2839  1761  124 0.09426302 0.92
 -2  2741  353  11 0.096100986 0.0  2839  1761  124 0.096100986 0.92
 -2  38  22  112 0.10182279 0.0  2839  1761  124 0.10182279 0.92
 -1  159  117  140 0.05039382 0.0  1939  1644  1761 0.05039382 1.035
 -2  2135  1761  1855 0.29795134 0.0  1939  1644  1761 0.19591093 1.035
 -2  2135  1761  1855 0.29795134 0.0  1940  1644  1971 0.10204041 1.035
 -2  2136  1761  1883 0.10080081 0.0  2839  1761  124 0.10080081 0.92
 -2  2137  1761  2234 0.07750487 0.0  1939  1644  1761 0.07750487 1.035
 -2  2839  1761  124 0.0 0.0  -6  -6  -6  -6  -6
 -2  2895  1763  1761 0.049182475 0.0  2839  1761  124 0.049182475 0.92
 -2  1940  1644  1971 0.0 0.0  -6  -6  -6  -6  -6
 -2  2235  1855  2101 0.26880288 0.0  1939  1644  1761 0.1808281 1.035
 -2  2235  1855  2101 0.26880288 0.0  1940  1644  1971 0.08797479 1.035
 -2  2271  1883  2064 0.58328474 0.0  1939  1644  1761 0.31809354 1.035
 -2  2271  1883  2064 0.58328474 0.0  1940  1644  1971 0.21442342 1.035
 -2  2271  1883  2064 0.58328474 0.0  2356  1971  2047 0.05076778 1.035
 -2  2272  1883  2244 0.05238998 0.0  1939  1644  1761 0.05238998 1.035
 -2  2273  1883  2278 0.05418873 0.0  1939  1644  1761 0.05418873 1.035
 -2  2625  2234  2361 0.06340003 0.0  1939  1644  1761 0.06340003 1.035
 -2  36  19  124 0.06133437 0.0  1939  1644  1761 0.06133437 1.035
 -2  152  111  124 0.043572545 0.0  1939  1644  1761 0.043572545 1.035
 -2  168  123  124 0.054089308 0.0  1939  1644  1761 0.054089308 1.035
 -2  171  124  139 0.05052507 0.0  1939  1644  1761 0.05052507 1.035
 -2  2840  1763  124 0.052951574 0.0  1939  1644  1761 0.052951574 1.035
 -2  2356  1971  2047 0.0 0.0  -6  -6  -6  -6  -6
 -2  2200  1825  2101 0.25165224 0.0  1939  1644  1761 0.17195928 1.035
 -2  2200  1825  2101 0.25165224 0.0  1940  1644  1971 0.07969296 1.035
 -2  2389  2029  2064 0.58261514 0.0  1939  1644  1761 0.318035 1.035
 -2  2389  2029  2064 0.58261514 0.0  1940  1644  1971 0.21419632 1.035
 -2  2389  2029  2064 0.58261514 0.0  2356  1971  2047 0.050383806 1.035
 -2  2639  2244  2310 0.041285634 0.0  1939  1644  1761 0.041285634 1.035
 -2  2601  2215  2278 0.048203826 0.0  1939  1644  1761 0.048203826 1.035
 -2  2583  2200  2361 0.05680096 0.0  1939  1644  1761 0.05680096 1.035
 -2  2717  2358  2361 0.047700047 0.0  1939  1644  1761 0.047700047 1.035
 -2  2719  2361  2362 0.06048262 0.0  1939  1644  1761 0.06048262 1.035
 -2  17  7  19 0.049656987 0.0  1939  1644  1761 0.049656987 1.035
 -2  2751  425  19 0.053142905 0.0  1939  1644  1761 0.053142905 1.035
 -2  24  11  111 0.050345063 0.0  1939  1644  1761 0.050345063 1.035
 -2  150  111  112 0.0572685 0.0  1939  1644  1761 0.0572685 1.035
 -2  151  111  123 0.043144703 0.0  1939  1644  1761 0.043144703 1.035
 -2  2824  1603  111 0.050245166 0.0  1939  1644  1761 0.050245166 1.035
 -2  169  123  140 0.050581098 0.0  1939  1644  1761 0.050581098 1.035
 -2  170  123  144 1.1489589 0.0  1939  1644  1761 0.42003608 1.035
 -2  170  123  144 1.1489589 0.0  1940  1644  1971 0.3092575 1.035
 -2  170  123  144 1.1489589 0.0  2356  1971  2047 0.1449871 1.035
 -2  170  123  144 1.1489589 0.0  2839  1761  124 0.2746783 0.92
 -2  2836  1760  123 0.050303817 0.0  1939  1644  1761 0.050303817 1.035
 -2  2837  1762  123 0.049862742 0.0  1939  1644  1761 0.049862742 1.035
 -2  2838  1764  123 0.05072522 0.0  1939  1644  1761 0.05072522 1.035
 -2  194  139  140 0.04999137 0.0  1939  1644  1761 0.04999137 1.035
 -2  195  139  166 0.065211415 0.0  1939  1644  1761 0.065211415 1.035
 -2  196  139  174 0.13301116 0.0  1939  1644  1761 0.017052174 1.035
 -2  196  139  174 0.13301116 0.0  2839  1761  124 0.11595899 0.92
 -2  2208  1833  2047 0.0 0.0  -6  -6  -6  -6  -6
 -2  2237  1856  2047 0.0 0.0  -6  -6  -6  -6  -6
 -2  2085  1727  1825 0.24277842 0.0  1939  1644  1761 0.16736889 1.035
 -2  2085  1727  1825 0.24277842 0.0  1940  1644  1971 0.07540953 1.035
 -2  2020  1682  2029 0.5501729 0.0  1939  1644  1761 0.30615485 1.035
 -2  2020  1682  2029 0.5501729 0.0  1940  1644  1971 0.20363986 1.035
 -2  2020  1682  2029 0.5501729 0.0  2356  1971  2047 0.040378213 1.035
 -2  2666  2273  2310 0.02503097 0.0  1939  1644  1761 0.02503097 1.035
 -2  2600  2215  2217 0.044901013 0.0  1939  1644  1761 0.044901013 1.035
 -2  2488  2154  2200 0.054003716 0.0  1939  1644  1761 0.054003716 1.035
 -2  2713  2357  2358 0.046937704 0.0  1939  1644  1761 0.046937704 1.035
 -2  2491  2155  2362 0.05354345 0.0  1939  1644  1761 0.05354345 1.035
 -2  2614  2226  2362 0.04000306 0.0  1939  1644  1761 0.04000306 1.035
 -2  2622  2232  2362 0.067833185 0.0  1939  1644  1761 0.067833185 1.035
 -2  4  4  7 0.050498486 0.0  1939  1644  1761 0.050498486 1.035
 -1  160  117  143 0.076773286 0.0  2830  1655  117 0.076773286 1.84
 -2  159  117  140 0.063348174 0.0  1939  1644  1761 0.063348174 1.035
 -2  1943  1646  1655 0.16005933 0.0  1967  1655  1901 0.16005933 1.5755
 -2  1967  1655  1901 0.61213267 0.0  1943  1646  1655 0.40960968 1.38
 -2  1967  1655  1901 0.61213267 0.0  1944  1646  1674 0.20053482 1.5755
 -2  1967  1655  1901 0.61213267 0.0  2830  1655  117 0.0019881725 1.84
 -2  25  12  140 0.11862528 0.0  2830  1655  117 0.11862528 1.84
 -2  169  123  140 0.07400918 0.0  2830  1655  117 0.07400918 1.84
 -2  194  139  140 0.049078822 0.0  2830  1655  117 0.049078822 1.84
 -2  197  140  167 0.14041781 0.0  2830  1655  117 0.14041781 1.84
 -2  2854  1882  140 0.06039238 0.0  2830  1655  117 0.06039238 1.84
 -2  179  129  143 0.06577349 0.0  2830  1655  117 0.06577349 1.84
 -2  200  143  144 0.10697532 0.0  2830  1655  117 0.10697532 1.84
 -2  201  143  149 0.10359931 0.0  2830  1655  117 0.10359931 1.84
 -2  2859  143  145 0.06298852 0.0  2830  1655  117 0.06298852 1.84
 -2  1944  1646  1674 0.1566292 0.0  1967  1655  1901 0.1566292 1.5755
 -2  2106  1744  1901 0.0 0.0  -6  -6  -6  -6  -6
 -2  2294  1901  1924 0.07540405 0.0  2830  1655  117 0.07540405 1.84
 -2  15  7  12 0.074492216 0.0  2830  1655  117 0.074492216 1.84
 -2  2742  359  12 0.084243655 0.0  2830  1655  117 0.084243655 1.84
 -2  2743  360  12 0.08477044 0.0  2830  1655  117 0.08477044 1.84
 -2  151  111  123 0.05097568 0.0  2830  1655  117 0.05097568 1.84
 -2  168  123  124 0.0788306 0.0  2830  1655  117 0.0788306 1.84
 -2  170  123  144 0.90714014 0.0  1939  1644  1761 0.1303711 1.035
 -2  170  123  144 0.90714014 0.0  1940  1644  1971 0.04121256 1.035
 -2  170  123  144 0.90714014 0.0  1943  1646  1655 0.00531888 1.38
 -2  170  123  144 0.90714014 0.0  2830  1655  117 0.7004882 1.84
 -2  170  123  144 0.90714014 0.0  2839  1761  124 0.029749393 0.92
 -2  2836  1760  123 0.07723069 0.0  2830  1655  117 0.07723069 1.84
 -2  2837  1762  123 0.07908237 0.0  2830  1655  117 0.07908237 1.84
 -2  2838  1764  123 0.07469177 0.0  2830  1655  117 0.07469177 1.84
 -2  171  124  139 0.07453406 0.0  2830  1655  117 0.07453406 1.84
 -2  195  139  166 0.14316952 0.0  2830  1655  117 0.14316952 1.84
 -2  196  139  174 0.19188058 0.0  2830  1655  117 0.19188058 1.84
 -2  223  164  167 0.09546745 0.0  2830  1655  117 0.09546745 1.84
 -2  224  166  167 0.07803321 0.0  2830  1655  117 0.07803321 1.84
 -2  2882  2196  167 0.07980049 0.0  2830  1655  117 0.07980049 1.84
 -2  2269  1882  2273 0.09800398 0.0  2830  1655  117 0.09800398 1.84
 -2  2270  1882  2333 0.14963639 0.0  2269  1882  2273 0.05330479 1.0465
 -2  2270  1882  2333 0.14963639 0.0  2830  1655  117 0.0963316 1.84
 -2  180  129  148 0.090658545 0.0  2830  1655  117 0.090658545 1.84
 -2  2843  1814  129 0.11384678 0.0  2830  1655  117 0.11384678 1.84
 -2  198  141  144 0.058745027 0.0  2830  1655  117 0.058745027 1.84
 -2  202  144  147 0.070109844 0.0  2830  1655  117 0.070109844 1.84
 -2  2860  1907  144 0.20958078 0.0  2830  1655  117 0.20958078 1.84
 -2  2864  1925  149 0.10342467 0.0  2830  1655  117 0.10342467 1.84
 -2  178  128  145 0.2171818 0.0  2830  1655  117 0.20287383 1.84
 -2  178  128  145 0.2171818 0.0  2842  126  127 0.014307976 4.6
 -2  2861  1906  145 0.2002114 0.0  2830  1655  117 0.2002114 1.84
 -2  1999  1674  1854 0.07431126 0.0  2830  1655  117 0.07431126 1.84
 -2  2000  1674  1893 0.0 0.0  -6  -6  -6  -6  -6
 -2  2001  1674  1918 0.0 0.0  -6  -6  -6  -6  -6
 -2  2107  1744  1906 0.082112074 0.0  2830  1655  117 0.082112074 1.84
 -2  2108  1744  1999 0.0 0.0  -6  -6  -6  -6  -6
 -2  2234  1854  1924 0.07478297 0.0  2830  1655  117 0.07478297 1.84
 -2  4  4  7 0.07985401 0.0  2830  1655  117 0.07985401 1.84
 -2  9  5  7 0.07210934 0.0  2830  1655  117 0.07210934 1.84
 -2  16  7  13 0.07577777 0.0  2830  1655  117 0.07577777 1.84
 -2  17  7  19 0.07334256 0.0  2830  1655  117 0.07334256 1.84
 -1  170  123  144 0.20959663 0.0  159  117  140 0.17319512 3.496
 -1  170  123  144 0.20959663 0.0  1939  1644  1761 0.03640151 1.035
 -2  25  12  140 0.32272208 0.0  159  117  140 0.27501464 3.496
 -2  25  12  140 0.32272208 0.0  1939  1644  1761 0.04770744 1.035
 -2  169  123  140 0.19630575 0.0  159  117  140 0.15780282 3.496
 -2  169  123  140 0.19630575 0.0  1939  1644  1761 0.03850293 1.035
 -2  194  139  140 0.1550368 0.0  159  117  140 0.11422968 3.496
 -2  194  139  140 0.1550368 0.0  1939  1644  1761 0.040807128 1.035
 -2  197  140  167 0.37962294 0.0  159  117  140 0.3299346 3.496
 -2  197  140  167 0.37962294 0.0  1939  1644  1761 0.04968834 1.035
 -2  2854  1882  140 0.2022245 0.0  159  117  140 0.14751005 3.496
 -2  2854  1882  140 0.2022245 0.0  1939  1644  1761 0.05471444 1.035
 -2  160  117  143 0.9074895 0.0  1939  1644  1761 0.13045001 1.035
 -2  160  117  143 0.9074895 0.0  1940  1644  1971 0.04132688 1.035
 -2  160  117  143 0.9074895 0.0  1943  1646  1655 0.0053367615 1.38
 -2  160  117  143 0.9074895 0.0  2830  1655  117 0.7005795 1.84
 -2  160  117  143 0.9074895 0.0  2839  1761  124 0.029796302 0.92
 -2  2830  1655  117 0.080485225 0.0  1939  1644  1761 0.080485225 1.035
 -2  15  7  12 0.2076683 0.0  159  117  140 0.1714344 3.496
 -2  15  7  12 0.2076683 0.0  1939  1644  1761 0.036233902 1.035
 -2  2742  359  12 0.22777545 0.0  159  117  140 0.18985152 3.496
 -2  2742  359  12 0.22777545 0.0  1939  1644  1761 0.037923932 1.035
 -2  2743  360  12 0.23035395 0.0  159  117  140 0.19203496 3.496
 -2  2743  360  12 0.23035395 0.0  1939  1644  1761 0.03831899 1.035
 -2  151  111  123 0.14780664 0.0  159  117  140 0.118578434 3.496
 -2  151  111  123 0.14780664 0.0  1939  1644  1761 0.02922821 1.035
 -2  168  123  124 0.21012914 0.0  159  117  140 0.17512345 3.496
 -2  168  123  124 0.21012914 0.0  1939  1644  1761 0.03500569 1.035
 -2  2836  1760  123 0.2109034 0.0  159  117  140 0.17457938 3.496
 -2  2836  1760  123 0.2109034 0.0  1939  1644  1761 0.036324024 1.035
 -2  2837  1762  123 0.21613431 0.0  159  117  140 0.18017697 3.496
 -2  2837  1762  123 0.21613431 0.0  1939  1644  1761 0.035957336 1.035
 -2  2838  1764  123 0.20506155 0.0  159  117  140 0.1683116 3.496
 -2  2838  1764  123 0.20506155 0.0  1939  1644  1761 0.03674996 1.035
 -2  171  124  139 0.19790244 0.0  159  117  140 0.15957832 3.496
 -2  171  124  139 0.19790244 0.0  1939  1644  1761 0.038324118 1.035
 -2  195  139  166 0.3874451 0.0  159  117  140 0.3371606 3.496
 -2  195  139  166 0.3874451 0.0  1939  1644  1761 0.050284505 1.035
 -2  196  139  174 0.57012635 0.0  159  117  140 0.45080614 3.496
 -2  196  139  174 0.57012635 0.0  1939  1644  1761 0.001599431 1.035
 -2  196  139  174 0.57012635 0.0  2839  1761  124 0.11772078 0.92
 -2  223  164  167 0.25962675 0.0  159  117  140 0.22154379 3.496
 -2  223  164  167 0.25962675 0.0  1939  1644  1761 0.038082957 1.035
 -2  224  166  167 0.21401274 0.0  159  117  140 0.17632794 3.496
 -2  224  166  167 0.21401274 0.0  1939  1644  1761 0.0376848 1.035
 -2  2882  2196  167 0.21692884 0.0  159  117  140 0.18014908 3.496
 -2  2882  2196  167 0.21692884 0.0  1939  1644  1761 0.03677976 1.035
 -2  2269  1882  2273 0.25601405 0.0  159  117  140 0.22086382 3.496
 -2  2269  1882  2273 0.25601405 0.0  2839  1761  124 0.03515023 0.92
 -2  2270  1882  2333 0.35540986 0.0  159  117  140 0.21704102 3.496
 -2  2270  1882  2333 0.35540986 0.0  2269  1882  2273 0.1099484 1.0465
 -2  2270  1882  2333 0.35540986 0.0  2839  1761  124 0.028420448 0.92
 -2  179  129  143 0.16323185 0.0  159  117  140 0.11917734 3.496
 -2  179  129  143 0.16323185 0.0  1939  1644  1761 0.04405451 1.035
 -2  200  143  144 0.037160277 0.0  159  117  140 0.008267164 3.496
 -2  200  143  144 0.037160277 0.0  1939  1644  1761 0.028893113 1.035
 -2  201  143  149 0.22993076 0.0  159  117  140 0.11403775 3.496
 -2  201  143  149 0.22993076 0.0  1939  1644  1761 0.10324836 1.035
 -2  201  143  149 0.22993076 0.0  1940  1644  1971 0.012644649 1.035
 -2  2859  143  145 0.2704935 0.0  159  117  140 0.22241807 3.496
 -2  2859  143  145 0.2704935 0.0  1939  1644  1761 0.048075438 1.035
 -2  1943  1646  1655 0.1903938 0.0  159  117  140 0.14937615 3.496
 -2  1943  1646  1655 0.1903938 0.0  1939  1644  1761 0.04101765 1.035
 -2  1967  1655  1901 0.19573498 0.0  159  117  140 0.15641427 3.496
 -2  1967  1655  1901 0.19573498 0.0  1939  1644  1761 0.039320707 1.035
 -2  4  4  7 0.2180283 0.0  159  117  140 0.18125439 3.496
 -2  4  4  7 0.2180283 0.0  1939  1644  1761 0.03677392 1.035
 -2  9  5  7 0.1989584 0.0  159  117  140 0.1635325 3.496
 -2  9  5  7 0.1989584 0.0  1939  1644  1761 0.0354259 1.035
 -2  16  7  13 0.20722413 0.0  159  117  140 0.17109036 3.496
 -2  16  7  13 0.20722413 0.0  1939  1644  1761 0.036133766 1.035
 -2  17  7  19 0.20380712 0.0  159  117  140 0.16804552 3.496
 -2  17  7  19 0.20380712 0.0  1939  1644  1761 0.035761595 1.035
 -2  18  7  21 0.2128942 0.0  159  117  140 0.17620659 3.496
 -2  18  7  21 0.2128942 0.0  1939  1644  1761 0.036687613 1.035
 -2  19  7  29 0.17136681 0.0  159  117  140 0.13977933 3.496
 -2  19  7  29 0.17136681 0.0  1939  1644  1761 0.03158748 1.035
 -2  2735  321  7 0.21760762 0.0  159  117  140 0.18048453 3.496
 -2  2735  321  7 0.21760762 0.0  1939  1644  1761 0.037123084 1.035
 -2  2736  322  7 0.21213794 0.0  159  117  140 0.17553759 3.496
 -2  2736  322  7 0.21213794 0.0  1939  1644  1761 0.03660035 1.035
 -2  507  359  375 0.2095232 0.0  159  117  140 0.17311335 3.496
 -2  507  359  375 0.2095232 0.0  1939  1644  1761 0.036409855 1.035
 -2  508  359  378 0.20916569 0.0  159  117  140 0.17278028 3.496
 -2  508  359  378 0.20916569 0.0  1939  1644  1761 0.036385417 1.035
 -2  509  359  393 0.22027063 0.0  159  117  140 0.18284822 3.496
 -2  509  359  393 0.22027063 0.0  1939  1644  1761 0.03742242 1.035
 -2  502  356  360 0.22956479 0.0  159  117  140 0.19131851 3.496
 -2  502  356  360 0.22956479 0.0  1939  1644  1761 0.038246274 1.035
 -2  24  11  111 0.21116984 0.0  159  117  140 0.1745503 3.496
 -2  24  11  111 0.21116984 0.0  1939  1644  1761 0.036619544 1.035
 -2  150  111  112 0.27030456 0.0  159  117  140 0.22666383 3.496
 -2  150  111  112 0.27030456 0.0  1939  1644  1761 0.043640733 1.035
 -2  152  111  124 0.15209353 0.0  159  117  140 0.12242222 3.496
 -2  152  111  124 0.15209353 0.0  1939  1644  1761 0.029671311 1.035
 -2  2824  1603  111 0.2112484 0.0  159  117  140 0.17493916 3.496
 -2  2824  1603  111 0.2112484 0.0  1939  1644  1761 0.036309242 1.035
 -2  36  19  124 0.31049836 0.0  159  117  140 0.26261115 3.496
 -2  36  19  124 0.31049836 0.0  1939  1644  1761 0.047887206 1.035
 -2  2839  1761  124 0.29561162 0.0  159  117  140 0.29561162 3.496
 -2  2840  1763  124 0.20967066 0.0  159  117  140 0.17091489 3.496
 -2  2840  1763  124 0.20967066 0.0  1939  1644  1761 0.038755774 1.035
 -2  198  141  144 0.11111128 0.0  159  117  140 0.089576006 3.496
 -2  198  141  144 0.11111128 0.0  1939  1644  1761 0.021535277 1.035
 -2  202  144  147 0.20922661 0.0  159  117  140 0.17259955 3.496
 -2  202  144  147 0.20922661 0.0  1939  1644  1761 0.036627054 1.035
 -1  2020  1682  2029 0.07400942 0.0  1939  1644  1761 0.07400942 1.035
 -2  2135  1761  1855 0.40171576 0.0  1939  1644  1761 0.24939239 1.035
 -2  2135  1761  1855 0.40171576 0.0  1940  1644  1971 0.15232337 1.035
 -2  2136  1761  1883 0.035455585 0.0  2839  1761  124 0.035455585 0.92
 -2  2137  1761  2234 0.23590207 0.0  1939  1644  1761 0.16348612 1.035
 -2  2137  1761  2234 0.23590207 0.0  1940  1644  1971 0.07241595 1.035
 -2  2839  1761  124 0.0 0.0  -6  -6  -6  -6  -6
 -2  2895  1763  1761 0.02215457 0.0  1939  1644  1761 0.02215457 1.035
 -2  1940  1644  1971 0.011827171 0.0  2137  1761  2234 0.011827171 0.78199995
 -2  2235  1855  2101 0.36843562 0.0  1939  1644  1761 0.23212457 1.035
 -2  2235  1855  2101 0.36843562 0.0  1940  1644  1971 0.13631105 1.035
 -2  2272  1883  2244 0.0835855 0.0  1939  1644  1761 0.0835855 1.035
 -2  2273  1883  2278 0.0907383 0.0  1939  1644  1761 0.08846903 1.035
 -2  2273  1883  2278 0.0907383 0.0  1940  1644  1971 0.002269268 1.035
 -2  2625  2234  2361 0.20111382 0.0  1939  1644  1761 0.1453917 1.035
 -2  2625  2234  2361 0.20111382 0.0  1940  1644  1971 0.055722117 1.035
 -2  36  19  124 0.0815928 0.0  1939  1644  1761 0.0815928 1.035
 -2  152  111  124 0.06786907 0.0  1939  1644  1761 0.06786907 1.035
 -2  168  123  124 0.07700658 0.0  1939  1644  1761 0.07700658 1.035
 -2  171  124  139 0.074323535 0.0  1939  1644  1761 0.074323535 1.035
 -2  2840  1763  124 0.09949553 0.0  1939  1644  1761 0.09319961 1.035
 -2  2840  1763  124 0.09949553 0.0  1940  1644  1971 0.0062959194 1.035
 -2  2356  1971  2047 0.0 0.0  -6  -6  -6  -6  -6
 -2  2200  1825  2101 0.34877622 0.0  1939  1644  1761 0.22194481 1.035
 -2  2200  1825  2101 0.34877622 0.0  1940  1644  1971 0.12683141 1.035
 -2  2639  2244  2310 0.070658445 0.0  1939  1644  1761 0.070658445 1.035
 -2  2601  2215  2278 0.079660416 0.0  1939  1644  1761 0.079660416 1.035
 -2  2583  2200  2361 0.082710385 0.0  1939  1644  1761 0.082710385 1.035
 -2  2717  2358  2361 0.073821545 0.0  1939  1644  1761 0.073821545 1.035
 -2  2719  2361  2362 0.09594011 0.0  1939  1644  1761 0.09137392 1.035
 -2  2719  2361  2362 0.09594011 0.0  1940  1644  1971 0.0045661926 1.035
 -2  17  7  19 0.07309914 0.0  1939  1644  1761 0.07309914 1.035
 -2  2751  425  19 0.07601237 0.0  1939  1644  1761 0.07601237 1.035
 -2  24  11  111 0.07269633 0.0  1939  1644  1761 0.07269633 1.035
 -2  150  111  112 0.07817042 0.0  1939  1644  1761 0.07817042 1.035
 -2  151  111  123 0.06750536 0.0  1939  1644  1761 0.06750536 1.035
 -2  2824  1603  111 0.07377517 0.0  1939  1644  1761 0.07377517 1.035
 -2  169  123  140 0.07430172 0.0  1939  1644  1761 0.07430172 1.035
 -2  170  123  144 0.94676435 0.0  159  117  140 0.43918252 3.496
 -2  170  123  144 0.94676435 0.0  1939  1644  1761 0.28997707 1.035
 -2  170  123  144 0.94676435 0.0  1940  1644  1971 0.1897924 1.035
 -2  170  123  144 0.94676435 0.0  2356  1971  2047 0.027812362 1.035
 -2  2836  1760  123 0.07388651 0.0  1939  1644  1761 0.07388651 1.035
 -2  2837  1762  123 0.07330096 0.0  1939  1644  1761 0.07330096 1.035
 -2  2838  1764  123 0.074694276 0.0  1939  1644  1761 0.074694276 1.035
 -2  194  139  140 0.0770694 0.0  1939  1644  1761 0.0770694 1.035
 -2  195  139  166 0.08291268 0.0  1939  1644  1761 0.08291268 1.035
 -2  196  139  174 0.054212093 0.0  1939  1644  1761 0.026214123 1.035
 -2  196  139  174 0.054212093 0.0  2137  1761  2234 0.02799797 0.78199995
 -2  2208  1833  2047 0.0 0.0  -6  -6  -6  -6  -6
 -2  2237  1856  2047 0.0 0.0  -6  -6  -6  -6  -6
 -2  2085  1727  1825 0.33864045 0.0  1939  1644  1761 0.21669781 1.035
 -2  2085  1727  1825 0.33864045 0.0  1940  1644  1971 0.12194264 1.035
 -2  2666  2273  2310 0.048727274 0.0  1939  1644  1761 0.048727274 1.035
 -2  2600  2215  2217 0.07705808 0.0  1939  1644  1761 0.07705808 1.035
 -2  2488  2154  2200 0.07921505 0.0  1939  1644  1761 0.07921505 1.035
 -2  2713  2357  2358 0.07280028 0.0  1939  1644  1761 0.07280028 1.035
 -2  2491  2155  2362 0.07923162 0.0  1939  1644  1761 0.07923162 1.035
 -2  2614  2226  2362 0.062360406 0.0  1939  1644  1761 0.062360406 1.035
 -2  2622  2232  2362 0.10394323 0.0  1939  1644  1761 0.095463395 1.035
 -2  2622  2232  2362 0.10394323 0.0  1940  1644  1971 0.008479834 1.035
 -2  4  4  7 0.07394755 0.0  1939  1644  1761 0.07394755 1.035
 -2  9  5  7 0.073165655 0.0  1939  1644  1761 0.073165655 1.035
 -2  15  7  12 0.07344675 0.0  1939  1644  1761 0.07344675 1.035
 -2  16  7  13 0.07374966 0.0  1939  1644  1761 0.07374966 1.035
 -1  2271  1883  2064 0.08532798 0.0  1939  1644  1761 0.08532798 1.035
 -2  2135  1761  1855 0.4260292 0.0  1939  1644  1761 0.2612722 1.035
 -2  2135  1761  1855 0.4260292 0.0  1940  1644  1971 0.1631825 1.035
 -2  2135  1761  1855 0.4260292 0.0  2356  1971  2047 0.0015745163 1.035
 -2  2136  1761  1883 0.03774351 0.0  2839  1761  124 0.03774351 0.92
 -2  2137  1761  2234 0.26159918 0.0  1939  1644  1761 0.17674935 1.035
 -2  2137  1761  2234 0.26159918 0.0  1940  1644  1971 0.084849834 1.035
 -2  2839  1761  124 0.0 0.0  -6  -6  -6  -6  -6
 -2  2895  1763  1761 0.033887625 0.0  1939  1644  1761 0.033887625 1.035
 -2  1940  1644  1971 0.025592327 0.0  2137  1761  2234 0.025592327 0.78199995
 -2  2235  1855  2101 0.39151144 0.0  1939  1644  1761 0.24411881 1.035
 -2  2235  1855  2101 0.39151144 0.0  1940  1644  1971 0.14739263 1.035
 -2  2272  1883  2244 0.10374963 0.0  1939  1644  1761 0.09501147 1.035
 -2  2272  1883  2244 0.10374963 0.0  1940  1644  1971 0.00873816 1.035
 -2  2273  1883  2278 0.11372745 0.0  1939  1644  1761 0.10034037 1.035
 -2  2273  1883  2278 0.11372745 0.0  1940  1644  1971 0.013387084 1.035
 -2  2625  2234  2361 0.2267369 0.0  1939  1644  1761 0.15859151 1.035
 -2  2625  2234  2361 0.2267369 0.0  1940  1644  1971 0.068145394 1.035
 -2  36  19  124 0.098964095 0.0  1939  1644  1761 0.09294319 1.035
 -2  36  19  124 0.098964095 0.0  1940  1644  1971 0.0060209036 1.035
 -2  152  111  124 0.07918382 0.0  1939  1644  1761 0.07918382 1.035
 -2  168  123  124 0.09008002 0.0  1939  1644  1761 0.088355064 1.035
 -2  168  123  124 0.09008002 0.0  1940  1644  1971 0.0017249584 1.035
 -2  171  124  139 0.08560157 0.0  1939  1644  1761 0.08560157 1.035
 -2  2840  1763  124 0.12222648 0.0  1939  1644  1761 0.10489631 1.035
 -2  2840  1763  124 0.12222648 0.0  1940  1644  1971 0.01733017 1.035
 -2  2356  1971  2047 0.0 0.0  -6  -6  -6  -6  -6
 -2  2200  1825  2101 0.37221682 0.0  1939  1644  1761 0.23407745 1.035
 -2  2200  1825  2101 0.37221682 0.0  1940  1644  1971 0.13813937 1.035
 -2  2639  2244  2310 0.08225095 0.0  1939  1644  1761 0.08225095 1.035
 -2  2601  2215  2278 0.09592199 0.0  1939  1644  1761 0.0909847 1.035
 -2  2601  2215  2278 0.09592199 0.0  1940  1644  1971 0.004937291 1.035
 -2  2583  2200  2361 0.10117936 0.0  1939  1644  1761 0.09405506 1.035
 -2  2583  2200  2361 0.10117936 0.0  1940  1644  1971 0.007124305 1.035
 -2  2717  2358  2361 0.085225224 0.0  1939  1644  1761 0.085225224 1.035
 -2  2719  2361  2362 0.118314385 0.0  1939  1644  1761 0.10290384 1.035
 -2  2719  2361  2362 0.118314385 0.0  1940  1644  1971 0.0154105425 1.035
 -2  17  7  19 0.08439088 0.0  1939  1644  1761 0.08439088 1.035
 -2  2751  425  19 0.08807862 0.0  1939  1644  1761 0.08733094 1.035
 -2  2751  425  19 0.08807862 0.0  1940  1644  1971 7.4768066E-4 1.035
 -2  24  11  111 0.08404398 0.0  1939  1644  1761 0.08404398 1.035
 -2  150  111  112 0.092244506 0.0  1939  1644  1761 0.08947122 1.035
 -2  150  111  112 0.092244506 0.0  1940  1644  1971 0.002773285 1.035
 -2  151  111  123 0.07880759 0.0  1939  1644  1761 0.07880759 1.035
 -2  2824  1603  111 0.08505714 0.0  1939  1644  1761 0.08505714 1.035
 -2  169  123  140 0.08559537 0.0  1939  1644  1761 0.08559537 1.035
 -2  170  123  144 0.9931586 0.0  159  117  140 0.45262313 3.496
 -2  170  123  144 0.9931586 0.0  1939  1644  1761 0.30183434 1.035
 -2  170  123  144 0.9931586 0.0  1940  1644  1971 0.20054018 1.035
 -2  170  123  144 0.9931586 0.0  2356  1971  2047 0.03816092 1.035
 -2  2836  1760  123 0.08516204 0.0  1939  1644  1761 0.08516204 1.035
 -2  2837  1762  123 0.084661365 0.0  1939  1644  1761 0.084661365 1.035
 -2  2838  1764  123 0.085966825 0.0  1939  1644  1761 0.085966825 1.035
 -2  194  139  140 0.09009063 0.0  1939  1644  1761 0.08835518 1.035
 -2  194  139  140 0.09009063 0.0  1940  1644  1971 0.0017354488 1.035
 -2  195  139  166 0.101442575 0.0  1939  1644  1761 0.09421432 1.035
 -2  195  139  166 0.101442575 0.0  1940  1644  1971 0.0072282553 1.035
 -2  196  139  174 0.07508063 0.0  1939  1644  1761 0.03756237 1.035
 -2  196  139  174 0.07508063 0.0  2137  1761  2234 0.037518263 0.78199995
 -2  2208  1833  2047 0.0 0.0  -6  -6  -6  -6  -6
 -2  2237  1856  2047 0.0 0.0  -6  -6  -6  -6  -6
 -2  2085  1727  1825 0.36195862 0.0  1939  1644  1761 0.2287556 1.035
 -2  2085  1727  1825 0.36195862 0.0  1940  1644  1971 0.13320303 1.035
 -2  2666  2273  2310 0.06030953 0.0  1939  1644  1761 0.06030953 1.035
 -2  2600  2215  2217 0.09090066 0.0  1939  1644  1761 0.088771105 1.035
 -2  2600  2215  2217 0.09090066 0.0  1940  1644  1971 0.0021295547 1.035
 -2  2488  2154  2200 0.09441292 0.0  1939  1644  1761 0.09056163 1.035
 -2  2488  2154  2200 0.09441292 0.0  1940  1644  1971 0.0038512945 1.035
 -2  2713  2357  2358 0.08437896 0.0  1939  1644  1761 0.08437896 1.035
 -2  2491  2155  2362 0.09437287 0.0  1939  1644  1761 0.090554595 1.035
 -2  2491  2155  2362 0.09437287 0.0  1940  1644  1971 0.0038182735 1.035
 -2  2614  2226  2362 0.07373607 0.0  1939  1644  1761 0.07373607 1.035
 -2  2622  2232  2362 0.12601328 0.0  1939  1644  1761 0.10681903 1.035
 -2  2622  2232  2362 0.12601328 0.0  1940  1644  1971 0.019194245 1.035
 -2  4  4  7 0.08522773 0.0  1939  1644  1761 0.08522773 1.035
 -2  9  5  7 0.08447027 0.0  1939  1644  1761 0.08447027 1.035
 -2  15  7  12 0.08471739 0.0  1939  1644  1761 0.08471739 1.035
 -2  16  7  13 0.085041046 0.0  1939  1644  1761 0.085041046 1.035
 -1  2389  2029  2064 0.08540094 0.0  1939  1644  1761 0.08540094 1.035
 -2  2135  1761  1855 0.4254223 0.0  1939  1644  1761 0.26122832 1.035
 -2  2135  1761  1855 0.4254223 0.0  1940  1644  1971 0.16297972 1.035
 -2  2135  1761  1855 0.4254223 0.0  2356  1971  2047 0.0012142658 1.035
 -2  2136  1761  1883 0.03781587 0.0  2839  1761  124 0.03781587 0.92
 -2  2137  1761  2234 0.26165915 0.0  1939  1644  1761 0.17677546 1.035
 -2  2137  1761  2234 0.26165915 0.0  1940  1644  1971 0.08488369 1.035
 -2  2839  1761  124 0.0 0.0  -6  -6  -6  -6  -6
 -2  2895  1763  1761 0.033931732 0.0  1939  1644  1761 0.033931732 1.035
 -2  1940  1644  1971 0.025635302 0.0  2137  1761  2234 0.025635302 0.78199995
 -2  2235  1855  2101 0.3912388 0.0  1939  1644  1761 0.24406958 1.035
 -2  2235  1855  2101 0.3912388 0.0  1940  1644  1971 0.14716923 1.035
 -2  2272  1883  2244 0.10435927 0.0  1939  1644  1761 0.09537685 1.035
 -2  2272  1883  2244 0.10435927 0.0  1940  1644  1971 0.00898242 1.035
 -2  2273  1883  2278 0.114332676 0.0  1939  1644  1761 0.10067797 1.035
 -2  2273  1883  2278 0.114332676 0.0  1940  1644  1971 0.013654709 1.035
 -2  2625  2234  2361 0.22688174 0.0  1939  1644  1761 0.15867007 1.035
 -2  2625  2234  2361 0.22688174 0.0  1940  1644  1971 0.068211675 1.035
 -2  36  19  124 0.098926544 0.0  1939  1644  1761 0.09292114 1.035
 -2  36  19  124 0.098926544 0.0  1940  1644  1971 0.0060054064 1.035
 -2  152  111  124 0.07927418 0.0  1939  1644  1761 0.07927418 1.035
 -2  168  123  124 0.090211034 0.0  1939  1644  1761 0.08842468 1.035
 -2  168  123  124 0.090211034 0.0  1940  1644  1971 0.0017863512 1.035
 -2  171  124  139 0.08565688 0.0  1939  1644  1761 0.08565688 1.035
 -2  2840  1763  124 0.122321606 0.0  1939  1644  1761 0.10496104 1.035
 -2  2840  1763  124 0.122321606 0.0  1940  1644  1971 0.017360568 1.035
 -2  2356  1971  2047 0.0 0.0  -6  -6  -6  -6  -6
 -2  2200  1825  2101 0.37178278 0.0  1939  1644  1761 0.23395157 1.035
 -2  2200  1825  2101 0.37178278 0.0  1940  1644  1971 0.13783121 1.035
 -2  2639  2244  2310 0.08229184 0.0  1939  1644  1761 0.08229184 1.035
 -2  2601  2215  2278 0.096266985 0.0  1939  1644  1761 0.09121549 1.035
 -2  2601  2215  2278 0.096266985 0.0  1940  1644  1971 0.0050514936 1.035
 -2  2583  2200  2361 0.101290464 0.0  1939  1644  1761 0.09412193 1.035
 -2  2583  2200  2361 0.101290464 0.0  1940  1644  1971 0.0071685314 1.035
 -2  2717  2358  2361 0.08525586 0.0  1939  1644  1761 0.08525586 1.035
 -2  2719  2361  2362 0.11840582 0.0  1939  1644  1761 0.10294628 1.035
 -2  2719  2361  2362 0.11840582 0.0  1940  1644  1971 0.0154595375 1.035
 -2  17  7  19 0.0844636 0.0  1939  1644  1761 0.0844636 1.035
 -2  2751  425  19 0.08817029 0.0  1939  1644  1761 0.08738041 1.035
 -2  2751  425  19 0.08817029 0.0  1940  1644  1971 7.8988075E-4 1.035
 -2  24  11  111 0.08409691 0.0  1939  1644  1761 0.08409691 1.035
 -2  150  111  112 0.09235728 0.0  1939  1644  1761 0.08953512 1.035
 -2  150  111  112 0.09235728 0.0  1940  1644  1971 0.0028221607 1.035
 -2  151  111  123 0.07892692 0.0  1939  1644  1761 0.07892692 1.035
 -2  2824  1603  111 0.0851146 0.0  1939  1644  1761 0.0851146 1.035
 -2  169  123  140 0.08566117 0.0  1939  1644  1761 0.08566117 1.035
 -2  170  123  144 0.9923651 0.0  159  117  140 0.4525938 3.496
 -2  170  123  144 0.9923651 0.0  1939  1644  1761 0.301723 1.035
 -2  170  123  144 0.9923651 0.0  1940  1644  1971 0.20027363 1.035
 -2  170  123  144 0.9923651 0.0  2356  1971  2047 0.037774682 1.035
 -2  2836  1760  123 0.08522272 0.0  1939  1644  1761 0.08522272 1.035
 -2  2837  1762  123 0.08467877 0.0  1939  1644  1761 0.08467877 1.035
 -2  2838  1764  123 0.08598924 0.0  1939  1644  1761 0.08598924 1.035
 -2  194  139  140 0.09019196 0.0  1939  1644  1761 0.08840716 1.035
 -2  194  139  140 0.09019196 0.0  1940  1644  1971 0.0017848015 1.035
 -2  195  139  166 0.10157657 0.0  1939  1644  1761 0.09428632 1.035
 -2  195  139  166 0.10157657 0.0  1940  1644  1971 0.007290244 1.035
 -2  196  139  174 0.075095534 0.0  1939  1644  1761 0.037538767 1.035
 -2  196  139  174 0.075095534 0.0  2137  1761  2234 0.037556767 0.78199995
 -2  2208  1833  2047 0.0 0.0  -6  -6  -6  -6  -6
 -2  2237  1856  2047 0.0 0.0  -6  -6  -6  -6  -6
 -2  2085  1727  1825 0.3617016 0.0  1939  1644  1761 0.22870433 1.035
 -2  2085  1727  1825 0.3617016 0.0  1940  1644  1971 0.13299727 1.035
 -2  2666  2273  2310 0.060389042 0.0  1939  1644  1761 0.060389042 1.035
 -2  2600  2215  2217 0.0909003 0.0  1939  1644  1761 0.088763714 1.035
 -2  2600  2215  2217 0.0909003 0.0  1940  1644  1971 0.002136588 1.035
 -2  2488  2154  2200 0.09450114 0.0  1939  1644  1761 0.09060192 1.035
 -2  2488  2154  2200 0.09450114 0.0  1940  1644  1971 0.0038992167 1.035
 -2  2713  2357  2358 0.08444393 0.0  1939  1644  1761 0.08444393 1.035
 -2  2491  2155  2362 0.09448695 0.0  1939  1644  1761 0.09061837 1.035
 -2  2491  2155  2362 0.09448695 0.0  1940  1644  1971 0.0038685799 1.035
 -2  2614  2226  2362 0.07376647 0.0  1939  1644  1761 0.07376647 1.035
 -2  2622  2232  2362 0.12619281 0.0  1939  1644  1761 0.10691595 1.035
 -2  2622  2232  2362 0.12619281 0.0  1940  1644  1971 0.019276857 1.035
 -2  4  4  7 0.0853076 0.0  1939  1644  1761 0.0853076 1.035
 -2  9  5  7 0.08451319 0.0  1939  1644  1761 0.08451319 1.035
 -2  15  7  12 0.08478582 0.0  1939  1644  1761 0.08478582 1.035
 -2  16  7  13 0.08511615 0.0  1939  1644  1761 0.08511615 1.035
 -1  2811  1384  92 0.059631824 0.0  2797  1106  78 0.059631824 1.84
 -2  110  68  78 0.041647553 0.0  2797  1106  78 0.041647553 1.84
 -2  122  78  103 0.37813127 0.0  2783  836  60 0.37813127 1.15
 -2  1036  835  1106 0.19829667 0.0  2783  836  60 0.19829667 1.15
 -2  1453  1106  1166 0.107833505 0.0  2783  836  60 0.107833505 1.15
 -2  1454  1106  1170 0.08520794 0.0  2783  836  60 0.08520794 1.15
 -2  107  66  68 0.05692613 0.0  2797  1106  78 0.05692613 1.84
 -2  2787  978  68 0.061226845 0.0  2783  836  60 0.003270626 1.15
 -2  2787  978  68 0.061226845 0.0  2797  1106  78 0.05795622 1.84
 -2  2788  979  68 0.060522914 0.0  2783  836  60 0.005200386 1.15
 -2  2788  979  68 0.060522914 0.0  2797  1106  78 0.055322528 1.84
 -2  128  83  103 0.060424566 0.0  2783  836  60 0.012469292 1.15
 -2  128  83  103 0.060424566 0.0  2797  1106  78 0.047955275 1.84
 -2  145  103  104 0.06781149 0.0  2783  836  60 0.009763122 1.15
 -2  145  103  104 0.06781149 0.0  2797  1106  78 0.058048368 1.84
 -2  2819  103  106 0.06280482 0.0  2797  1106  78 0.06280482 1.84
 -2  2820  1536  103 0.059641838 0.0  2783  836  60 2.4795532E-5 1.15
 -2  2820  1536  103 0.059641838 0.0  2797  1106  78 0.059617043 1.84
 -2  1035  835  1020 0.15508866 0.0  2783  836  60 0.15508866 1.15
 -2  1541  1166  1452 0.10757685 0.0  2783  836  60 0.10757685 1.15
 -2  1544  1170  1389 0.06569791 0.0  2783  836  60 0.055492043 1.15
 -2  1544  1170  1389 0.06569791 0.0  2797  1106  78 0.010205865 1.84
 -2  108  66  152 0.08100104 0.0  2797  1106  78 0.08100104 1.84
 -2  2784  66  67 0.04767251 0.0  2783  836  60 0.035408735 1.15
 -2  2784  66  67 0.04767251 0.0  2797  1106  78 0.012263775 1.84
 -2  1240  962  978 0.06285989 0.0  2797  1106  78 0.06285989 1.84
 -2  1271  978  998 0.05900383 0.0  2783  836  60 5.322695E-4 1.15
 -2  1271  978  998 0.05900383 0.0  2797  1106  78 0.05847156 1.84
 -2  1272  978  1024 0.059571743 0.0  2797  1106  78 0.059571743 1.84
 -2  1273  978  1293 0.06260395 0.0  2797  1106  78 0.06260395 1.84
 -2  1274  978  1318 0.062090874 0.0  2797  1106  78 0.062090874 1.84
 -2  1275  978  1478 0.059234142 0.0  2797  1106  78 0.059234142 1.84
 -2  1162  911  979 0.058207035 0.0  2783  836  60 2.014637E-4 1.15
 -2  1162  911  979 0.058207035 0.0  2797  1106  78 0.05800557 1.84
 -2  1255  968  979 0.060869932 0.0  2797  1106  78 0.060869932 1.84
 -2  1263  973  979 0.059422374 0.0  2783  836  60 1.3542175E-4 1.15
 -2  1263  973  979 0.059422374 0.0  2797  1106  78 0.059286952 1.84
 -2  1276  979  1319 0.061792374 0.0  2797  1106  78 0.061792374 1.84
 -2  1277  979  1501 0.06250548 0.0  2797  1106  78 0.06250548 1.84
 -2  111  69  83 0.059470415 0.0  2783  836  60 1.9204617E-4 1.15
 -2  111  69  83 0.059470415 0.0  2797  1106  78 0.05927837 1.84
 -2  127  83  84 0.0632571 0.0  2797  1106  78 0.0632571 1.84
 -2  2802  1141  83 0.060440063 0.0  2797  1106  78 0.060440063 1.84
 -2  90  60  104 0.16164935 0.0  2797  1106  78 0.16164935 1.84
 -2  136  90  104 0.059533834 0.0  2783  836  60 9.1028214E-4 1.15
 -2  136  90  104 0.059533834 0.0  2797  1106  78 0.058623552 1.84
 -2  2821  1538  104 0.05980742 0.0  2797  1106  78 0.05980742 1.84
 -2  138  92  106 0.059597492 0.0  2783  836  60 0.0021783113 1.15
 -2  138  92  106 0.059597492 0.0  2797  1106  78 0.05741918 1.84
 -2  146  105  106 0.05964434 0.0  2783  836  60 2.3841858E-4 1.15
 -2  146  105  106 0.05964434 0.0  2797  1106  78 0.059405923 1.84
 -2  1366  1045  1536 0.06015134 0.0  2797  1106  78 0.06015134 1.84
 -2  1538  1163  1536 0.059485793 0.0  2797  1106  78 0.059485793 1.84
 -2  1592  1204  1536 0.059551597 0.0  2797  1106  78 0.059551597 1.84
 -2  1675  1276  1536 0.05943227 0.0  2783  836  60 3.671646E-5 1.15
 -2  1675  1276  1536 0.05943227 0.0  2797  1106  78 0.05939555 1.84
 -2  1100  872  1020 0.059371352 0.0  2783  836  60 0.006017089 1.15
 -2  1100  872  1020 0.059371352 0.0  2797  1106  78 0.053354263 1.84
 -2  1332  1020  1522 0.05949533 0.0  2783  836  60 0.008905292 1.15
 -2  1332  1020  1522 0.05949533 0.0  2797  1106  78 0.05059004 1.84
 -2  1484  1127  1452 0.08057237 0.0  2783  836  60 0.04019165 1.15
 -2  1484  1127  1452 0.08057237 0.0  2797  1106  78 0.040380716 1.84
 -2  1727  1351  1452 0.13101125 0.0  2797  1106  78 0.13101125 1.84
 -2  1107  876  1389 0.23158157 0.0  2783  836  60 0.23158157 1.15
 -2  1758  1389  1537 0.13878393 0.0  2783  836  60 0.023315668 1.15
 -2  1758  1389  1537 0.13878393 0.0  2797  1106  78 0.11546826 1.84
 -2  207  150  152 0.06361508 0.0  2797  1106  78 0.06361508 1.84
 -2  2867  2090  152 0.06271231 0.0  2797  1106  78 0.06271231 1.84
 -2  37  20  67 0.057950974 0.0  2783  836  60 0.026913881 1.15
 -2  37  20  67 0.057950974 0.0  2797  1106  78 0.031037092 1.84
 -2  109  67  138 0.074834466 0.0  1939  1644  1761 0.008407474 1.035
 -2  109  67  138 0.074834466 0.0  2797  1106  78 0.0651077 1.84
 -2  109  67  138 0.074834466 0.0  2839  1761  124 0.0013192892 0.92
