400
720
872.5
133.687988
211.533404
70
872.5
200
120
410
410
42.200001
650
450
368.134003
225
225
120
40
120
50
87.599998
160
140
385.100293
250
250
360
110
125
285.100998
690
692.586016
73.628006
600
200
600
200
0
174
307.589996
0
0
0
95
0.86
5
15
11
5
6
70
60
57
114
38
2.38
5
5
44
44
44
43
5
134.656381
10
5
5.1
8
8
6
5
10
5
5
5
5
0.95
5
225.901437
222.300003
115
115
6
6
5
5
5
5
5
5
200
200
1.33
7.22
9.6
5
5
6.2
5
5
70
5
5
5
6.9
5
3.9
3.8
134
80
85
5
5
5
49.799999
5
5
44.919998
23
5
5
31.870001
8.96
5
5
280
280
15.13
5
20.809999
1.89
60.540001
5
5
5
1.89
20
20
20
4.07
0.1
23.66
5
24.9
59.759998
29.879999
7.97
22.91
10.56
44.82
230
70
35.950001
40
120
40
106.559998
250
99.589996
99.589996
99.589996
51.790001
14.94
18.92
15.93
197.190002
5
0.95
5
1.42
5
5
12.75
5
295.569938
120
5
141.257763
5
5
5
31.17
48.799999
5
5
160
225
215
8.51
1.14
1.7
52.029999
60.549999
16.559999
120
120
5
1.9
1.52
5
0.48
0.1
28.5
150
51
50
90
5
5
5
50
5
5
15
2.85
104.5
2
5
3.33
5
5
4.481532
5
5
0.38
6
5
55
43.230323
50
50
5
5
2.85
1.43
2.47
1.14
5
5
0.57
5
0.48
200
200
5
5
17
6
50.700001
2.38
5
5.7
5
5
5
5
2.76
5
5
5
2.85
5
21
5
5
190
79.230003
76.949997
23.75
12
5.32
0.48
0.38
5
5
0.48
18
5
5
0.57
5
110
5
5
50
40
7.7
5
12
5
90
50
6.5
10
27
26
5
5
5
46.549999
1.52
5
15.68
5
5
5
10
6.3
5
5
5
5
13.5
5
5
5
5
5
55
17
51
37
5
7
50
50
