23.775045
-11.319647
72.963030
43.194810
57.480235
35.577751
-244.897397
-38.205190
-5.136970
-92.119765
153.705671
33.794329
-11.929083
11.734753
-90.038635
-117.017887
-136.521365
-163.500617
-226.560000
-4.837072
-275.681432
-304.700823
-274.617748
-315.000000
110.352533
-202.899035
-202.899035
244.897397
-302.927225
42.529758
-162.222685
-140.704540
-64.261343
-64.261343
-20.040121
-20.040121
-49.245121
-49.245121
-159.295460
-18.872498
17.719940
-14.489329
83.169390
50.844579
63.175360
68.269763
-210.964763
-15.755421
19.269390
-59.224640
-34.197413
-105.255729
-82.841684
-99.306113
-110.935274
-143.333887
-154.963047
-242.640000
62.695396
-328.593717
-400.954604
-315.000000
-17.783940
-222.669285
-222.669285
210.964763
-269.488932
-18.295008
-149.623273
-138.738157
-57.961636
-57.961636
-50.452504
-50.452504
-74.347504
-74.347504
-161.261843
18.336183
-13.297278
81.361095
48.367781
66.268403
61.420672
-236.717950
-18.232219
17.461095
-74.230025
157.500000
-27.266651
-3.333349
-97.813980
-43.764219
-144.826020
-90.776259
-242.640000
156.940089
-291.480567
-411.572860
-315.000000
147.670396
-167.824173
-167.824173
236.717950
-246.408325
144.078721
-103.477013
-142.931312
-110.710171
-110.710171
38.244360
38.244360
9.039360
9.039360
-157.068688
-24.974705
218.243329
-24.974705
