14.615394
-12.008147
72.992753
44.017462
57.197932
43.785108
-235.793255
-29.982538
1.992753
-78.802068
113.243371
61.756629
-40.099772
-17.656856
-91.446552
-109.850651
-135.531036
-153.935135
-226.977587
0.816211
-264.601997
-295.466936
-203.698353
-307.377587
113.436571
-193.318983
-193.318983
235.793255
-302.065424
62.374408
-163.641730
-138.423695
-48.320865
-48.320865
-6.362796
-6.362796
-32.912796
-32.912796
-161.576305
34.105475
26.433578
-36.587882
85.754304
47.763366
65.270212
96.030076
-250.861329
-26.236634
14.754304
-70.729788
-46.697413
-123.636809
-94.060604
-119.336278
-109.507089
-177.432638
-167.603450
-296.768916
85.944973
-363.055512
-452.205027
-377.168916
47.244266
-233.101974
-233.101974
250.861329
-334.901527
59.976877
-162.543722
-138.252329
-47.771861
-47.771861
-7.561561
-7.561561
-34.111561
-34.111561
-161.747671
15.434343
-13.711416
73.877074
44.277037
57.757306
47.405457
-241.116874
-29.722963
2.877074
-78.242694
170.000000
-11.968611
10.968611
-94.915034
-74.371083
-139.970480
-119.426530
-234.885513
104.227033
-298.024646
-389.785915
-315.285513
117.247084
-161.381979
-161.381979
241.116874
-220.752380
77.713951
-78.779497
-141.972883
-117.631580
-117.631580
1.306975
1.306975
-25.243025
-25.243025
-158.027117
-78.296610
223.483662
-78.296610
