24.815935
-13.484515
74.087008
43.524732
58.191203
40.179243
-251.663758
-37.875268
-4.012992
-91.408797
136.810453
-10.677193
-20.690825
3.601278
-93.232791
-117.654058
-140.949622
-165.370889
-234.182413
-0.541360
-282.483587
-314.654912
-298.536448
-322.622413
135.624680
-182.414219
-182.414219
251.663758
-291.294623
48.546890
-152.160484
-139.134138
-59.230242
-59.230242
-17.031555
-17.031555
-46.236555
-46.236555
-160.865862
-29.611609
7.437353
6.896634
72.066013
47.585400
56.151953
22.813251
-188.593810
-19.014600
8.166013
-66.248047
170.000000
-0.053810
16.153810
-74.317276
-79.437884
-106.153808
-111.274416
-180.471084
88.337045
-279.049345
-359.862563
-252.831084
-22.115305
-221.277477
-221.277477
188.593810
-261.533437
-35.453200
-152.031101
-139.113945
-59.165550
-59.165550
-59.031600
-59.031600
-82.926600
-82.926600
-160.886055
18.647928
-13.945653
81.697725
48.466592
66.481337
62.798813
-238.744466
-18.133408
17.797725
-74.017091
145.000000
-33.610733
-9.489267
-97.486417
-48.958912
-144.868069
-96.340564
-242.354487
157.253126
-302.552601
-424.090277
-314.714487
176.844226
-183.424346
-183.424346
238.744466
-288.686201
115.065940
-144.823463
-143.862738
-94.644286
-94.644286
23.737970
23.737970
-5.467030
-5.467030
-156.137262
-77.576939
144.765108
-77.576939
