15.800000
15.800000
76.000000
76.000000
15.800000
15.800000
76.000000
76.000000
100.000000
100.000000
100.000000
68.950000
68.950000
107.118501
0.000000
2.400000
2.400000
2.400000
2.400000
2.400000
81.991861
54.250000
400.000000
400.000000
50.000000
50.000000
50.000000
50.000000
50.000000
50.000000
155.000000
155.000000
350.000000
15.800000
15.800000
76.000000
76.000000
15.800000
15.800000
76.000000
76.000000
25.000000
25.000000
28.302587
68.950000
68.950000
68.950000
0.000000
2.400000
2.400000
2.400000
2.400000
2.400000
155.000000
155.000000
400.000000
400.000000
50.000000
50.000000
50.000000
50.000000
50.000000
50.000000
155.000000
155.000000
350.000000
15.800000
15.800000
76.000000
76.000000
15.800000
15.800000
76.000000
76.000000
100.000000
100.000000
95.000000
68.950000
68.950000
113.087052
0.000000
2.400000
2.400000
2.400000
2.400000
2.400000
155.000000
155.000000
400.000000
400.000000
50.000000
50.000000
50.000000
50.000000
50.000000
50.000000
155.000000
155.000000
350.000000
