86.937462
-86.937462
146.134954
-146.134954
148.084289
-57.673133
-90.411155
-201.795559
150.995791
135.253132
163.066185
-81.598120
-101.319418
-64.602011
-249.425839
-77.210621
-3.755664
-84.229777
-84.229777
-311.697191
133.701736
-107.977050
392.955362
-213.547928
-27.694188
-0.399389
-33.179489
-102.406369
141.301573
-145.985932
-110.642386
-311.697191
-133.701736
-125.674930
-16.852125
-99.079820
213.915448
251.152006
-93.770409
-123.180614
-97.120642
114.714591
-107.951090
-34.457690
130.639485
-68.942199
-62.096675
279.731564
-87.434038
-57.044394
474.618224
407.476667
-175.118607
128.599734
80.833171
187.019296
127.412179
-180.055869
-85.443275
125.144245
219.739257
92.075636
-125.255124
-3.986630
-100.661973
-75.407265
-102.406369
4.304693
-69.798467
-16.104345
-24.744234
37.870858
80.626279
-93.752903
52.444596
-52.444596
87.885397
-110.508198
80.262333
-57.639532
69.125867
-69.125867
75.701518
-101.051328
-96.289729
-121.639539
-73.950898
-149.652415
-72.290840
-283.700066
-77.494653
-37.342680
-5.541698
-77.217018
-35.196822
-605.731325
22.813687
-322.031259
-101.051328
-149.385885
-235.962483
-86.576598
-85.923402
-63.462483
-162.384995
-159.646265
24.233957
-48.978191
93.359824
114.721687
-91.908000
287.495740
-172.774053
-230.382980
-83.518964
48.537913
-70.240212
-132.706929
-83.647339
-204.456586
-94.447450
-299.383847
39.346160
24.775188
-72.117205
-72.073904
-61.298278
-72.334130
-71.719913
-338.195071
78.618972
65.576898
-105.384645
-102.232589
29.881919
-29.881919
174.000000
-80.640176
97.442201
-97.442201
21.633123
20.602980
59.910673
16.144411
-76.055085
-37.043011
76.254189
-43.712420
-69.584780
34.122054
-77.472814
248.850000
-205.499240
-214.727946
248.850000
-200.063640
-119.363729
-182.735659
-53.265926
123.420915
-171.054475
-155.966890
-45.182422
-42.882787
-54.264287
-149.961565
-64.927992
-214.889557
-680.683671
95.486861
50.631745
-24.642508
17.058702
23.226781
1.759243
-116.491188
-8.688970
-134.199724
-134.199724
0.000000
-104.567532
-55.786371
-39.709737
8.984803
62.351356
-57.356824
-34.312737
-94.428078
162.215499
124.956486
10.293122
-101.199134
-34.050474
-126.923064
-102.280556
-171.054475
0.758733
-148.688156
-80.305997
111.207605
-88.815749
-98.201066
-100.382469
-22.337137
-105.276795
-82.035325
-111.284631
2.325480
26.701941
-90.874308
112.850973
-76.523119
21.402060
176.477609
-126.101813
-41.196713
18.717384
-59.914097
-12.525864
-30.356923
-65.099442
90.113675
-49.043235
-47.477065
-91.679846
-34.938664
-119.170053
-86.246078
-61.580899
9.176152
-78.910000
156.970848
-78.351877
62.523398
129.045305
26.645268
-28.170554
-42.863516
164.947480
303.296736
15.372024
32.303806
-136.573999
416.794500
390.827500
78.538236
-114.223118
-98.514841
-4.304693
-193.625700
-189.578934
-35.797582
-70.353129
66.428520
-70.977859
-65.803791
-162.326905
-91.973776
41.035059
147.710120
-188.745179
217.412800
-176.377741
224.704889
-91.913855
-132.791034
0.000000
164.969017
-58.713847
-106.255171
44.412181
85.978008
-59.802882
-70.587307
0.000000
67.857851
-21.782625
-46.075226
76.803672
-91.204056
-215.694627
-10.166382
-30.555263
25.908706
-86.281121
-58.766077
9.456072
192.481076
-188.832695
-16.060094
-35.067293
-399.983417
-17.269906
-158.689973
-105.497119
-158.689973
23.061664
-96.949604
-120.011268
-242.596443
-35.647386
-88.334518
-103.931303
-482.762427
-78.933863
-226.571151
-104.831712
-33.680721
-80.946017
-225.771339
-104.091214
-23.299447
71.787045
154.856939
152.733061
0.000000
-15.040068
-81.205119
-92.587508
0.000000
-236.430077
-226.840793
-239.752791
-179.129601
-229.218729
-174.043391
16.120524
111.981136
47.800926
-76.039151
-83.742911
-61.663915
-12.090000
10.364495
-21.853215
-101.069901
-41.024379
-134.373375
0.000000
-136.836759
103.899585
-200.248358
-89.197999
-24.922150
-101.069901
-106.303647
90.449253
-88.236821
-76.848988
0.000000
-124.440304
-70.121317
-94.479656
75.316719
-75.316719
-104.159922
-104.159922
58.668337
-164.165455
162.828258
-98.159771
-62.878469
-197.038836
-161.757534
-135.866011
-197.679247
-159.973007
-11.662756
-58.728671
-47.065914
3.890887
-7.771870
-44.258313
-172.038621
42.643855
-85.136453
-40.819536
-85.077848
-172.559576
44.034334
-89.118545
-89.189522
-135.866011
-135.866011
48.656085
-28.289714
-76.945800
-77.018845
28.527755
-71.171610
-73.750112
-45.222356
-137.545266
-63.383749
-63.795155
2.320753
-121.256829
-121.196830
77.818349
-30.017423
-30.232460
15.807450
-9.755450
-29.251890
36.656221
8.304500
0.000000
31.026478
-23.988478
20.170000
-14.050000
5.507606
-35.284850
-19.544756
-10.534000
-23.079606
-15.393158
-46.070038
26.178346
-25.095044
32.014044
6.020000
-6.920000
13.659253
-3.987253
40.590000
-39.160000
-43.450871
-42.208871
-6.686060
-12.296060
-6.824744
-43.723194
36.765500
24.000500
0.000000
8.080000
-7.129043
16.649043
26.987822
5.111389
-12.431389
1.623818
9.579818
3.102154
12.077846
-27.037205
8.807676
24.043212
0.467473
8.185527
-16.857176
-12.602699
21.904614
13.345328
-15.056067
-12.980385
28.155871
-1.496767
-11.797927
18.717927
43.166657
-32.989157
-4.692000
-6.923000
63.075994
-49.102053
1.649300
-48.249774
-39.228881
-14.750000
18.830000
-13.347901
20.857401
-47.659411
63.511911
9.751957
-33.618881
-16.318881
-7.259300
-29.084538
40.626391
-29.580000
-6.220000
17.220000
-7.120000
-9.131000
-6.749000
-25.473205
57.976124
-26.270000
-23.576984
52.272984
28.770043
-29.637043
40.899969
-24.857469
-30.686017
-19.209017
10.747256
38.468110
3.338110
-5.100000
7.174749
15.827749
-24.716997
26.119997
-8.556692
8.556692
-65.855862
67.028862
2.143522
-51.208255
26.771613
-41.451666
-23.956229
-3.697755
-19.030183
-18.775630
-13.737443
-18.120000
-11.874158
-3.351842
7.182158
-24.587000
-56.453500
-21.380000
17.013522
-31.483365
51.975218
-28.932509
-39.618538
-25.449328
-19.397328
-0.643381
4.723381
-0.586500
20.464034
32.757534
-1.616730
-6.323270
-13.117901
24.019038
-19.514038
10.862005
0.690995
25.836619
-14.260000
42.602902
-34.542692
-4.001700
-14.381700
-14.870000
40.720590
-29.148590
-3.670000
-10.876730
1.132073
19.230053
6.439947
-4.001700
-19.218300
-14.260000
-17.320000
-41.946718
41.406718
-7.491700
-27.558300
-13.332073
-43.338334
-15.197035
-6.560811
18.004996
24.851624
-13.679756
-18.176044
4.476611
11.588067
-3.212251
19.579947
-20.868334
39.768334
34.885096
-14.967096
1.612965
-34.516718
75.016375
-21.207437
-7.038000
43.696995
-12.186995
-16.886718
-35.129403
-43.679403
-28.109403
51.021196
-31.390450
-1.457746
8.815385
-2.495385
12.776487
-10.612149
4.703636
16.030308
17.572245
-1.983245
-79.879000
80.023862
-23.288127
-96.354985
-0.518500
-93.386316
-9.213911
36.753911
-32.502038
7.120000
44.646614
-39.576114
-16.123205
-8.073705
21.400000
-5.200000
33.623893
39.675893
-8.414251
-22.190000
-31.430538
-8.497263
-18.173000
60.340751
16.563658
-62.550576
12.988000
-28.993253
-51.763543
18.965280
-24.758162
32.028000
16.594107
24.529400
-11.836997
13.210238
2.487262
1.508611
8.704500
5.772620
11.614000
-1.894000
22.368318
17.732509
-13.652509
37.008122
3.949699
6.729190
-28.550865
-14.770000
-65.099704
-21.139590
-15.228724
-11.735699
59.980412
-53.841338
-53.469614
-45.126136
27.846987
-34.863712
37.674996
-50.466718
-13.932965
-18.198617
-3.638000
33.317190
-30.801190
-36.915136
39.261136
-6.920000
-8.259883
-43.547238
-53.538469
60.247918
0.000000
30.651328
4.058611
-12.528237
-44.278497
-7.205644
-44.941280
26.226249
3.791563
-79.869704
-1.728585
-45.790000
32.541738
43.475969
-39.301318
-63.955371
27.936690
-7.017906
21.567906
-1.081000
-11.040000
42.243543
-26.936614
-54.706000
-69.861500
7.520000
-18.180000
-15.084365
-14.896229
4.807000
7.786000
9.251282
9.160000
8.881890
-4.080000
-24.060000
-18.650000
23.440000
43.550000
50.125402
6.079865
2.108135
2.452094
12.856864
-5.833550
-10.514851
19.342364
56.735558
-19.738694
5.211263
52.803317
15.812500
-77.399985
13.995464
54.658883
-43.923383
-5.964901
9.502017
-25.196003
0.573649
36.160000
56.571696
6.708611
3.277927
19.992000
0.000000
0.000000
-8.774500
-61.124265
22.433280
-4.451531
5.669369
-18.715689
62.864689
-20.774000
4.928362
19.313638
-1.440649
-24.859755
43.032755
51.334245
27.054576
-3.679576
12.640469
71.241245
7.647893
0.000000
-12.988000
21.350862
-8.636500
-48.283973
-84.065000
-4.179893
-8.653000
-30.897500
5.405518
-26.909786
-12.740000
-43.901000
4.915356
56.377658
-52.975862
63.983975
18.153683
21.402710
52.563710
-14.053000
-69.848975
-49.778683
-9.520000
-47.828576
18.207000
-3.276473
31.416749
-18.055136
-2.218063
14.203500
-2.505018
44.100000
-7.023003
57.460609
-8.098097
-9.616394
-18.501827
-21.244291
-11.715186
-10.269459
19.111852
-35.856709
10.257207
-2.805000
-14.733545
24.430038
-0.014993
-2.784877
3.267390
15.024211
5.348686
-31.462168
-19.627467
26.656373
-7.858765
4.504238
0.975648
-18.008248
-3.320586
-15.613220
28.558268
-11.836761
0.014993
16.116135
-9.579635
-9.900000
38.170103
-12.880103
-5.500000
-2.930410
-0.288170
22.822498
-10.548358
7.012450
-2.200520
3.904579
2.154991
20.603950
-58.321551
62.121551
19.224282
-23.594282
-1.434516
-7.642673
32.257189
-5.632393
42.623572
-20.001179
0.367607
6.556623
13.836785
13.827536
19.571916
-7.139903
-15.929933
-41.982148
0.272549
13.530415
27.056565
4.099888
-44.686868
15.402588
-2.550097
-0.054450
6.379450
-52.264504
9.672827
2.705183
-21.665193
2.800140
-10.711179
18.901179
-23.115383
33.561883
-38.218587
57.139722
2.200000
13.294238
-8.894821
-8.894821
3.149895
2.532735
44.824249
3.667607
-8.738500
-0.966973
15.606868
7.748737
2.718870
5.826316
9.563684
-4.075938
4.914062
-18.516512
28.996868
-20.606868
-19.627467
0.988365
7.512615
7.990123
2.021016
21.648184
-7.058184
-18.307521
-5.017521
19.277477
-23.077477
-5.587477
-30.747087
3.878365
-24.107521
-4.569324
-11.755279
4.140000
-5.598292
14.939792
23.375911
-14.532411
-11.327966
-16.827966
-16.052034
53.322034
-19.432639
-10.642639
8.721761
-9.621761
9.126316
2.200000
-21.161200
-25.581200
-7.414165
16.602665
20.442443
-15.767443
-20.678310
-56.885749
-37.955180
31.517361
31.517361
-2.496391
-28.822498
37.930469
31.818969
53.638469
45.401969
-3.931235
11.849590
-4.759590
12.949590
32.034847
-13.454847
-54.113572
-64.503572
-26.318680
-41.890100
43.325083
10.199172
0.690828
53.022911
41.541768
20.118586
-0.695086
-9.849128
12.871234
33.502700
5.894821
-27.207521
33.760666
41.450666
40.460400
-3.537912
8.597912
10.654235
3.563647
-31.637060
-23.932060
31.790791
27.394623
-38.841914
29.731420
-17.954922
-2.841909
-23.344861
-33.161663
-30.870210
-27.657639
3.506693
8.566693
-19.073414
-8.285209
25.863209
8.927791
19.820415
8.771971
-16.720193
9.221762
12.158238
-1.022608
-1.177392
46.184249
12.667625
-0.209897
-12.457728
-5.833903
1.558184
48.549516
-9.408611
37.592220
-3.021179
22.171651
-4.309165
-23.584554
47.660103
9.669099
-1.547327
9.755279
-13.094700
89.428099
-13.783524
6.144148
-23.100303
-39.405943
-13.908476
-14.169235
-37.923088
11.406888
91.908000
-20.063163
0.848358
-0.251642
21.448288
-34.220981
-7.218531
-3.760497
24.958680
-21.258680
-10.035782
-3.147327
9.214062
2.390221
9.190221
18.910100
10.828724
-9.699779
20.680221
-5.407321
36.319321
29.336124
-3.702523
29.228708
-9.474029
-22.811525
23.661428
3.230097
-13.500587
-8.471752
-10.269414
-16.269414
-11.069710
-4.694186
-17.587859
-22.188320
-40.114321
-10.351076
-0.455180
15.594821
31.799268
-25.942768
5.218248
7.475648
-6.350088
-20.833388
-46.401900
12.255648
-30.870210
-23.396710
-5.751642
34.567477
-30.384238
19.937782
24.284238
-28.927782
7.448358
5.751642
-13.657516
-13.324721
-36.357189
24.422498
-6.434721
15.480828
-2.600000
21.950907
17.369754
-21.437782
-17.244856
-8.802099
-5.487901
-11.107398
1.832272
0.000000
24.180000
3.910000
0.000000
4.550000
0.000000
3.985924
7.204076
-0.700000
-1.194298
9.884298
15.464239
-9.625761
-35.321198
0.000000
-6.312696
3.496832
-27.338525
-12.890000
0.000000
-10.690000
-5.069976
-13.561222
-6.000000
12.414052
-3.000000
-5.314052
0.000000
-12.414052
0.000000
0.000000
0.000000
0.000000
-0.730138
-6.230138
4.600000
-22.360121
61.230121
-13.390000
0.000000
35.517683
-35.517683
-32.362452
15.208267
20.350885
-0.360885
5.395948
-3.400000
-51.973523
-48.573523
48.877209
-61.967209
-9.073662
-19.756338
-0.838436
12.529242
4.399194
-9.090000
20.378806
29.468806
3.800000
-30.657522
-26.857522
-7.768071
24.412099
-9.343999
-4.609779
-60.592024
-14.034962
12.839443
-0.313763
0.000000
-7.048231
37.290890
-39.273183
-0.313475
4.021614
3.200000
53.226945
57.248559
-14.343133
-11.143133
-57.775407
-56.375407
-5.700000
34.127407
39.827407
-19.685702
8.595702
11.730220
4.000000
2.903934
14.634154
-3.103115
11.876538
-17.638434
-48.845235
-12.019904
-33.553868
51.748918
-35.627192
-19.541823
14.415766
8.530447
16.820447
26.910078
24.390000
-15.600000
-31.165235
-6.775235
-9.263494
-6.954488
-14.190000
-14.690000
-10.990000
0.000000
47.764256
66.554256
6.636240
5.953760
-20.316048
9.157770
43.591372
18.181149
7.191149
-8.090000
0.000000
-24.388627
-16.298627
-24.390000
-24.390000
40.188449
44.588449
18.390000
5.207209
-5.100000
-43.996214
-8.223423
0.000000
-3.089580
-5.300000
38.029954
20.850373
-69.363523
8.701368
12.878632
12.618527
0.571473
0.000000
-24.390000
-12.980195
31.170195
-27.423822
-21.023822
-8.990000
7.790000
21.542292
12.552292
-23.222887
-9.085916
53.198804
6.573027
22.706973
-3.494564
-10.881064
-10.390000
4.067723
14.457723
-8.490000
-48.693810
-57.183810
-37.687209
73.118592
37.274256
-82.502848
4.046798
77.165390
-25.508295
-30.219193
27.575702
7.400000
-20.656190
-13.256190
9.786885
-38.855235
22.342292
12.620674
-1.730674
-0.971516
21.108484
11.864107
0.000000
-35.206523
42.022417
-29.399787
41.263894
89.220924
100.410924
37.244873
-30.981239
14.463027
-1.200000
-20.504765
-19.304765
-3.700000
6.296797
4.993853
19.271473
0.571473
9.590000
-6.248039
3.341961
48.630885
47.670002
2.066577
35.913426
42.309629
15.250373
-24.180000
-36.470000
-15.790000
21.491747
-20.491747
13.929242
-20.839242
88.220620
96.114662
50.930836
-30.647271
-52.996679
-46.833652
-33.059516
67.197851
-23.874384
34.164384
3.397708
0.000000
-4.700000
10.964800
-6.264800
0.000000
-4.100000
10.348039
59.870674
67.070674
-43.127407
-44.817464
33.683422
76.930924
-36.758632
-20.645247
-41.960195
0.669326
46.836933
47.506259
-3.700000
-37.290890
-4.700000
-14.321761
0.000000
-0.838436
-10.350279
21.475924
-22.434355
8.090000
0.000000
49.560000
49.560000
-1.190000
24.537661
23.347661
0.000000
-14.423822
-14.423822
-140.000000
-138.600000
0.000000
0.000000
-21.780000
-25.834921
12.353456
-4.263456
-0.400000
0.000000
-24.908527
17.551507
39.737823
-3.984819
-7.384819
-0.400000
-0.595000
17.890000
30.460760
48.350760
-40.347522
18.890000
0.000000
-9.890000
3.300000
14.000000
0.000000
-1.000000
23.771473
31.446489
-21.519430
-1.051844
12.338156
15.360890
-6.419110
42.240836
14.647670
8.592054
-35.433308
-14.578846
7.791915
30.529555
29.656782
-21.566812
31.685851
26.741671
-8.590000
0.000000
1.615000
-32.362452
30.394161
32.009161
-13.860836
-3.700000
-16.090000
44.617464
17.878984
-14.778984
-5.700000
0.000000
32.841632
6.774508
-29.271560
-27.013715
81.613342
-22.858926
15.276538
6.890000
-15.850321
-8.960321
-4.692841
12.288096
0.000000
-38.980868
-51.268963
37.244873
0.000000
-17.690000
-5.900000
-5.900000
-6.700000
11.876538
29.808484
26.608484
-22.847522
35.794765
17.847242
51.588844
-71.540840
-28.243456
-36.494820
-46.950367
14.942477
-8.803238
14.923351
44.848515
40.417851
-10.991808
-24.481808
-3.400000
-0.700000
-5.600000
-19.943133
3.050024
-3.825000
0.000000
9.105508
12.930508
3.050024
25.380000
8.377304
-20.729390
29.706391
-17.890000
-18.490000
-63.330000
69.478844
78.272477
14.942477
-25.190000
-6.700000
-2.123387
0.000000
0.000000
2.000391
0.000000
3.905600
12.269516
-4.290000
0.000000
-51.907995
56.007995
5.380000
0.310000
5.380000
2.446675
21.633325
2.446675
7.790000
9.990000
6.700000
5.600000
7.790000
11.090000
8.990000
35.665943
-7.185943
35.665943
-1.200000
1.200000
49.056600
47.856600
34.794637
35.994637
-68.333729
69.948729
-3.200000
0.000000
0.000000
33.683422
-34.487209
-38.496952
62.076952
-80.003741
80.003741
-27.524543
-1.438868
6.299124
-27.605714
-55.919954
74.803741
20.793422
-9.288806
-2.788806
-6.990000
-7.961516
6.249937
2.851844
-8.090000
0.000000
-1.800000
-3.400000
-43.738238
-40.338238
-4.517197
1.791149
-5.700000
1.000000
-23.093743
-17.393743
7.987253
8.987253
-21.221294
27.821294
-20.270760
-1.665518
-9.690000
29.864298
20.174298
-13.849937
14.024224
-7.515714
18.135679
13.035679
0.000000
-1.647432
-2.847432
-11.646477
-11.439814
-6.892520
11.751710
4.083105
8.206895
-7.090000
-7.490000
-3.800000
-10.890000
-7.890000
-15.380000
48.060840
55.150840
-10.300420
32.436574
-15.538684
-12.936596
-5.804566
3.681378
8.144921
3.426248
20.047260
5.600000
-15.448525
16.090000
-7.649937
-2.961003
-2.591167
0.369836
26.268632
12.286832
17.930981
31.720981
-14.140822
-28.339394
-8.465459
27.246023
-18.455346
-42.710262
2.300000
9.590000
-6.503238
-61.950840
-2.610420
27.519778
20.933134
3.694632
-28.158452
63.116322
-7.771702
-17.927725
5.700000
-7.641894
-6.200000
20.224224
5.065917
-19.673332
5.438744
-5.438744
-27.992833
28.998449
12.784384
-23.295407
23.295407
5.600000
20.523351
-9.827542
19.078824
-3.400000
86.499935
83.099935
14.546574
25.636574
-1.929195
10.990000
4.100000
-0.941037
-38.481227
-21.994076
-42.865645
-43.798527
-45.010262
54.617823
-58.693627
-47.228963
0.000000
-52.869586
-95.956214
0.950578
0.950578
-3.000000
-40.003174
-68.346600
21.492833
51.826184
-46.926184
15.653456
-23.462170
-6.500452
-23.197209
13.814007
-9.259289
-10.790000
10.445800
11.990000
12.189847
24.179847
0.000000
-51.907995
9.500000
-20.548963
30.338963
0.000000
46.348515
46.348515
0.000000
12.590000
-55.919954
17.797209
3.786111
0.000000
-1.800000
-28.339394
-12.340822
21.890000
2.424541
42.372848
-26.682848
-5.300000
-6.751566
-9.990000
-11.090000
14.009889
-2.468387
0.000000
56.930195
47.622417
47.963894
-16.084819
-52.830504
7.299194
18.638156
-3.166338
-0.625200
7.701872
1.388128
7.490000
-17.690000
47.127823
-78.266214
-11.090000
-6.700000
-43.607683
37.261473
18.880000
54.051149
7.960610
-49.430504
-8.833426
27.423822
4.712063
16.690000
-22.546787
-5.856787
1.474472
-10.967943
-2.695645
22.250890
-57.074637
-10.353202
8.638989
-20.547810
3.397708
14.362933
-57.786214
-21.816523
0.000000
-43.607683
-13.790000
-22.080000
72.191548
-3.700000
16.665365
0.000000
-33.952833
-0.675143
-20.632575
15.132887
53.420000
-78.893572
-29.111762
2.991154
-9.883674
1.500000
11.551132
-5.695000
0.000000
-27.006755
-32.701755
15.208267
15.448963
5.393255
-5.438744
-16.513723
-27.484416
-11.613753
-26.488909
18.122349
6.616134
24.363866
3.105000
-2.762805
0.342195
-1.101808
7.390000
13.689124
12.335786
12.892747
-10.173186
-5.686257
-14.808944
-2.200000
-3.117197
-2.300000
5.640000
-62.860996
-60.560996
85.000000
-72.964316
24.324224
-29.544465
-11.406338
18.319526
25.045949
0.000000
-38.858130
-38.858130
7.390000
5.200000
-53.493627
-25.663866
24.363866
-6.526755
-20.480000
51.975407
-36.185407
0.000000
-16.668921
-16.668921
-18.350321
55.562848
-4.100000
-3.300000
-3.400000
-58.550840
-17.129735
42.088703
-0.729204
14.787834
25.923426
20.474384
-7.490000
62.718238
27.994084
17.894084
-11.090000
11.654465
-8.471056
-7.670096
-16.997617
-28.156767
-34.138021
-25.148021
-7.790000
35.784084
13.105407
-35.479586
-37.279586
17.064766
0.000000
37.244873
-27.859516
-6.775235
-2.214765
-4.316338
-15.146021
2.900000
3.551545
3.400000
-19.458926
0.000000
-7.390000
-48.693810
42.953869
1.906814
-26.963186
9.790000
-14.190000
-6.080760
2.684204
0.000000
25.921173
-64.955701
-20.915761
46.232440
-10.594355
-0.168085
12.816221
-54.933957
60.033957
-3.000000
30.423822
-28.177253
-36.703810
2.300000
18.550373
3.260499
-14.415766
1.763713
25.591872
-10.144355
-14.344355
0.000000
25.380000
-10.667943
44.383755
22.332341
-8.241069
-36.142686
-1.500000
-34.994820
-5.871222
32.870000
10.313147
22.580214
-17.504818
34.779732
16.790000
4.418778
72.798350
-8.888665
19.596133
19.596133
-0.500000
-39.503174
61.048130
54.748130
0.000000
12.290000
0.000000
11.790000
3.300000
-4.100000
21.947242
-1.204084
14.344355
0.000000
59.870674
6.987901
44.997693
67.387693
67.476952
-70.252794
-5.600000
22.311915
-13.790000
-9.339819
-14.885407
-14.885407
-25.732341
-67.044047
3.351279
4.938721
44.826184
-17.550398
-19.632682
11.390000
10.990000
15.448021
22.378192
1.800000
5.400000
81.803741
-6.500000
3.700000
-33.003174
5.600000
6.700000
0.000000
0.000000
-5.500000
6.300000
-1.245645
18.835645
0.000000
18.915454
-28.959101
3.100000
1.900000
-42.358806
-7.954435
-3.861702
14.458238
-12.755949
28.117707
-8.090000
68.123957
-14.899154
-8.699243
20.292409
1.509523
-35.400496
37.540504
0.298500
11.986477
25.413627
-12.223627
-22.089586
-7.690000
24.080000
-8.690000
-11.290000
-0.345000
-6.600000
-6.800000
-56.007995
9.190000
13.121915
41.161149
-22.980000
24.363866
6.086924
-9.990000
-3.300000
6.072640
-8.807525
-5.400000
-9.590000
-42.101624
-47.870471
-18.690000
-59.893381
-68.538166
-5.500000
1.965260
10.535260
55.183589
-46.943589
10.979223
-9.329223
14.432897
33.447070
-35.985431
-9.780000
10.299100
3.326179
30.776024
-23.196024
-4.105033
17.204967
6.710000
2.200000
-9.717694
-20.047694
-18.268198
34.972647
0.000000
-21.685197
3.966999
-0.550000
-30.061484
23.216287
-3.850000
0.000000
10.787707
-6.962457
-0.654695
-21.535305
-2.155556
-28.124063
-23.259140
-6.957570
-12.796572
13.808980
-26.740860
20.310000
-11.520000
-5.945005
-5.540000
13.333818
-1.446953
-18.715218
21.804317
8.885451
0.000000
-125.281269
-125.281269
33.530719
-40.897986
-43.395970
-49.669393
0.000000
-14.160502
23.510502
33.810205
-25.340000
46.918808
-45.500000
13.679146
-3.491028
-34.688118
-56.338166
-60.848166
31.467889
-11.776297
38.466024
4.741481
-1.430000
13.740000
-3.190000
90.000000
-87.470000
29.306782
30.406782
62.598108
-62.224108
0.000000
-28.809573
-18.757302
-11.050000
0.000000
-16.570000
-16.786901
-93.470598
-30.986806
-12.620199
-46.926094
-83.906384
-19.545759
-33.347205
68.885174
7.266999
6.070676
1.619324
34.339133
-13.129133
26.924753
-23.624753
-63.467792
22.689012
-12.899012
-18.959426
-5.329426
111.101269
12.169485
-59.896883
43.263870
-14.095218
21.200000
-13.410000
17.449324
-11.069324
-15.835247
2.189223
12.880676
0.000000
-35.067293
-41.766024
-12.346748
19.266748
16.412577
-11.220000
-5.500000
0.000000
-24.812897
0.957650
-4.400000
15.390463
0.000000
-17.186247
-24.889670
-44.385305
-64.269133
3.150988
-7.179012
23.919788
-20.619788
3.564203
10.000000
25.060000
-12.350000
-64.501513
-6.162440
-11.087891
-5.610000
-15.043327
-6.752109
-14.215033
5.043915
-48.578285
-66.564691
81.514691
-52.924691
-40.653703
9.640005
-25.930000
-42.027694
2.225218
-23.179069
-19.890000
-28.276748
-19.226883
37.476883
-12.640000
0.000000
-20.880000
-12.640000
-8.190719
23.580719
0.000000
18.784063
-11.094063
-16.380000
-18.410059
20.650000
-17.781715
39.431715
-1.414753
7.684753
53.363445
-49.951949
-29.634437
-27.104377
-31.278404
-29.248951
39.570609
-24.920999
42.301302
-16.050000
-5.940000
0.000000
-18.872926
30.555263
0.000000
5.720000
-44.345581
-47.863237
-10.411414
19.201414
-5.500000
8.570000
-13.417348
-16.802652
25.884569
-9.334569
-27.517694
3.850000
-2.090000
17.819573
-7.929573
-39.604695
59.093516
-9.890000
33.859216
-4.276172
-11.773044
45.949216
-4.080000
10.050000
-35.071624
0.944156
16.235844
0.000000
45.948166
-31.328166
6.667302
-4.400000
-2.554872
6.020000
10.211834
-6.600000
7.086348
3.672238
0.000000
-10.990000
-9.699498
18.529498
42.012863
34.487329
-61.979826
4.337167
18.335970
10.095970
-5.388948
0.894460
-16.387841
6.888481
-7.788776
-21.971972
-7.448254
-14.530241
-12.660135
-19.610000
-12.310599
-12.531998
-89.623063
19.553381
-6.380000
-24.010000
3.303828
34.950000
16.310089
-35.493381
17.897082
10.400471
-40.801834
-66.873589
34.781232
-63.649216
54.274963
-56.526219
-6.600000
-8.473044
-22.714295
-19.564295
-13.410000
-8.350000
-28.893381
-33.900000
0.000000
30.061484
6.175298
81.383063
-68.190146
59.330000
0.000000
-61.855174
68.885174
89.623063
-32.865876
-22.973818
8.790000
-3.410000
4.625789
-56.115718
61.620264
-56.115718
-5.390604
26.440000
12.753828
-16.414695
-54.959568
-0.375740
-5.500000
6.960000
-5.500000
-7.714765
5.606401
-17.055298
33.805298
59.583589
0.000000
33.400502
-0.440000
0.220000
0.220000
-25.904732
-36.800565
-13.012372
3.750898
-5.280000
-7.689873
-17.407205
-28.067205
-2.347205
5.500000
-30.629779
-4.409264
-36.985385
-25.690624
-22.989293
-31.842887
-22.699375
-48.809216
5.855218
-18.636226
-9.365298
7.379573
37.439788
-33.039788
-27.485623
34.845623
2.037891
-19.226883
5.240931
0.259069
17.949069
-5.759069
63.742570
-33.646999
20.558650
7.140000
-2.860000
68.589568
12.650000
-4.022306
-39.283329
-29.700676
-11.707044
36.404499
-6.857694
-7.470000
15.503117
-7.593117
7.910000
5.449375
-1.049375
-10.379670
-54.309216
-5.934377
14.604377
-4.180000
-35.375970
6.209281
26.990471
-11.540000
9.610000
-23.915435
26.285435
16.050000
31.819176
-22.310000
-25.449516
35.335364
59.528028
-11.210000
-46.325364
-22.038118
-54.901216
77.005110
-29.621216
-63.181995
-11.626401
-9.116956
-73.155101
-42.780393
-25.493413
-78.254678
-23.113932
-26.690681
-39.253474
-3.300000
-74.129544
-71.930110
-86.464691
-15.493812
-17.706535
-6.840369
-12.640000
10.552795
0.000000
-2.260000
-27.731834
-0.467500
4.786764
-14.502952
17.918452
-9.555901
-35.485305
15.310125
0.327297
0.000000
-21.217707
0.000000
1.247279
23.871141
-0.511553
5.890330
32.378644
-19.595745
-24.064762
-28.403881
57.707221
13.652647
-14.569615
-47.518233
25.583718
-3.156697
-2.922211
-14.463774
-44.638598
47.940513
5.288285
-46.706883
-13.523965
-17.880938
-16.113330
17.156999
-42.250000
46.539373
-48.301344
28.103870
-13.526673
4.657044
-21.535305
-53.544902
20.107297
-11.270867
70.164765
-11.855759
-33.605260
15.832795
-7.690000
-6.600000
-5.501095
-16.920000
-21.241834
-19.226883
30.780000
12.620199
15.110000
-18.674753
-26.099281
18.079281
-6.437351
10.549503
0.000000
-16.485168
-4.400000
-10.430000
-0.225758
20.995758
-23.009296
-1.629296
24.180228
-16.694242
-21.535627
41.539826
-21.009826
-70.980000
0.000000
-0.824377
6.794241
-37.095364
-11.093393
0.000000
0.000000
38.211204
0.000000
1.247279
25.542652
4.953117
12.416883
-19.698893
33.593870
-32.308598
-29.190471
7.690000
8.790000
1.650000
-19.780000
54.950000
0.000000
9.340000
-32.640000
0.000000
-14.400000
-22.495863
-15.728236
19.336769
-40.603531
15.110000
-86.464691
24.064762
11.131764
0.018236
18.610000
10.880000
-9.039291
-6.310574
-14.730000
-30.440000
-13.390903
-19.554581
-17.470000
14.510000
-22.352920
22.973818
59.071372
0.000000
-9.670000
-7.050000
19.304765
-7.714765
-41.745071
-5.453774
-0.716226
0.000000
28.751324
15.161324
-9.439037
-20.929037
-1.142010
-18.848374
-55.392010
-1.887468
11.990000
-11.257729
-11.257729
-2.000000
-24.342082
-34.817855
-22.180000
-36.187978
-17.742141
-13.422949
13.190000
-47.102010
-14.246589
-7.331091
-5.379118
-38.726103
-48.411065
-31.153730
-8.173730
9.111903
16.901903
-5.392682
-23.236589
-5.000000
-23.122010
-45.100346
44.161520
-44.161520
-5.806575
-6.500249
2.224937
-12.765063
-37.304342
-42.604342
-14.672337
-16.990000
-18.307663
9.852430
9.780911
-84.860214
-49.517365
-44.124012
-25.666442
-15.079886
-4.145000
-4.145000
-23.527423
-48.507423
-25.162337
-26.709933
-9.241433
8.490000
-14.990000
-2.000000
-3.469101
-19.962139
-4.500000
3.500000
37.418452
32.418452
-0.124937
-1.124937
-30.616349
-22.701903
-0.700000
-17.589796
16.689796
-25.740459
-30.840459
-22.879086
-11.289547
-66.735934
-44.233424
-30.317012
-30.547955
-15.773501
-37.710370
-19.314342
6.111903
-29.383113
2.216499
-5.403113
-18.393113
-14.961379
0.000000
-43.942198
30.927662
-4.059139
-45.118166
12.534603
-31.660216
-47.604342
-5.000000
-34.422522
1.078736
1.569080
73.569878
12.990000
11.437651
43.492254
11.490000
-10.699372
-11.401246
-49.416855
-3.226982
-12.919532
22.502647
-4.872241
-8.877433
-19.670216
40.541856
-12.132786
-11.044012
28.963082
27.371144
8.957214
-37.748956
-31.248956
-13.489521
-31.188021
-9.990000
-2.551370
4.977022
-9.752141
-3.652141
10.281144
4.157214
0.000000
-2.000000
-3.500000
8.659080
12.559080
0.000000
5.163036
-32.882856
-26.170008
-63.087637
-48.562376
-34.199630
-35.762089
-44.211329
-7.090000
-15.270153
-3.221044
-8.358909
-40.003876
6.101776
11.547637
31.537637
-3.775831
-38.599640
-12.726418
-10.441777
-25.536871
-16.834085
-0.850000
-69.050110
-66.630110
-7.066597
1.066729
-28.079796
1.725000
-4.400000
-31.921835
-8.990000
3.148165
-51.536871
9.773082
-13.890000
-33.134012
-16.144012
-21.527859
-40.852337
-31.045943
-14.555943
-30.618266
-17.460490
0.416535
6.416535
-3.439037
12.573465
2.732082
-6.000000
-6.000000
-23.579724
24.993328
1.422608
-7.959108
-13.388224
16.626433
-40.088876
-34.353589
1.422608
6.768956
12.682349
23.672349
-4.721068
-1.721068
-30.769118
-50.710488
4.995000
4.995000
42.236219
-35.419037
-21.111068
-27.980000
32.815829
11.186887
-13.465063
-25.455063
-0.398224
3.073590
19.206499
14.206499
17.578685
-15.963685
5.986188
-9.990000
-33.196383
-25.939754
-3.643028
-3.500000
-7.990000
-18.005331
-22.005331
35.299878
59.279878
91.269293
4.119773
-13.981528
4.333738
-0.693146
-22.921081
-7.296497
-9.750913
-32.084279
-40.210537
13.498653
-9.481347
-32.582035
-41.945982
20.488653
23.522473
-33.466188
-24.380000
-4.000000
14.206499
6.268932
8.368932
22.309878
0.000000
-5.552577
-6.037423
5.500000
-2.700000
-24.269118
-5.380216
-19.570216
-3.449933
-18.528266
-37.256442
-21.555921
39.680521
-6.890204
-6.200000
-26.980000
-14.390000
-60.759992
26.680453
4.700453
10.926433
-13.390000
1.936433
23.428452
38.670453
-20.305172
-33.601068
18.259397
-2.370403
43.222356
-41.825556
-39.966072
-9.496534
-17.642577
-14.992136
-3.197864
-30.797663
-7.289547
-43.437188
-59.142059
-5.344912
20.419541
26.453514
26.453514
0.629912
-2.960459
-47.197358
-6.507031
-40.452561
35.813660
1.171093
-18.301375
