96.224366
-96.224366
157.201207
-157.201207
144.827873
-53.352426
-91.475447
-243.955860
183.002650
224.389573
238.985497
-200.339621
-125.173475
-76.908765
-336.190778
-136.134231
-9.824496
-95.116026
-95.116026
-480.118781
143.551184
-92.930269
376.766750
-284.213301
-62.283625
1.500460
-68.197337
-126.024854
170.579156
-157.743397
-137.920494
-480.118781
-143.551184
-141.138026
-14.202012
-97.426585
329.002303
369.309438
-258.722944
-150.757132
-105.829016
64.856171
-88.106207
-39.033589
157.383892
-67.782949
-88.100483
360.646527
-85.811320
-50.445634
672.232046
565.583668
-199.578647
-61.096363
62.004197
2.140555
113.702273
-361.503999
-159.277454
232.770561
333.571861
39.467020
-107.664357
-137.604496
-134.474055
-89.425447
-126.024854
-170.839327
-39.562336
10.062042
-20.154024
6.458700
108.178588
-94.483264
50.597523
-50.597523
97.824141
-138.480193
96.818901
-56.162848
71.734596
-71.734596
103.590596
-105.117410
-157.115874
-158.642688
-67.801466
-171.392062
-5.554106
-405.076380
-47.361117
-2.264421
-65.953687
-47.245869
-2.328237
-724.822760
122.569510
-319.746381
-105.117410
-146.917419
-222.238621
-75.321201
-74.678799
-72.238621
-161.228682
-158.517699
24.753049
-44.907073
96.487645
202.489510
-79.920000
380.754857
-178.265347
-230.480880
-83.447798
56.847223
-77.945624
-147.416424
-63.128832
-245.751956
-56.820247
-251.017099
40.787168
29.491715
-72.901658
-72.845432
-92.955388
-66.424907
-65.791910
-332.696330
91.044148
104.444849
-113.809765
-110.457710
30.301605
-30.301605
174.000000
-77.512355
100.790114
-100.790114
22.980000
21.980000
59.442456
16.916656
-76.359111
-34.544933
93.757513
-61.103184
-67.199262
32.835061
-76.542859
249.000000
-205.292202
-216.164939
249.000000
-207.740972
-117.410164
-174.287379
-53.749030
122.494396
-163.917447
-156.447089
-48.313927
-37.942367
-51.332367
-167.897868
-67.872759
-235.770627
-760.130149
86.176004
14.647517
-48.353934
6.477577
13.041248
2.441629
-116.329563
-8.606462
-153.669181
-153.669181
0.000000
-116.822826
-51.048146
-39.870000
-66.890195
24.774788
-139.578307
-6.152223
-92.387259
185.579513
135.149148
-6.087286
-98.647822
-30.414040
-145.949280
-97.595346
-163.917447
4.695849
-152.343012
-78.211638
115.034660
-87.358811
-98.560007
-100.688276
-35.900948
-88.316325
-82.351098
-112.047798
2.085998
0.637378
-82.189731
74.288858
-71.906590
-7.474615
166.521041
-123.181637
-43.566516
17.340401
-60.906917
-5.812755
-32.129613
-66.077796
74.737837
-105.771470
-69.093915
-111.415392
-35.800177
-115.622252
-90.233555
-61.190371
8.360426
-74.570000
173.676849
-82.632701
116.856603
172.468248
6.714438
-44.247010
-43.849970
131.235079
226.251957
10.739832
27.859838
-219.369513
362.430000
339.850000
68.136635
-117.337144
-104.468672
170.839327
-266.300055
-260.806652
-27.196764
-66.471318
70.235279
-70.787381
-65.919215
-157.439552
-90.968235
73.103741
131.506436
-204.610177
264.069674
-190.965933
161.859885
-43.411063
-118.448822
0.000000
163.738686
-58.115483
-105.623204
26.973705
109.592227
-61.487383
-75.078549
0.000000
68.027119
-21.529924
-46.497195
82.134151
-203.583411
-153.976216
-3.321672
-10.349611
8.296705
-207.588743
-42.875581
-4.951157
193.724085
-186.824497
-16.056188
-31.667314
-400.016583
-17.273812
-173.833717
-90.439700
-173.833717
-16.802681
-141.604804
-124.802123
-272.448808
-40.453960
-95.428660
-107.881880
-527.541726
-86.969069
-259.660443
-99.657266
-34.000082
-89.114495
-258.788454
-98.848435
-23.570524
63.737640
154.737865
152.852135
0.000000
-15.359785
-79.207370
-92.257342
0.000000
-251.061136
-244.999339
50.442338
-130.037218
-164.793863
-126.566007
29.370990
107.207173
55.005860
-76.172916
-86.040117
-61.385267
-12.090000
3.331779
-35.131630
-98.677152
-87.567524
-131.004789
0.000000
-138.702088
112.061832
-201.985738
-82.169012
-5.121819
-98.677152
-115.883478
106.277369
-89.242325
-77.278346
0.000000
-129.493258
-69.490713
-92.041066
70.561157
-70.561157
-110.044086
-110.044086
74.899536
-165.339236
184.943622
-120.286428
-106.793661
-183.070968
-169.578200
-136.335403
-183.939970
-167.890995
-3.735411
-38.562458
-34.827047
1.495799
-2.239612
-96.776205
-256.049900
74.455962
-84.817734
12.095379
-84.680826
-202.740107
58.819183
-79.732786
-79.842204
-136.335403
-136.335403
68.828371
-3.376614
-72.204985
-72.309655
-2.116042
-72.339919
-43.819357
-45.935399
-102.826676
-58.590572
-59.007319
16.060030
-124.054026
-123.991413
83.163213
-28.157353
-28.376672
25.987120
-18.867120
-28.614778
36.244778
9.770000
0.000000
36.804366
-30.684366
20.170000
-14.050000
7.601951
-43.343601
-19.538350
-9.160000
-22.881951
-20.143685
-50.629117
27.429201
-27.954367
36.094367
6.020000
-6.920000
6.437565
5.082435
40.590000
-39.160000
-51.932921
-50.852921
-5.913679
-11.523679
-3.391650
-47.718770
31.970000
20.870000
0.000000
8.080000
1.092827
10.107173
27.490000
1.870018
-9.190018
9.767622
19.127622
-2.059372
17.239372
-27.293416
-0.229162
26.504956
-6.959608
17.139608
-9.240838
-20.453274
28.908035
14.574847
-22.748770
-21.253047
38.632921
-5.359874
13.942042
-7.022042
48.004404
-39.154404
-4.080000
-6.020000
62.525222
-50.305222
5.809117
-46.424778
-42.500669
-14.750000
18.830000
-24.322698
30.852698
-41.251114
59.901114
20.952827
-36.890669
-19.590669
-11.419117
-35.859117
40.980000
-29.580000
-6.220000
17.220000
-7.120000
-7.940000
-7.940000
-25.453416
59.730000
-26.270000
-21.380000
55.140000
24.367173
-25.387173
33.186207
-19.236207
-44.915406
-34.935406
11.888350
39.105222
3.975222
-5.100000
1.327200
11.507200
-23.906594
25.126594
-24.456490
24.456490
-83.995561
85.015561
4.726907
-54.571247
24.876038
-41.736240
-46.348934
-3.670000
-44.702042
-18.750000
-1.646723
-18.120000
-17.083685
3.843685
13.003685
-21.380000
-49.090000
-21.380000
19.596907
-34.711247
54.309220
-32.605541
-45.019117
-28.814847
-21.694847
10.966702
-6.886702
-0.510000
30.034207
40.724207
-1.616730
-6.323270
-24.122698
23.036039
-17.736039
4.976207
4.743793
37.446702
-14.260000
70.889651
-62.549651
-9.386113
-19.766113
-14.870000
45.521262
-36.241262
-3.670000
-10.876730
26.872042
15.410201
10.259799
-9.386113
-13.833887
-14.260000
-17.320000
-63.170426
62.630426
-12.876113
-22.173887
-39.072042
-43.053760
-8.396096
-18.523277
31.811696
22.655006
-14.438350
-19.814367
8.733136
18.668770
-10.892800
23.399799
-20.583760
39.483760
40.540465
-23.220465
8.413904
-55.740426
67.545126
-17.568346
-6.120000
41.683793
-14.283793
-38.110426
-31.925739
-40.475739
-24.905739
41.441668
-33.701310
13.639642
16.353047
-10.033047
11.232874
-18.261333
7.598851
-3.076490
9.940347
8.399653
-69.460000
96.315561
-36.994925
-124.165690
-0.610000
-122.442686
3.978886
28.421114
-33.016039
7.120000
55.928035
-49.698035
-14.453416
-4.983416
21.400000
-5.200000
45.454637
52.574637
-17.012800
-22.190000
-37.899117
-5.079438
-21.380000
78.102800
37.482283
-75.383442
15.280000
-24.477565
-52.477173
16.237944
-25.808470
37.680000
13.625363
-0.089866
-12.706594
9.787440
3.862560
4.749982
1.830000
1.830000
4.360000
5.360000
34.437622
21.405541
-17.325541
31.088755
10.273274
-1.176411
-32.161247
-14.770000
-71.412527
-22.731975
-23.190535
-19.433274
64.446537
-57.850349
-66.308035
-42.748851
28.962874
-39.234956
51.481696
-71.690426
-20.733904
-26.961207
-4.280000
30.103589
-27.143589
-35.608851
37.648851
-6.920000
-5.692560
-36.167440
-44.176207
77.598104
0.000000
34.934847
7.299982
-20.450562
-40.916594
-21.790481
-46.797944
23.047941
12.391207
-86.182527
5.524366
-45.790000
26.597440
35.426207
-47.857622
-69.762921
23.773589
17.785388
-3.235388
0.140000
-14.400000
41.277173
-34.828035
-64.360000
-82.190000
7.520000
-18.180000
-20.451247
-37.288934
4.180000
9.160000
9.260000
9.160000
8.244778
-4.080000
-24.060000
-18.650000
23.440000
43.550000
79.739651
12.621247
-5.501247
27.255388
7.745509
0.527120
-7.158667
15.375509
51.820866
-15.675357
0.419438
82.389651
13.750000
-101.865690
14.260000
38.985468
-26.355468
-17.902698
26.755406
-18.713406
6.451333
36.160000
47.971668
9.949982
-22.462042
23.520000
0.000000
0.000000
-7.630000
-77.005447
20.317944
-6.053324
10.804854
-7.135160
59.075160
-24.440000
28.625561
-0.105561
-7.471333
-39.979653
61.359653
49.660347
33.623442
-6.123442
15.466676
73.080347
14.894637
0.000000
-15.280000
45.295561
-7.510000
-81.313529
-98.900000
-10.814637
-10.180000
-36.350000
9.075750
-37.859698
-16.400000
-53.060000
-7.530481
84.322283
-72.795561
79.377625
27.344658
11.114974
47.774974
-12.220000
-84.477625
-54.844658
-11.200000
-58.063442
21.420000
-28.363529
29.847200
-19.208851
-2.801654
16.710000
-18.344313
44.100000
-3.693406
55.628339
-6.172978
-7.378025
-17.195390
-24.881946
-14.763556
-7.977867
19.735722
-40.058054
11.008829
-3.300000
-13.411613
25.395557
-0.593944
-1.869339
6.510771
13.248568
7.273556
-30.591011
-20.260984
28.256609
-6.122138
4.637792
1.492078
-17.553002
1.354925
-20.522803
30.094694
-10.998638
0.593944
10.978753
-3.288753
-9.900000
41.914385
-16.624385
-5.500000
-1.338025
2.785813
35.602315
-21.588477
5.021310
-2.575978
1.261034
9.083633
21.011310
-59.963640
63.763640
28.446390
-32.246390
-4.717022
-12.964586
40.861609
-1.338544
43.080244
-24.751700
4.661456
9.120661
13.690000
13.690000
19.327534
-7.137534
-22.084157
-35.487151
1.408460
13.193802
26.502714
11.963667
-51.660182
15.242466
-2.552466
7.800535
-2.300535
-55.089164
8.798638
3.488396
-25.660115
3.588485
-15.461700
23.651700
-1.875468
14.165468
-18.626036
32.904790
2.200000
13.427792
-5.711734
-5.711734
6.677875
-0.677875
44.927941
7.961456
-7.390000
-4.412307
22.580182
10.190334
4.571122
8.210673
7.179327
-4.075938
4.914062
-18.465938
35.970182
-27.580182
-20.260984
5.389700
4.624323
1.110729
8.779271
24.581767
-9.991767
-18.723865
-5.433865
26.026097
-29.826097
-12.336097
-9.836036
8.789700
-24.523865
-4.500000
-17.584157
3.600000
-7.408460
18.398460
37.319642
-29.629642
-6.551903
-12.051903
-20.828097
58.098097
-16.369584
-7.579584
10.310776
-11.210776
11.510673
2.200000
-31.212272
-36.412272
0.048142
7.941858
30.452594
-24.952594
92.914275
-59.117941
-19.271841
34.580416
34.580416
-1.423608
-41.602315
38.127189
30.937189
56.607189
46.917189
-5.667862
13.441975
-6.351975
14.541975
35.025267
-16.445267
-54.570244
-64.960244
-5.581841
-43.732183
45.351199
14.099687
-3.209687
63.099642
41.384694
16.646664
0.243336
-8.668796
12.280771
37.102131
2.711734
-27.623865
32.738809
40.428809
44.192131
-2.865012
7.265012
8.951040
3.826052
-28.872777
-22.172777
28.108813
24.204524
-34.623336
39.852352
-28.862352
-7.897503
-21.496203
-38.083219
-29.380167
-25.445572
9.870115
14.270115
-17.433336
-10.688054
31.368054
10.391946
19.483802
14.899364
-21.360115
9.292296
12.087704
-1.022608
-1.177392
46.527941
8.692931
3.534385
-12.227316
-5.680642
4.491767
56.413667
-12.649982
41.906374
-7.771700
25.655822
2.748142
-24.379898
51.404385
9.890000
3.774586
15.584157
-21.722272
102.741122
-11.968223
6.241377
-31.981924
-46.942594
-12.111777
-13.012125
-55.311635
17.799364
79.920000
-26.693219
11.888477
10.788477
-13.955460
-41.708284
-9.071122
-0.390497
3.981841
0.618159
-20.456390
2.174586
9.214062
2.390221
9.190221
20.752183
18.790535
-9.699779
20.680221
-15.829574
42.709574
38.092813
3.046097
36.794390
-30.743964
-23.316998
25.192554
2.924444
10.453964
-8.926998
-14.944925
-20.944925
-20.605078
5.481060
-13.774038
-38.398159
-46.009574
0.888477
18.708159
12.411734
33.672078
-26.782078
4.763002
7.992078
-6.741112
-22.214444
-51.182131
13.431377
-29.380167
-23.390167
5.288477
41.316097
-30.517792
19.317551
24.417792
-28.307551
18.488477
-5.288477
-22.469271
-7.495843
-44.961609
37.202315
-0.605843
11.580313
-2.600000
17.980313
17.304062
-20.817551
-31.063333
-10.045966
-4.244034
-10.452684
2.062684
0.000000
24.180000
4.600000
0.000000
4.550000
0.000000
3.974356
7.215644
-0.700000
0.603599
8.086401
15.605187
-9.484813
-36.492989
0.000000
-7.022432
4.575586
-27.680279
-12.890000
0.000000
-10.690000
-5.939387
-13.863602
-6.000000
12.034928
-3.000000
-4.934928
0.000000
-12.034928
0.000000
0.000000
0.000000
0.000000
0.669956
-4.830044
4.600000
-22.371854
61.241854
-13.390000
0.000000
35.300015
-35.300015
-34.423668
15.233668
20.531165
-0.541165
5.700000
-3.400000
-52.626214
-49.226214
48.575993
-61.665993
-10.399169
-18.430831
-2.478586
11.900645
6.667940
-9.090000
20.564525
29.654525
3.800000
-29.054863
-25.254863
-7.751728
24.428272
-9.485127
-4.600000
-61.010056
-13.962154
12.998226
-0.300000
0.000000
-7.513994
37.406075
-39.077208
-0.300000
3.800000
3.200000
48.572197
52.372197
-9.442197
-6.242197
-52.610537
-51.210537
-5.700000
34.348447
40.048447
-21.483599
10.393599
11.790000
4.000000
4.165823
15.955823
-8.065777
9.876669
-22.215427
-49.588866
-15.729783
-29.789207
47.979207
-35.075364
-17.633898
14.490000
7.841525
16.131525
26.941728
24.390000
-15.600000
-31.908866
-7.518866
-9.590000
-7.090000
-14.190000
-14.690000
-10.990000
0.000000
47.859590
66.649590
7.504968
5.085032
-20.479602
9.549713
44.219316
17.919893
6.929893
-8.090000
0.000000
-21.048035
-12.958035
-24.390000
-24.390000
34.000157
38.400157
18.390000
4.905993
-5.100000
-44.864292
-8.790285
0.000000
-2.998389
-5.300000
37.716117
20.627728
-70.016214
9.002660
12.577340
12.089137
1.100863
0.000000
-24.390000
-14.405239
32.595239
-28.850572
-22.450572
-8.990000
7.790000
21.114764
12.124764
-18.114769
-10.363187
49.367957
5.012517
24.267483
-5.363232
-14.053232
-10.390000
3.213092
13.603092
-8.490000
-49.564636
-58.054636
-37.385993
73.373809
37.369590
-82.853399
3.924074
77.297883
-25.764540
-30.664540
29.373599
7.400000
-19.785364
-12.385364
4.824223
-39.598866
21.914764
12.562154
-1.672154
-0.702066
21.377934
11.664372
0.000000
-32.760403
39.776031
-27.353561
39.017933
89.628882
100.818882
37.685906
-31.055906
12.902517
-1.200000
-19.761134
-18.561134
-3.700000
6.379612
4.910388
19.800863
1.100863
9.590000
-5.628033
3.961967
48.811165
47.150533
1.499715
35.960818
42.012805
15.027728
-24.180000
-36.470000
-15.790000
21.951155
-20.951155
13.300645
-20.210645
94.054189
102.189271
35.539128
-26.834444
-42.230993
-38.026106
-29.767462
52.684350
-19.730145
30.020145
3.825236
0.000000
-4.700000
10.386763
-5.686763
0.000000
-4.100000
9.728033
60.172816
67.372816
-43.326214
-46.135623
33.247252
77.338882
-36.457340
-21.342523
-43.385239
0.727846
46.957296
47.685142
-3.700000
-37.406075
-4.700000
-15.910776
0.000000
-2.478586
-10.515277
21.464356
-22.610920
8.090000
0.000000
49.560000
49.560000
-1.400000
29.257606
27.857606
0.000000
-15.850572
-15.850572
-140.000000
-138.600000
0.000000
0.000000
-21.780000
-25.880000
12.765268
-4.675268
-0.400000
0.000000
-24.379137
17.698226
39.878226
-2.101128
-5.501128
-0.400000
-0.700000
17.890000
26.214986
44.104986
-38.744863
18.890000
0.000000
-9.890000
3.300000
14.000000
0.000000
-1.000000
24.300863
29.977463
-19.887463
2.375289
15.765289
15.407934
-6.372066
26.849128
14.688621
8.586894
-35.430000
-14.590000
8.062818
30.748447
29.680000
-21.682993
34.020519
22.804344
-8.590000
0.000000
1.900000
-34.423668
36.147606
38.047606
1.530872
-3.700000
-16.090000
45.935623
18.379999
-15.279999
-5.700000
0.000000
18.214350
9.972438
-29.917643
-25.968500
87.499271
-21.894881
13.276669
6.890000
-12.480497
-5.590497
-4.427182
12.290000
0.000000
-39.441155
-51.731155
37.685906
0.000000
-17.690000
-5.900000
-5.900000
-6.700000
9.876669
30.077934
26.877934
-21.244863
35.051134
18.706270
50.999932
-69.937888
-28.655268
-35.571034
-47.965304
14.543230
-6.197366
12.105339
41.720062
25.904350
-11.418725
-24.908725
-3.400000
-0.700000
-5.600000
-15.042197
2.180613
-4.500000
0.000000
9.290000
13.790000
2.180613
25.380000
7.667568
-21.316724
30.406724
-17.890000
-18.490000
-63.330000
68.889932
77.873230
14.543230
-25.190000
-6.700000
-4.217562
0.000000
0.000000
2.000000
0.000000
4.030099
8.977462
-4.290000
0.000000
-50.407908
54.507908
6.620000
0.310000
5.380000
1.985181
22.094819
1.985181
7.790000
9.990000
6.700000
5.600000
7.790000
11.090000
8.990000
36.192723
-7.712723
36.192723
-1.200000
1.200000
48.909840
47.709840
34.475783
35.675783
-68.821155
70.721155
-3.200000
0.000000
0.000000
33.247252
-34.185993
-38.606075
62.186075
-79.824858
79.824858
-25.694583
-1.824413
5.856757
-28.607760
-55.606117
74.624858
20.357252
-9.474525
-2.974525
-6.990000
-7.692066
7.716566
-0.575289
-8.090000
0.000000
-1.800000
-3.400000
-43.667704
-40.267704
-4.419496
1.529893
-5.700000
1.000000
-23.220760
-17.520760
8.101422
9.101422
-25.667949
32.267949
-16.024986
-4.675750
-9.690000
28.066401
18.376401
-15.316566
14.488805
-8.517760
18.713810
13.613810
0.000000
-1.409561
-2.609561
-16.063797
-8.904640
-11.913214
14.117854
2.896943
9.393057
-7.090000
-7.490000
-3.800000
-10.890000
-7.890000
-15.380000
46.457888
53.547888
-10.391611
32.389182
-13.911414
-13.786599
-6.583340
4.287435
8.190000
2.913371
21.425104
5.600000
-15.790279
16.090000
-9.116566
-2.700000
-6.565014
-3.865014
25.967340
13.365586
25.418284
39.208284
-11.913898
-26.421997
-7.534142
27.798676
-18.203984
-43.403863
2.300000
9.590000
-3.897366
-60.347888
-2.701611
24.170497
21.479999
3.700000
-28.861141
61.907416
-7.626997
-17.824398
5.700000
-7.790000
-6.200000
20.688805
-0.349463
-22.055586
6.382392
-6.382392
-17.660302
22.810157
8.640145
-18.130537
18.130537
5.600000
17.705339
-9.890000
19.150000
-4.000000
75.507183
71.507183
14.499182
25.589182
-5.131983
10.990000
4.100000
-1.241018
-37.280456
-22.005644
-43.559080
-43.269137
-45.703863
54.758226
-58.781762
-46.928982
0.000000
-52.941030
-96.824292
1.245034
1.245034
-3.000000
-39.426874
-68.199840
11.160302
54.128148
-49.228148
16.065268
-22.368500
-5.378500
-22.895993
14.123038
-9.023038
-10.790000
10.293106
11.990000
12.261293
24.251293
0.000000
-50.407908
9.500000
-20.248982
30.038982
0.000000
43.220062
43.220062
0.000000
12.590000
-55.606117
17.495993
4.255072
0.000000
-1.800000
-26.421997
-10.113898
21.890000
3.355858
42.723399
-27.033399
-5.300000
-2.174573
-9.990000
-11.090000
17.907562
-4.517562
0.000000
55.707416
45.376031
45.717933
-14.201128
-45.539668
9.567940
22.065289
-1.840831
-1.203237
7.494504
1.595496
7.490000
-17.690000
47.268226
-79.134292
-11.090000
-6.700000
-43.390015
37.790863
18.880000
53.789893
7.373276
-42.139668
-8.880818
28.850572
4.700000
16.690000
-22.387208
-5.697208
1.746283
-11.033710
-2.721408
22.297934
-56.755783
-10.475926
8.580212
-20.483862
3.825236
14.915236
-58.654292
-19.370403
0.000000
-43.390015
-13.790000
-22.080000
73.648192
-3.700000
15.820044
0.000000
-32.786267
-3.027854
-19.775032
10.024769
53.420000
-79.350244
-29.182296
3.400000
-15.313214
1.500000
11.165587
-6.700000
0.000000
-27.626332
-34.326332
15.233668
15.148982
4.213789
-6.382392
-14.463561
-26.587608
-16.297433
-26.293789
15.670403
7.783733
23.196267
2.700000
-0.397366
2.302634
-1.528725
7.390000
13.246757
12.547279
12.778578
-10.205924
-5.559240
-15.170651
-2.200000
-3.019496
-2.300000
5.640000
-63.102182
-60.802182
85.000000
-72.710743
24.788805
-30.167435
-10.080831
19.196599
25.863340
0.000000
-39.026411
-39.026411
7.390000
5.200000
-53.581762
-24.496267
23.196267
-7.146332
-20.480000
46.810537
-31.020537
0.000000
-16.793106
-16.793106
-14.980497
55.913399
-4.100000
-3.300000
-3.400000
-56.947888
-17.098705
42.378705
-1.365602
14.624398
25.970818
16.330145
-7.490000
62.647704
26.716813
16.616813
-11.090000
12.277435
-8.109349
-3.960217
-16.698262
-24.311884
-34.550168
-25.560168
-7.790000
34.506813
7.940537
-35.551030
-37.351030
17.090000
0.000000
37.685906
-24.567462
-7.518866
-1.471134
-2.990831
-15.361446
2.900000
3.600000
3.400000
-18.494881
0.000000
-7.390000
-49.564636
43.267370
1.874076
-26.995924
9.790000
-14.190000
-1.834986
3.665602
0.000000
26.182483
-66.327582
-20.774813
46.207589
-10.568592
-0.168997
14.183733
-54.033342
59.133342
-3.000000
31.850572
-28.291422
-37.574636
2.300000
18.327728
2.407608
-14.490000
2.410001
25.384504
-10.320920
-14.520920
0.000000
25.380000
-10.733710
44.596276
22.455906
-8.208705
-36.387571
-1.500000
-34.071034
-6.173602
32.870000
-4.249776
23.800388
-17.630239
41.406993
16.790000
4.116398
74.600494
-8.890000
19.768272
19.768272
-0.500000
-38.926874
61.216411
54.916411
0.000000
12.290000
0.000000
11.790000
3.300000
-4.100000
22.806270
0.073187
14.520920
0.000000
60.172816
5.744034
44.096164
66.486164
67.586075
-70.492471
-5.600000
22.311003
-13.790000
-7.801128
-13.001128
-13.001128
-25.855906
-67.490002
5.029781
7.600219
47.128148
-18.579484
-19.429415
11.390000
10.990000
15.860168
21.951275
1.800000
5.400000
81.624858
-6.500000
3.700000
-32.426874
5.600000
6.700000
0.000000
0.000000
-5.500000
6.300000
-1.069080
18.659080
0.000000
19.437358
-29.232540
3.100000
1.900000
-42.544525
-7.921141
-3.026997
14.387704
-13.573340
31.415691
-8.090000
67.223342
-14.790000
-8.790000
19.003789
0.124107
-36.222540
30.249668
-1.230000
16.463797
25.501762
-12.311762
-22.161030
-7.690000
24.080000
-8.690000
-11.290000
-0.300000
-6.600000
-6.800000
-54.507908
9.190000
13.121003
40.899893
-22.980000
23.196267
8.921965
-9.990000
-3.300000
2.459693
-7.130044
-5.400000
-9.590000
-39.905006
-74.870382
-18.690000
-48.283298
-71.653467
-5.500000
5.684560
14.254560
47.188427
-38.948427
11.350215
-9.700215
12.706801
33.040961
-33.857762
-9.780000
10.589676
3.040324
26.732012
-19.152012
-3.846019
17.463981
6.710000
2.200000
-12.296213
-22.626213
-18.553858
35.233858
0.000000
-22.085473
4.081615
-0.550000
-30.700190
23.454717
-3.850000
0.000000
8.621117
-9.128883
-3.654850
-18.535150
-2.786741
-26.908902
-23.362063
-7.255024
-12.752551
13.773703
-26.637937
20.310000
-11.520000
-5.940000
-5.540000
17.348862
-5.478862
-23.477234
26.557234
8.840000
0.000000
-125.925302
-125.925302
27.241207
-34.601207
-44.567601
-50.837601
0.000000
-14.645854
23.995854
31.983568
-25.340000
48.746432
-45.500000
14.048934
-2.106182
-36.442751
-59.453467
-63.963467
35.061507
-15.381507
34.422012
4.840000
-1.430000
13.740000
-3.190000
80.615669
-78.085669
30.210606
31.310606
54.520106
-54.080106
0.000000
-28.332430
-18.305804
-11.050000
0.000000
-16.570000
-16.710000
-109.577407
-27.862682
-9.782997
-52.547091
-93.976985
-17.022005
-31.086353
79.091196
7.381615
6.054698
1.635302
28.779709
-7.569709
30.597773
-27.297773
-57.548716
26.222536
-16.432536
-17.841526
-4.211526
111.745302
12.583927
-59.933193
44.286036
-18.857234
21.200000
-13.410000
17.465302
-11.085302
-12.162227
2.560215
12.864698
0.000000
-31.667314
-37.722012
-16.478335
23.398335
12.296967
-11.220000
-5.500000
0.000000
-23.086801
2.904574
-4.400000
15.390000
0.000000
-17.372024
-25.305248
-41.385150
-58.709709
-0.382536
-10.712536
23.717151
-20.417151
3.520000
10.000000
25.060000
-12.350000
-64.389485
-5.902053
-11.087688
-5.610000
-14.783978
-6.752312
-13.956019
4.765267
-48.446421
-59.425957
74.375957
-45.785957
-37.048493
9.640000
-25.930000
-44.606213
6.987234
-27.058404
-19.890000
-32.408335
-19.263193
37.513193
-12.640000
0.000000
-20.880000
-12.640000
-1.901207
17.291207
0.000000
17.568902
-9.878902
-16.380000
-18.410000
20.650000
-17.913579
39.563579
-5.087773
11.357773
63.385199
-59.975199
-36.100868
-33.570868
-31.260000
-29.230000
39.560000
-37.420137
54.790137
-15.900000
-5.940000
0.000000
0.520389
10.349611
0.000000
5.720000
-43.669556
-47.189556
-4.652592
13.442592
-5.500000
8.570000
-13.116419
-17.103581
28.012238
-11.462238
-30.096213
3.850000
-2.090000
17.342430
-7.452430
-42.604850
62.064850
-9.890000
13.267717
8.389537
-3.847254
25.357717
-4.080000
10.050000
-32.875006
-0.541836
17.721836
0.000000
49.063467
-34.443467
6.215804
-4.400000
-2.400829
6.020000
7.096533
-6.600000
1.946015
14.571393
0.000000
-10.990000
-9.214146
18.044146
36.463964
36.544053
-58.498017
14.669698
19.507601
11.267601
-5.390000
1.646311
-17.773818
7.777583
-7.790000
-21.980000
-8.750980
-16.065481
-11.386723
-19.610000
-12.310000
-12.420000
-105.617407
7.943298
-6.380000
-24.010000
15.969537
34.950000
18.244574
-23.883298
5.763295
37.400382
-37.686533
-58.878427
19.451157
-43.057717
48.943053
-50.206406
-6.600000
-0.547254
-22.710000
-19.560000
-13.410000
-8.350000
-17.283298
-33.900000
0.000000
30.700190
6.440417
97.377407
-84.187407
59.330000
0.000000
-72.061196
79.091196
105.617407
-36.878862
-26.988862
8.790000
-3.410000
4.620000
-61.147557
66.647557
-61.147557
-5.390000
26.440000
25.419537
-19.414850
-63.962746
3.286791
-5.500000
6.960000
-5.500000
-6.971134
5.610000
-17.320417
34.070417
51.588427
0.000000
33.885854
-0.440000
0.220000
0.220000
-25.830000
-36.800000
-23.911393
16.250137
-5.280000
-7.690000
-15.146353
-25.806353
-0.086353
5.500000
-29.515293
-4.400000
-43.268793
-26.774707
-21.508979
-34.691439
-25.571439
-28.217717
10.617234
-17.535293
-9.630417
6.902430
37.237151
-32.837151
-21.159132
28.519132
2.037688
-19.263193
1.361596
4.138404
21.828404
-9.638404
63.886666
-33.761615
20.503334
7.140000
-2.860000
77.592746
12.650000
-1.443787
-39.449657
-29.684698
-11.595493
31.032592
-9.436213
-7.470000
15.466807
-7.556807
7.910000
8.321439
-3.921439
-10.795248
-33.717717
-2.876537
11.546537
-4.180000
-36.547601
12.498793
53.990382
-11.540000
9.610000
-24.645244
27.015244
16.050000
31.980000
-22.310000
-29.805730
39.695730
62.272979
-11.210000
-50.685730
-23.792751
-66.489537
88.629537
-41.209537
-70.453807
-11.630000
-17.042746
-75.376432
-45.737003
-27.513894
-87.482746
-27.778109
-27.576572
-39.888934
-3.300000
-67.682072
-65.906937
-79.325957
-21.155513
-24.515477
-8.375481
-12.640000
12.813647
0.000000
-2.260000
-24.616533
-0.550000
4.837449
-15.706311
18.676311
-10.316311
-32.485150
15.232497
0.407503
0.000000
-19.051117
0.000000
1.286297
22.578609
0.673888
5.474752
31.251526
-20.861391
-24.060000
-28.400000
52.245477
13.630000
-9.416015
-44.119020
31.120291
-3.080000
-2.860000
-15.564707
-45.594637
48.894637
5.156421
-46.743193
-13.520000
-14.001596
-16.597424
17.271615
-42.250000
56.056985
-48.804108
29.126036
-13.786022
4.545493
-18.535150
-57.974560
20.187503
-16.830291
79.466985
-9.332005
-37.324560
18.093647
-7.690000
-6.600000
-5.500000
-16.920000
-18.126533
-19.263193
30.780000
9.782997
15.110000
-22.347773
-32.388793
24.368793
-10.838109
15.128109
0.000000
-16.490000
-4.400000
-10.430000
1.241021
19.528979
-24.283277
-2.903277
23.886419
-18.161021
-23.001021
38.058017
-17.528017
-61.595669
0.000000
-7.290868
9.317995
-41.455730
-10.990000
0.000000
0.000000
39.701836
0.000000
1.286297
25.843581
4.916807
12.453193
-20.208934
34.616036
-33.264637
-56.190382
7.690000
8.790000
1.650000
-19.780000
54.950000
0.000000
9.340000
-32.640000
0.000000
-14.400000
-23.387583
-14.076106
19.886572
-41.827016
15.110000
-79.325957
24.060000
12.783894
-1.633894
18.610000
10.880000
-7.739020
-7.428474
-14.730000
-30.440000
-25.890137
-19.680000
-17.470000
14.510000
-24.518883
26.988862
68.476985
0.000000
-9.670000
-7.050000
18.561134
-6.971134
-44.308883
-6.554707
0.384707
0.000000
31.344531
17.754531
-8.086599
-19.576599
-3.246519
-16.743481
-57.496519
-3.110507
11.990000
-10.816994
-10.816994
-2.000000
-22.492732
-32.982732
-22.180000
-37.045286
-17.580796
-12.405510
13.190000
-49.206519
-12.087909
-4.832323
2.498633
-40.247454
-50.037454
-33.632324
-10.652324
10.247550
18.037550
-5.500000
-21.077909
-5.000000
-25.226519
-47.622324
43.990000
-43.990000
-3.327676
-6.500000
2.697420
-12.292580
-36.710886
-42.010886
-12.133761
-16.990000
-20.846239
10.945195
10.382935
-86.749306
-50.977046
-44.896458
-27.531654
-15.080000
-4.145000
-4.145000
-19.198869
-44.178869
-22.623761
-39.322750
-24.132750
8.490000
-14.990000
-2.000000
-6.752824
-23.242824
-4.500000
3.500000
39.946739
34.946739
-0.597420
-1.597420
-31.827550
-23.837550
-0.700000
-12.541524
11.641524
-27.669299
-32.769299
-22.939929
-11.349929
-67.632113
-44.287990
-30.479204
-30.586828
-14.707093
-37.093156
-18.720886
7.247550
-30.374499
3.282907
-6.394499
-19.384499
-14.990000
0.000000
-47.222824
34.295907
-5.210728
-45.755586
13.736454
-33.675569
-47.010886
-5.000000
-37.123555
2.482827
2.720728
75.912432
12.990000
14.805907
48.062361
11.490000
-10.468198
-11.390000
-48.774414
-0.786037
-12.716957
27.082361
-6.895569
-6.527568
-21.685569
42.187012
-12.119508
-11.816458
31.393963
27.601802
8.970492
-39.779086
-33.279086
-15.490000
-30.880000
-9.990000
3.489036
12.279036
-9.590796
-3.490796
10.511802
4.170492
0.000000
-2.000000
-3.500000
9.810728
13.710728
0.000000
5.444726
-30.767909
-28.477643
-66.944993
-49.219041
-47.253324
-30.150059
-49.222949
-7.090000
-15.280000
-1.190914
-10.857677
-41.949041
6.920450
8.808178
28.798178
-14.884388
-31.485135
0.462750
-11.346012
-23.003761
-18.100507
-1.000000
-63.026937
-60.606937
-7.392255
1.392255
-23.031524
1.500000
-4.400000
-31.284414
-8.990000
3.785586
-49.003761
12.203963
-13.890000
-33.906458
-16.916458
-21.689204
-38.313761
-31.097990
-14.607990
-23.495135
-17.496828
7.225477
13.225477
-2.086599
5.764523
0.882732
-6.000000
-6.000000
-24.559550
24.185501
8.794288
-16.484288
-12.569550
16.714817
-42.049041
-26.358427
8.794288
8.799086
13.689285
24.679285
-2.219487
0.780513
-22.891367
-36.792331
4.995000
4.995000
35.916406
-34.066599
-18.609487
-27.980000
28.746344
10.195501
-12.992580
-24.982580
0.420450
3.273043
20.272907
15.272907
20.187643
-18.287643
0.324487
-9.990000
-34.262907
-26.000000
-1.146710
-3.500000
-7.990000
-16.902788
-20.902788
37.642432
61.622432
89.225325
5.242929
-10.136710
5.454916
-1.886599
-23.089307
-3.654459
-8.990000
-32.178438
-38.482732
13.600693
-9.379307
-33.669285
-42.359285
20.590693
20.238759
-27.804487
-24.380000
-4.000000
15.272907
8.770513
10.870513
24.652432
0.000000
-9.881131
-1.708869
5.500000
-2.700000
-16.391367
-7.395569
-21.585569
-17.142750
-11.405135
-39.121654
-22.278418
40.823236
-11.938476
-6.200000
-26.980000
-14.390000
-60.760000
26.620071
4.640071
11.014817
-13.390000
2.024817
25.956739
38.610071
-19.203146
-31.099487
27.921104
-0.027568
43.935399
-45.947519
-45.222088
-9.703612
-21.971131
-14.992136
-3.197864
-33.336239
-7.349929
-44.258418
-60.413236
-2.008321
18.490701
26.460000
26.460000
-2.091679
-4.889299
-43.203203
-6.500000
-39.970000
37.373710
-0.663328
-18.280000
