94.190413
-94.190413
154.734599
-154.734599
147.968640
-54.922810
-93.045831
-226.499806
176.753440
219.780495
237.077294
-202.060032
-126.671878
-78.379513
-317.799599
-117.556300
-16.098938
-92.072181
-92.072181
-465.329569
150.514920
-106.248753
356.994932
-247.761229
-70.959199
5.697645
-78.959448
-101.559439
152.122953
-138.339497
-112.059120
-465.329569
-150.514920
-143.825221
-13.991759
-96.248818
328.312605
363.799984
-258.672148
-150.807558
-105.879444
55.551245
-101.738035
-24.772410
139.642941
-66.731019
-67.214277
354.719156
-85.147217
-49.791443
664.498049
567.084596
-203.662206
-50.608264
64.379951
5.067052
113.129209
-356.782733
-163.931799
239.641480
339.755669
28.945330
-107.904778
-134.928581
-133.011066
-88.843087
-101.559439
-171.706902
-39.988754
9.635624
-19.631154
7.090955
107.988029
-95.447829
49.833693
-49.833693
96.703034
-137.495874
95.887487
-55.094647
71.600748
-71.600748
102.556993
-104.919243
-154.056352
-156.418602
-68.564620
-171.121613
-25.416199
-394.804397
-58.130259
-7.898139
-51.716906
-57.940591
-7.598608
-721.494387
102.616318
-326.689990
-104.919243
-150.511337
-237.090395
-86.579058
-85.920942
-64.590395
-164.732047
-161.957942
25.104818
-44.735972
96.705565
194.524318
-91.908000
373.709529
-179.185210
-226.874735
-77.474034
59.892235
-76.280621
-145.721180
-61.084433
-247.426725
-57.522241
-256.140197
50.849636
32.636105
-72.450733
-72.394508
-93.171361
-68.783130
-68.133864
-343.155838
93.429664
102.909978
-109.324001
-106.065443
29.507845
-29.507845
174.000000
-77.294435
98.586727
-98.586727
21.633123
20.602980
59.677569
16.810399
-76.487968
-35.818522
90.373960
-59.705452
-66.487030
32.744514
-76.289023
248.850000
-205.305492
-216.105486
248.850000
-208.495474
-117.856899
-175.269134
-54.040551
123.623239
-164.956500
-157.294791
-48.566382
-40.397603
-51.779103
-165.605741
-69.119397
-234.725137
-755.821461
88.743554
17.215068
-47.183494
7.638015
14.297888
0.638437
-115.980112
-8.281564
-151.454009
-151.454009
0.000000
-117.893127
-50.892610
-39.709737
-57.634484
29.439574
-130.583749
-11.292372
-106.297315
215.355046
134.455023
-6.040817
-98.321316
-30.092889
-142.845624
-95.662130
-164.956500
6.190954
-152.421223
-78.116962
115.091996
-87.267920
-98.583409
-100.711678
-31.680644
-97.351229
-81.738191
-111.478380
2.674259
0.232300
-81.963095
77.491838
-71.677489
-6.165113
167.632400
-122.601213
-43.566516
17.340401
-60.906917
-9.865239
-30.532364
-66.077796
100.542449
-59.243355
-58.389781
-101.396022
-35.929782
-115.622445
-90.020565
-61.190371
8.360107
-74.570000
170.847414
-77.417749
113.325172
189.206112
14.246315
-37.224385
-43.849970
147.091408
260.357309
14.136796
31.228129
-189.713546
416.794500
390.827500
66.199466
-115.244693
-102.408782
171.706902
-264.661067
-259.182883
-27.302801
-66.612071
70.094525
-70.787381
-65.919215
-157.657207
-91.045136
71.460848
132.688854
-204.149702
261.873792
-190.412944
162.358964
-43.676409
-118.682555
0.000000
163.738686
-58.115483
-105.623204
26.964022
109.624584
-61.498720
-75.089886
0.000000
67.997907
-21.515340
-46.482567
87.674764
-204.801923
-154.506343
-3.583109
-11.161948
8.042492
-209.108017
-43.132419
-5.213853
193.724085
-186.824497
-16.056188
-31.667314
-400.000000
-17.273812
-173.730168
-90.440341
-173.730168
-16.740287
-141.618061
-124.877774
-272.563725
-40.456780
-95.470021
-107.925899
-533.663394
-86.365719
-259.785304
-99.866966
-34.154789
-88.535427
-258.904933
-99.050960
-23.729204
64.308267
154.746306
152.843694
0.000000
-15.359785
-79.207370
-92.257342
0.000000
-250.000000
-243.947670
54.856936
-130.489805
-165.295148
-127.011445
28.591168
107.279462
54.989910
-76.198632
-86.070740
-61.385267
-12.090000
3.640773
-34.972911
-99.030380
-87.540422
-131.126530
0.000000
-138.757257
112.088357
-202.086454
-82.246785
-5.198516
-99.030380
-115.469646
105.629101
-89.210415
-77.244179
0.000000
-129.096036
-69.539695
-92.089979
70.733616
-70.733616
-110.026989
-110.026989
74.891319
-165.331660
184.918308
-120.373179
-106.968234
-182.983276
-169.578331
-136.335567
-183.853383
-167.890995
-3.774990
-38.645136
-34.870146
1.518312
-2.256678
-96.722644
-256.059074
74.390529
-84.945901
11.913343
-84.809301
-204.057288
58.852749
-79.963801
-80.072039
-136.335567
-136.335567
70.338949
-3.041874
-73.380823
-73.486272
-1.946983
-72.443547
-44.054379
-46.001361
-103.363257
-58.890018
-59.308878
16.146617
-124.153492
-124.091540
83.157924
-28.168014
-28.387377
18.687134
-12.635134
-28.614778
36.019108
8.304500
0.000000
38.279429
-31.241429
20.170000
-14.050000
9.144267
-38.953214
-19.513053
-10.534000
-26.716267
-19.599155
-50.229855
30.875795
-26.959087
33.878087
6.020000
-6.920000
16.427595
-6.755595
40.590000
-39.160000
-51.437008
-50.195008
-5.913679
-11.523679
-6.856447
-46.634581
36.765500
24.000500
0.000000
8.080000
-9.779234
19.299234
26.987822
1.870018
-9.190018
6.417674
14.373674
-2.059377
17.239377
-30.694091
7.711797
24.002121
-2.341384
10.994384
-15.761297
-17.908932
22.659645
19.315654
-17.571072
-20.518047
36.142008
-1.945242
13.942042
-7.022042
47.508790
-37.331290
-4.692000
-6.923000
63.713106
-49.739166
5.809117
-47.612662
-42.500669
-14.750000
18.830000
-19.806487
27.315987
-36.577443
52.429943
7.101766
-36.890669
-19.590669
-11.419117
-33.244355
40.626391
-29.580000
-6.220000
17.220000
-7.120000
-9.131000
-6.749000
-29.130091
57.976124
-26.270000
-23.576984
52.272984
31.420234
-32.287234
34.686915
-18.644415
-39.991038
-28.514038
10.715553
39.105222
3.975222
-5.100000
8.493528
17.146528
-27.098259
28.501259
-18.607109
18.607109
-71.490253
72.663253
4.726907
-54.571247
24.876038
-41.736240
-46.348934
-3.697755
-44.770152
-18.775630
-1.774976
-18.120000
-16.080155
0.854155
11.388155
-24.587000
-56.453500
-21.380000
19.596907
-34.846357
54.875869
-32.605541
-43.778355
-31.419654
-25.367654
10.966702
-6.886702
-0.586500
24.768678
37.062178
-1.616730
-6.323270
-19.576487
25.391151
-20.886151
4.648951
6.904049
37.446702
-14.260000
70.609861
-62.549651
-9.386113
-19.766113
-14.870000
46.288277
-34.716277
-3.670000
-10.876730
26.872042
15.410201
10.259799
-9.386113
-13.833887
-14.260000
-17.320000
-63.170426
62.630426
-12.876113
-22.173887
-39.072042
-43.053760
-8.396099
-18.523279
31.811696
22.655007
-13.648053
-20.040087
8.855659
14.103072
-1.893472
23.399799
-20.583760
39.483760
39.025034
-19.107034
8.413901
-55.740426
72.191486
-18.448607
-7.038000
49.910049
-18.400049
-38.110426
-31.925738
-40.475738
-24.905738
41.234565
-29.422491
6.360926
16.353047
-10.033047
11.225862
-11.079873
3.913127
5.979891
12.440722
3.148278
-79.879000
85.658253
-35.742208
-106.411273
-0.518500
-105.089247
1.868057
25.671943
-33.874151
7.120000
45.401645
-40.331145
-19.780091
-11.730591
21.400000
-5.200000
36.524559
42.576559
-7.095472
-22.190000
-35.590355
-8.785063
-18.173000
59.021972
22.309431
-61.680894
12.988000
-31.761595
-54.413734
16.765488
-16.266501
32.028000
13.693441
19.338662
-14.218259
13.210238
2.487262
4.749982
8.704500
5.772620
11.614000
-1.894000
27.162174
21.405541
-17.325541
35.768835
9.255932
-2.956090
-31.913857
-14.770000
-71.412527
-22.731975
-23.190535
-17.041932
59.961716
-53.824556
-54.224645
-44.335627
26.296362
-34.822621
51.481696
-71.690426
-20.733901
-26.798261
-3.638000
23.631910
-21.115910
-36.124627
38.470627
-6.920000
-8.259883
-43.547238
-47.325415
76.011524
0.000000
36.621654
7.299982
-12.240437
-46.659759
-8.583384
-42.741488
20.286595
12.391207
-86.182527
5.524366
-45.790000
32.541738
37.262915
-44.095174
-71.941508
18.251410
17.785389
-3.235389
-1.081000
-11.040000
44.893734
-27.691645
-54.706000
-69.861500
7.520000
-18.180000
-18.447357
-37.288934
4.807000
7.786000
9.251282
9.160000
8.244778
-4.080000
-24.060000
-18.650000
23.440000
43.550000
78.132361
9.442857
-1.254857
27.255389
8.137343
-2.953866
-10.047127
14.622843
48.444706
-16.167364
5.499063
80.810275
15.812500
-87.456273
13.995464
40.481642
-29.746142
-12.423487
18.807038
-22.814741
1.041373
36.160000
46.785065
9.949982
-22.462042
19.992000
0.000000
0.000000
-8.774500
-74.560087
20.233488
4.887060
4.822439
-16.046927
60.195927
-20.774000
10.562753
13.679247
-1.908373
-29.991278
48.164278
46.202722
26.184894
-2.809894
21.979060
66.109722
10.548559
0.000000
-12.988000
26.985253
-8.636500
-64.072866
-84.065000
-7.080559
-8.653000
-30.897500
8.508808
-37.242317
-12.740000
-43.901000
3.537616
62.123431
-58.610253
67.848223
20.035208
18.880735
50.041735
-14.053000
-73.713223
-51.660208
-9.520000
-46.958894
18.207000
-19.065366
32.735528
-17.264627
-4.976893
14.203500
-18.344313
44.100000
-4.641741
54.520952
-4.815591
-10.114046
-18.342702
-21.248613
-13.458688
-10.750348
17.659171
-35.852387
9.295376
-2.805000
-13.149226
23.192480
-0.361755
-2.171610
4.429767
13.248568
7.092188
-30.591011
-20.260984
27.293008
-6.122138
4.637792
1.492078
-17.553002
1.354925
-20.522803
27.303263
-10.928518
0.361755
12.753143
-6.216643
-9.900000
41.914385
-16.624385
-5.500000
-1.338025
3.043912
35.602315
-21.588477
5.044491
-2.103432
2.374931
5.555510
18.635991
-59.963640
63.763640
26.336107
-30.706107
-4.717022
-12.964586
40.861609
-1.338544
43.080244
-24.751700
4.661456
7.169890
13.836785
13.827536
19.569547
-7.137534
-21.758810
-34.964290
1.628454
13.193802
26.502714
11.963667
-51.660182
15.404957
-2.552466
7.907361
-1.582361
-54.529766
8.764584
3.406176
-24.637932
3.505249
-15.461700
23.651700
-8.938142
19.384642
-22.745193
38.303336
2.200000
13.427792
-5.711734
-5.711734
6.677875
-0.995245
38.884595
7.961456
-8.738500
-4.412307
22.580182
10.190334
4.571122
8.210673
7.179327
-4.075938
4.914062
-18.516512
35.970182
-27.580182
-20.260984
3.127135
5.470933
1.231868
8.779271
24.581767
-9.991767
-18.723865
-5.433865
26.026097
-29.826097
-12.336097
-15.273693
6.017135
-24.523865
-4.569324
-17.584157
4.140000
-6.954197
16.295697
31.194583
-22.351083
-6.551903
-12.051903
-20.828097
58.098097
-16.369584
-7.579584
10.310776
-11.210776
11.510673
2.200000
-32.611859
-37.031859
-0.348749
9.537249
27.132205
-22.457205
80.913943
-50.946095
-22.243119
34.580416
34.580416
-1.423608
-41.602315
37.282738
31.171238
52.990738
44.754238
-5.667862
13.441975
-6.351975
14.541975
35.025267
-16.445267
-54.570244
-64.960244
-10.606619
-43.732183
44.533648
14.099687
-3.209687
60.841583
40.286763
20.545875
-1.122375
-9.795527
12.319981
37.102131
2.711734
-27.623865
32.738809
40.428809
44.059831
-3.483618
8.543618
10.573728
3.428846
-30.810029
-23.105029
31.565850
27.192275
-38.414625
39.450568
-27.674071
-5.474279
-22.623398
-35.728212
-29.791779
-26.791619
6.479432
11.539432
-18.646125
-8.280887
25.858887
8.932113
19.483802
14.899364
-19.692932
9.292296
12.087704
-1.022608
-1.177392
40.244595
8.692931
3.534385
-12.227316
-5.509541
4.491767
56.413295
-12.649982
41.906374
-7.771700
25.655822
2.756251
-24.379898
51.404385
9.669099
3.774586
15.584157
-24.545359
104.117870
-13.773262
7.854669
-29.791709
-46.095705
-13.918738
-10.641255
-55.501140
17.534281
91.908000
-22.629712
11.888477
10.788477
-14.200473
-41.708284
-9.070784
-0.390672
9.246619
-5.546619
-17.147607
2.174586
9.214062
2.390221
9.190221
20.752183
18.790535
-9.699779
20.680221
-13.056389
43.968389
38.092813
3.046097
37.053034
-24.947423
-23.266770
23.909685
3.437085
1.972807
-8.926998
-14.944925
-20.944925
-20.183465
5.260809
-14.980535
-37.900381
-47.763389
0.689043
15.256881
12.411734
32.315698
-26.459198
4.763002
7.992078
-5.966596
-21.040377
-50.001331
13.966169
-29.791779
-22.318279
5.288477
41.316097
-30.517792
19.317551
24.417792
-28.307551
18.488477
-5.288477
-20.415771
-7.495843
-44.961609
37.202315
-0.605843
11.580313
-2.600000
18.050392
17.369754
-20.817551
-22.784145
-10.045966
-4.244034
-11.337810
2.062684
0.000000
24.180000
3.910000
0.000000
4.550000
0.000000
3.974356
7.215644
-0.700000
0.603599
8.086401
15.605187
-9.484813
-36.492989
0.000000
-7.022432
4.575586
-27.680279
-12.890000
0.000000
-10.690000
-5.939387
-13.863602
-6.000000
12.034928
-3.000000
-4.934928
0.000000
-12.034928
0.000000
0.000000
0.000000
0.000000
0.669956
-4.830044
4.600000
-22.371854
61.241854
-13.390000
0.000000
35.300015
-35.300015
-32.370810
15.216625
20.531165
-0.541165
5.395948
-3.400000
-52.626214
-49.226214
48.575993
-61.665993
-10.399169
-18.430831
-2.478586
11.900645
6.667940
-9.090000
20.564525
29.654525
3.800000
-29.054863
-25.254863
-7.751728
24.428442
-9.549330
-4.609779
-61.018501
-13.976442
12.979846
-0.313763
0.000000
-7.522262
37.400012
-39.113604
-0.313475
4.021614
3.200000
48.326009
52.347623
-9.442197
-6.242197
-52.610537
-51.210537
-5.700000
34.348447
40.048447
-21.483599
10.393599
11.730220
4.000000
4.141435
15.871655
-8.065777
9.876669
-22.215427
-49.588866
-15.729783
-29.784156
47.979207
-34.756365
-17.314899
14.415766
7.841525
16.131525
26.893735
24.390000
-15.600000
-31.908866
-7.518866
-9.263494
-6.954488
-14.190000
-14.690000
-10.990000
0.000000
47.859590
66.649590
7.504968
5.085032
-20.479602
9.549713
44.146870
17.919893
6.929893
-8.090000
0.000000
-21.048035
-12.958035
-24.390000
-24.390000
34.000157
38.400157
18.390000
4.905993
-5.100000
-44.864292
-8.790285
0.000000
-2.998389
-5.300000
37.716117
20.627728
-70.016214
9.002660
12.577340
12.089137
1.100863
0.000000
-24.390000
-14.405239
32.595239
-28.850572
-22.450572
-8.990000
7.790000
21.114764
12.124764
-18.114769
-10.363187
49.367957
5.012517
24.267483
-5.221552
-12.608052
-10.390000
3.213092
13.603092
-8.490000
-49.564636
-58.054636
-37.385993
73.373809
37.369590
-82.853399
3.924074
77.297883
-25.764540
-30.475439
29.373599
7.400000
-19.785364
-12.385364
4.824223
-39.598866
21.914764
12.562154
-1.672154
-0.702066
21.377934
11.664372
0.000000
-32.760403
39.776031
-27.353561
39.017933
89.628882
100.818882
37.368438
-31.104804
12.902517
-1.200000
-19.761134
-18.561134
-3.700000
6.380263
4.910388
19.800863
1.100863
9.590000
-5.628033
3.961967
48.811165
47.150533
1.499715
35.960818
42.012805
15.027728
-24.180000
-36.470000
-15.790000
21.951155
-20.951155
13.300645
-20.210645
94.054189
102.189271
35.539128
-26.834444
-42.230993
-38.026106
-29.767462
52.684350
-19.730145
30.020145
3.825236
0.000000
-4.700000
10.386763
-5.686763
0.000000
-4.100000
9.728033
60.172816
67.372816
-43.780099
-46.135623
33.247252
77.338882
-36.457340
-21.342523
-43.385239
0.727846
46.957296
47.685142
-3.700000
-37.400012
-4.700000
-15.910776
0.000000
-2.478586
-10.515277
21.464356
-22.610920
8.090000
0.000000
49.560000
49.560000
-1.190000
27.173175
25.983175
0.000000
-15.850572
-15.850572
-140.000000
-138.600000
0.000000
0.000000
-21.780000
-25.834921
12.765268
-4.675268
-0.400000
0.000000
-24.379137
17.691909
39.878226
-2.101128
-5.501128
-0.400000
-0.595000
17.890000
26.214986
44.104986
-38.744863
18.890000
0.000000
-9.890000
3.300000
14.000000
0.000000
-1.000000
24.300863
29.814522
-19.887463
2.375289
15.765289
15.407934
-6.372066
26.849128
14.622170
8.582896
-35.433308
-14.578846
8.057574
30.750595
29.656782
-21.585930
34.020519
22.804344
-8.590000
0.000000
1.615000
-32.370810
33.029675
34.644675
1.530872
-3.700000
-16.090000
45.935623
18.379999
-15.279999
-5.700000
0.000000
18.328130
9.942062
-29.839719
-25.891764
87.687951
-21.894881
13.276669
6.890000
-12.480497
-5.590497
-4.427182
12.288096
0.000000
-39.440276
-51.728371
37.368438
0.000000
-17.690000
-5.900000
-5.900000
-6.700000
9.876669
30.077934
26.877934
-21.244863
35.051134
18.706270
50.999932
-69.937888
-28.655268
-35.571034
-47.965304
14.543230
-6.197366
12.105339
41.720062
25.904350
-11.418725
-24.908725
-3.400000
-0.700000
-5.600000
-15.042197
2.180613
-3.825000
0.000000
9.105508
12.930508
2.180613
25.380000
7.667568
-21.316724
30.293725
-17.890000
-18.490000
-63.330000
68.889932
77.873230
14.543230
-25.190000
-6.700000
-4.166111
0.000000
0.000000
2.000391
0.000000
4.030099
8.977462
-4.290000
0.000000
-50.407908
54.507908
6.620000
0.310000
5.380000
1.985181
22.094819
1.985181
7.790000
9.990000
6.700000
5.600000
7.790000
11.090000
8.990000
36.192723
-7.712723
36.192723
-1.200000
1.200000
48.909840
47.709840
34.475783
35.675783
-68.793137
70.408137
-3.200000
0.000000
0.000000
33.247252
-34.185993
-38.606075
62.186075
-79.824858
79.824858
-25.694583
-1.824413
5.856757
-28.607760
-55.606117
74.624858
20.357252
-9.474525
-2.974525
-6.990000
-7.692066
7.716565
-0.575289
-8.090000
0.000000
-1.800000
-3.400000
-43.667704
-40.267704
-4.419496
1.529893
-5.700000
1.000000
-23.220760
-17.520760
8.101422
9.101422
-25.667949
32.267949
-16.024986
-4.768808
-9.690000
28.066401
18.376401
-15.316565
14.488805
-8.517760
18.713810
13.613810
0.000000
-1.409561
-2.609561
-15.798990
-8.904640
-11.793838
14.117854
2.896943
9.393057
-7.090000
-7.490000
-3.800000
-10.890000
-7.890000
-15.380000
46.457888
53.547888
-10.391611
32.389182
-13.898534
-13.813669
-6.621957
4.304348
8.144921
2.913371
21.249059
5.600000
-15.790279
16.090000
-9.116565
-2.961003
-6.836941
-3.875939
25.967340
13.365586
25.418284
39.208284
-11.913898
-26.421997
-7.534142
27.798676
-18.203984
-43.403863
2.300000
9.590000
-3.897366
-60.347888
-2.701611
24.149953
21.434149
3.694632
-28.838227
61.893543
-7.610088
-17.764289
5.700000
-7.641894
-6.200000
20.688805
-0.098954
-20.752086
6.340250
-6.340250
-17.660302
22.810157
8.640145
-18.130537
18.130537
5.600000
17.705339
-9.827542
19.078824
-3.400000
77.353224
73.953224
14.499182
25.589182
-5.131983
10.990000
4.100000
-1.241018
-37.280456
-22.005644
-43.559080
-43.269137
-45.703863
54.758226
-58.781762
-46.928982
0.000000
-52.941030
-96.824292
1.245034
1.245034
-3.000000
-39.426874
-68.199840
11.160302
54.128148
-49.228148
16.065268
-22.340219
-5.378500
-22.895993
13.577756
-9.023038
-10.790000
10.454958
11.990000
12.261293
24.251293
0.000000
-50.407908
9.500000
-20.248982
30.038982
0.000000
43.220062
43.220062
0.000000
12.590000
-55.606117
17.495993
4.165235
0.000000
-1.800000
-26.421997
-10.113898
21.890000
3.355858
42.723399
-27.033399
-5.300000
-2.174573
-9.990000
-11.090000
16.052612
-4.511111
0.000000
55.707416
45.376031
45.717933
-14.201128
-45.539668
9.567940
22.065289
-1.840831
-1.203237
7.494504
1.595496
7.490000
-17.690000
47.268226
-79.134292
-11.090000
-6.700000
-43.390015
37.790863
18.880000
53.789893
7.373276
-42.139668
-8.880818
28.850572
4.712063
16.690000
-22.387208
-5.697208
1.746283
-11.033710
-2.721408
22.297934
-56.755783
-10.475926
8.580212
-20.483862
3.825236
14.790461
-58.654292
-19.370403
0.000000
-43.390015
-13.790000
-22.080000
73.093419
-3.700000
15.265270
0.000000
-32.785234
-3.041286
-19.763847
10.024769
53.420000
-79.350244
-29.182296
2.991154
-14.784991
1.500000
11.165587
-5.695000
0.000000
-26.998397
-32.693397
15.216625
15.148982
4.239219
-6.340250
-14.467496
-26.582910
-14.050558
-25.334873
15.676229
7.783733
23.196267
3.105000
-0.156933
2.948067
-1.528725
7.390000
13.246757
12.547279
12.778578
-10.205924
-5.559240
-15.170651
-2.200000
-3.019496
-2.300000
5.640000
-63.102182
-60.802182
85.000000
-72.710743
24.788805
-30.167435
-10.080831
19.196599
25.863340
0.000000
-39.026411
-39.026411
7.390000
5.200000
-53.581762
-24.496267
23.196267
-6.518397
-20.480000
46.810537
-31.020537
0.000000
-16.678079
-16.678079
-14.980497
55.913399
-4.100000
-3.300000
-3.400000
-56.947888
-17.098903
42.057871
-0.892641
14.624398
25.970818
16.330145
-7.490000
62.647704
26.716813
16.616813
-11.090000
12.277435
-8.109349
-3.960217
-16.698262
-24.311884
-34.550168
-25.560168
-7.790000
34.506813
7.940537
-35.551030
-37.351030
17.064766
0.000000
37.368438
-24.567462
-7.518866
-1.471134
-2.990831
-15.361446
2.900000
3.551545
3.400000
-18.494881
0.000000
-7.390000
-49.564636
43.202031
1.874076
-26.995924
9.790000
-14.190000
-1.834986
2.847641
0.000000
26.182483
-66.327582
-20.774813
46.207589
-10.568592
-0.168997
13.983820
-54.033342
59.133342
-3.000000
31.850572
-28.291422
-37.574636
2.300000
18.327728
2.358994
-14.415766
1.262698
25.384504
-10.320920
-14.520920
0.000000
25.380000
-10.733710
44.501376
22.455906
-8.210237
-36.291139
-1.500000
-34.071034
-6.173602
32.870000
1.609343
22.496749
-17.153736
38.090683
16.790000
4.116398
74.600494
-8.888665
19.612476
19.612476
-0.500000
-38.926874
61.216411
54.916411
0.000000
12.290000
0.000000
11.790000
3.300000
-4.100000
22.806270
0.073187
14.520920
0.000000
60.172816
5.744034
44.096164
66.486164
67.586075
-70.492471
-5.600000
22.311003
-13.790000
-7.456128
-13.001716
-13.001716
-25.855906
-67.490002
5.029781
7.600219
47.128148
-18.579484
-19.429415
11.390000
10.990000
15.860168
21.951275
1.800000
5.400000
81.624858
-6.500000
3.700000
-32.426874
5.600000
6.700000
0.000000
0.000000
-5.500000
6.300000
-1.069080
18.659080
0.000000
19.437358
-29.232540
3.100000
1.900000
-42.544525
-8.634209
-3.700088
14.387704
-13.573340
31.415691
-8.090000
67.223342
-14.899154
-8.699243
19.138373
2.413150
-35.673935
30.249668
0.298500
16.138990
25.501762
-12.311762
-22.161030
-7.690000
24.080000
-8.690000
-11.290000
-0.345000
-6.600000
-6.800000
-54.507908
9.190000
13.121003
40.899893
-22.980000
23.196267
9.427517
-9.990000
-3.300000
2.459693
-7.407430
-5.400000
-9.590000
-39.905007
-74.870382
-18.690000
-48.283298
-71.653467
-5.500000
5.684560
14.254560
47.188427
-38.948427
11.350215
-9.700215
12.706801
33.045497
-33.857762
-9.780000
10.589676
3.035603
26.732012
-19.152012
-3.846019
17.463981
6.710000
2.200000
-12.296213
-22.626213
-18.553858
35.258307
0.000000
-22.085473
4.081615
-0.550000
-30.700190
23.454717
-3.850000
0.000000
8.621117
-9.129047
-3.654850
-18.535150
-2.786741
-26.908902
-23.362063
-7.255024
-12.752743
13.773703
-26.637937
20.310000
-11.520000
-5.945005
-5.540000
17.348862
-5.461997
-23.477234
26.566332
8.885451
0.000000
-125.925302
-125.925302
27.241207
-34.608474
-44.567601
-50.841024
0.000000
-14.645854
23.995854
31.982581
-25.340000
48.746432
-45.500000
14.048934
-2.106182
-36.442751
-59.453467
-63.963467
35.073099
-15.381507
34.422012
4.741481
-1.430000
13.740000
-3.190000
80.615669
-78.085669
30.210606
31.310606
54.454106
-54.080106
0.000000
-28.332430
-18.305804
-11.050000
0.000000
-16.570000
-16.786901
-109.464942
-27.815819
-9.757985
-52.369475
-93.423997
-17.022005
-31.086353
79.091196
7.381615
6.054698
1.635302
28.779709
-7.569709
30.597773
-27.297773
-57.503315
26.222536
-16.432536
-17.841526
-4.211526
111.745302
12.583927
-59.933193
44.286036
-18.857234
21.200000
-13.410000
17.465302
-11.085302
-12.162227
2.560215
12.864698
0.000000
-31.667314
-37.722012
-16.478335
23.398335
12.296967
-11.220000
-5.500000
0.000000
-23.086801
2.904574
-4.400000
15.390463
0.000000
-17.372024
-25.305248
-41.385150
-58.709709
-0.382536
-10.712536
23.717151
-20.417151
3.564203
10.000000
25.060000
-12.350000
-64.389485
-5.902053
-11.087688
-5.610000
-14.783978
-6.752312
-13.956019
4.765267
-48.446421
-59.425957
74.375957
-45.785957
-37.048493
9.640005
-25.930000
-44.606213
6.987234
-27.058404
-19.890000
-32.408335
-19.263193
37.513193
-12.640000
0.000000
-20.880000
-12.640000
-1.901207
17.291207
0.000000
17.568902
-9.878902
-16.380000
-18.410059
20.650000
-17.913579
39.563579
-5.087773
11.357773
63.385199
-59.973703
-36.100928
-33.570868
-31.278404
-29.248951
39.570609
-37.420137
54.800440
-15.900000
-5.940000
0.000000
0.520389
11.161948
0.000000
5.720000
-43.671901
-47.189556
-4.652592
13.442592
-5.500000
8.570000
-13.116419
-17.103581
28.012238
-11.462238
-30.096213
3.850000
-2.090000
17.342430
-7.452430
-42.604850
62.093671
-9.890000
13.267717
8.389537
-3.847254
25.357717
-4.080000
10.050000
-32.875007
-0.541836
17.721836
0.000000
49.063467
-34.443467
6.215804
-4.400000
-2.400829
6.020000
7.096533
-6.600000
1.946015
14.571393
0.000000
-10.990000
-9.214146
18.044146
36.463964
36.554419
-58.498017
14.669698
19.507601
11.267601
-5.388948
1.654870
-17.772686
7.780201
-7.788776
-21.971972
-8.748524
-16.065236
-11.386155
-19.610000
-12.310599
-12.531998
-105.617407
7.943298
-6.380000
-24.010000
15.969537
34.950000
18.257013
-23.883298
5.763295
37.400382
-37.686533
-58.878427
19.451157
-43.057717
48.943053
-50.206405
-6.600000
-0.547254
-22.714295
-19.564295
-13.410000
-8.350000
-17.283298
-33.900000
0.000000
30.700190
6.440417
97.377407
-84.184490
59.330000
0.000000
-72.061196
79.091196
105.617407
-36.880920
-26.988862
8.790000
-3.410000
4.625789
-61.143805
66.648350
-61.143805
-5.390604
26.440000
25.419537
-19.414850
-63.962746
3.286791
-5.500000
6.960000
-5.500000
-6.971134
5.606401
-17.320417
34.070417
51.588427
0.000000
33.885854
-0.440000
0.220000
0.220000
-25.904732
-36.800565
-23.911526
16.250036
-5.280000
-7.689873
-15.146353
-25.806353
-0.086353
5.500000
-29.528847
-4.409264
-43.274897
-26.791557
-21.522514
-34.714951
-25.571439
-28.217717
10.617234
-17.535293
-9.630417
6.902430
37.237151
-32.837151
-21.159132
28.519132
2.037688
-19.263193
1.361596
4.138404
21.828404
-9.638404
63.886666
-33.761615
20.414555
7.140000
-2.860000
77.592746
12.650000
-1.443787
-39.449657
-29.684698
-11.595493
30.645677
-9.436213
-7.470000
15.466807
-7.556807
7.910000
8.321439
-3.921439
-10.795248
-33.717717
-2.876537
11.546537
-4.180000
-36.547601
12.498793
53.990382
-11.540000
9.610000
-24.645244
27.015244
16.050000
31.819176
-22.310000
-29.809882
39.695730
62.133761
-11.210000
-50.685730
-23.792751
-66.489537
88.593431
-41.209537
-70.409949
-11.626401
-17.042746
-74.982725
-45.642607
-27.145543
-87.257856
-27.692306
-27.240485
-39.623262
-3.300000
-67.682072
-65.906937
-79.325957
-21.155513
-24.515477
-8.375363
-12.640000
12.813647
0.000000
-2.260000
-24.616533
-0.467500
4.830593
-15.263363
18.678863
-10.316311
-32.485150
15.229919
0.407503
0.000000
-19.051117
0.000000
1.282556
22.593760
0.685623
5.474752
31.260744
-20.873126
-24.064762
-28.403881
52.296187
13.652647
-9.429282
-44.122997
31.143143
-3.156697
-2.922211
-15.564707
-45.594637
48.896551
5.156421
-46.743193
-13.523965
-14.001602
-16.597429
17.271615
-42.250000
56.056985
-48.804108
29.126036
-13.786022
4.545493
-18.535150
-57.264202
20.187503
-16.830291
79.682377
-9.332005
-37.324560
18.093647
-7.690000
-6.600000
-5.501095
-16.920000
-18.126533
-19.263193
30.780000
9.757985
15.110000
-22.347773
-32.388793
24.368793
-11.015725
15.127878
0.000000
-16.485168
-4.400000
-10.430000
1.241021
19.528979
-24.283277
-2.903277
23.879299
-18.161021
-23.002406
38.058017
-17.528017
-61.595669
0.000000
-7.290868
9.317995
-41.455730
-11.093393
0.000000
0.000000
39.697196
0.000000
1.282556
25.843581
4.916807
12.453193
-20.068681
34.616036
-33.264637
-56.190382
7.690000
8.790000
1.650000
-19.780000
54.950000
0.000000
9.340000
-32.640000
0.000000
-14.400000
-23.387583
-14.076106
19.886572
-41.827016
15.110000
-79.325957
24.064762
12.783894
-1.633894
18.610000
10.880000
-7.739020
-7.428474
-14.730000
-30.440000
-25.890041
-19.554581
-17.470000
14.510000
-24.519510
26.988862
68.588984
0.000000
-9.670000
-7.050000
18.561134
-6.971134
-43.911660
-6.554707
0.384707
0.000000
31.344531
17.754531
-8.086599
-19.576599
-3.246519
-16.743865
-57.496519
-3.110507
11.990000
-10.816994
-10.816994
-2.000000
-22.492732
-32.968504
-22.180000
-37.044072
-17.580796
-12.405510
13.190000
-49.206519
-12.087909
-4.832323
2.498633
-40.247454
-49.932416
-33.632324
-10.652324
10.247550
18.037550
-5.392682
-21.077909
-5.000000
-25.226519
-47.578940
44.161520
-44.161520
-3.327981
-6.500249
2.697420
-12.292580
-36.710886
-42.010886
-12.133761
-16.990000
-20.846239
10.945195
10.382459
-86.749306
-50.915239
-44.896458
-27.531654
-15.079886
-4.145000
-4.145000
-19.198869
-44.178869
-22.623761
-39.903554
-22.435054
8.490000
-14.990000
-2.000000
-6.749786
-23.242824
-4.500000
3.500000
39.946739
34.946739
-0.597420
-1.597420
-31.751996
-23.837550
-0.700000
-12.541524
11.641524
-27.669299
-32.769299
-22.939467
-11.349929
-67.628365
-44.285470
-30.478357
-30.584293
-14.707093
-37.093157
-18.720886
7.247550
-30.374499
3.282907
-6.394499
-19.384499
-14.961379
0.000000
-47.222882
34.295917
-5.210786
-45.755588
13.736454
-33.675569
-47.010886
-5.000000
-37.123555
2.481037
2.720728
75.912432
12.990000
14.805907
48.062361
11.490000
-10.468714
-11.401246
-48.779433
-0.796101
-12.720079
27.072754
-6.887593
-6.534880
-21.685569
42.187012
-12.119508
-11.816458
31.393963
27.601802
8.970492
-39.779086
-33.279086
-13.489521
-31.188021
-9.990000
3.489036
11.017428
-9.590796
-3.490796
10.511802
4.170492
0.000000
-2.000000
-3.500000
9.810728
13.710728
0.000000
5.596862
-30.724176
-28.493966
-66.738124
-49.849688
-47.565922
-30.301542
-49.047497
-7.090000
-15.270153
-1.190914
-10.857677
-41.291188
6.920450
8.808178
28.798178
-14.056369
-31.476509
0.467203
-11.323248
-22.998295
-18.057123
-0.850000
-63.026937
-60.606937
-7.392123
1.392255
-23.031524
1.725000
-4.400000
-31.284414
-8.990000
3.785586
-48.998295
12.203963
-13.890000
-33.906458
-16.916458
-21.689204
-38.313761
-31.097990
-14.607990
-23.495135
-17.496828
7.225477
13.225477
-2.086599
5.764523
0.882732
-6.000000
-6.000000
-22.761050
24.001941
8.748494
-15.284994
-12.569550
16.714817
-41.376188
-26.358427
8.748494
8.799086
13.689285
24.679285
-2.219488
0.780512
-22.891367
-36.792331
4.995000
4.995000
35.916405
-34.066599
-18.609488
-27.980000
28.746344
10.195501
-12.992580
-24.982580
0.420450
3.273043
20.272907
15.272907
19.902643
-18.287643
0.324487
-9.990000
-34.262791
-25.939754
0.462333
-3.500000
-7.990000
-16.902788
-20.902788
37.642432
61.622432
89.096554
5.374701
-9.876167
5.584099
-0.902523
-22.939040
-3.623465
-9.750913
-31.860794
-38.361187
13.600693
-9.379307
-33.588971
-42.952917
20.590693
20.238759
-27.804487
-24.380000
-4.000000
15.272907
8.770512
10.870512
24.652432
0.000000
-9.881131
-1.708869
5.500000
-2.700000
-16.391367
-7.395569
-21.585569
-16.643554
-11.405135
-39.121654
-22.278418
40.823236
-11.938476
-6.200000
-26.980000
-14.390000
-60.759992
26.620071
4.640071
11.014817
-13.390000
2.024817
25.956739
38.610071
-19.203146
-31.099488
27.921104
-0.027849
44.001361
-45.947032
-45.221423
-9.703612
-21.971131
-14.992136
-3.197864
-33.336239
-7.349929
-44.159684
-60.284775
-2.622298
18.490701
26.453514
26.453514
-2.092702
-4.889299
-43.203203
-6.507031
-40.452561
36.978939
-0.673990
-18.301375
