88.971415
-88.971415
148.601563
-148.601563
144.943521
-56.102750
-88.840771
-219.251613
157.245000
139.862210
164.974388
-79.877708
-99.821015
-63.131261
-267.817018
-95.788552
2.518778
-87.273622
-87.273622
-326.486402
126.737999
-94.658566
412.727180
-250.000000
-19.018613
-4.596575
-22.417378
-126.871784
159.757776
-165.389832
-136.503759
-326.486402
-126.737999
-122.987735
-17.062378
-100.257587
214.605146
256.661460
-93.821204
-123.130187
-97.070215
124.019517
-94.319261
-48.718870
148.380436
-69.994130
-82.982881
285.658936
-88.098141
-57.698585
482.352222
405.975739
-171.035048
118.111634
78.457417
184.092799
127.985242
-184.777134
-80.788930
118.273327
213.555449
102.597325
-125.014703
-6.662546
-102.124962
-75.989626
-126.871784
5.172267
-69.372049
-15.677926
-25.267104
37.238604
80.816838
-92.788338
53.208425
-53.208425
89.006504
-111.492518
81.193747
-58.707733
69.259716
-69.259716
76.735121
-101.249495
-99.349251
-123.863625
-73.187744
-149.922865
-52.428748
-293.972048
-66.725510
-31.708962
-19.778479
-66.522296
-29.926452
-609.059699
42.766879
-315.087651
-101.249495
-145.791968
-221.110708
-75.318741
-74.681259
-71.110708
-158.881629
-156.206022
23.882188
-49.149292
93.141904
122.686879
-79.920000
294.541068
-171.854189
-233.989125
-89.492728
45.492901
-71.905215
-134.402172
-85.691738
-202.781817
-93.745456
-294.260749
29.283692
21.630797
-72.568129
-72.524829
-61.082305
-69.975907
-69.377960
-327.735564
76.233455
67.111769
-109.870408
-106.624855
30.675680
-30.675680
174.000000
-80.858096
99.645588
-99.645588
22.980000
21.980000
59.675560
16.250667
-75.926227
-35.769422
79.637742
-45.110151
-70.297012
34.212601
-77.726651
249.000000
-205.485950
-214.787399
249.000000
-199.309137
-118.916993
-181.753904
-52.974406
122.292073
-170.015422
-155.119188
-44.929967
-40.427551
-53.817551
-152.253693
-63.681354
-215.935047
-684.992358
92.919311
48.064195
-25.812948
15.898264
21.970141
3.562434
-116.840639
-9.013868
-136.414896
-136.414896
0.000000
-103.497231
-55.941906
-39.870000
-0.270908
57.686570
-66.351382
-29.172588
-80.518022
132.439966
125.650611
10.246653
-101.525640
-34.371624
-130.026720
-104.213772
-170.015422
-0.736372
-148.609945
-80.400672
111.150269
-88.906640
-98.177664
-100.359068
-26.557441
-96.241892
-82.648232
-111.854050
1.737219
27.107019
-91.100944
109.647993
-76.752219
20.092558
175.366250
-126.682237
-41.196713
18.717384
-59.914097
-8.473379
-31.954172
-65.099442
64.309064
-95.571351
-58.181198
-101.699216
-34.809059
-119.169861
-86.459068
-61.580899
9.176471
-78.910000
159.800284
-83.566829
66.054828
112.307441
19.113391
-35.193179
-42.863516
149.091152
269.191385
11.975060
28.935515
-166.229966
362.430000
339.850000
80.475405
-116.315569
-100.574731
-5.172267
-195.264687
-191.202704
-35.691546
-70.212375
66.569274
-70.977859
-65.803791
-162.109250
-91.896875
42.677952
146.527702
-189.205654
219.608682
-176.930730
224.205810
-91.648508
-132.557302
0.000000
164.969017
-58.713847
-106.255171
44.421864
85.945651
-59.791545
-70.575970
0.000000
67.887063
-21.797209
-46.089855
71.263059
-89.985543
-215.164500
-9.904945
-29.742925
26.162918
-84.761848
-58.509240
9.718768
192.481076
-188.832695
-16.060094
-35.067293
-400.000000
-17.269906
-158.793522
-105.496478
-158.793522
22.999270
-96.936347
-119.935617
-242.481527
-35.644566
-88.293157
-103.887284
-476.640759
-79.537214
-226.446289
-104.622012
-33.526014
-81.525085
-225.654860
-103.888690
-23.140767
71.216418
154.848497
152.741503
0.000000
-15.040068
-81.205119
-92.587508
0.000000
-237.491213
-227.892463
-244.167390
-178.677014
-228.717444
-173.597953
16.900346
111.908846
47.816876
-76.013435
-83.712288
-61.663915
-12.090000
10.055501
-22.011933
-100.716673
-41.051482
-134.251634
0.000000
-136.781589
103.873060
-200.147642
-89.120225
-24.845453
-100.716673
-106.717479
91.097520
-88.268731
-76.883154
0.000000
-124.837526
-70.072334
-94.430742
75.144260
-75.144260
-104.177019
-104.177019
58.676554
-164.173031
162.853572
-98.073021
-62.703896
-197.126528
-161.757403
-135.865848
-197.765834
-159.973007
-11.623177
-58.645992
-47.022815
3.868373
-7.754804
-44.311873
-172.029447
42.709288
-85.008286
-40.637500
-84.949373
-171.242396
44.000767
-88.887529
-88.959686
-135.865848
-135.865848
47.145507
-28.624455
-75.769962
-75.842228
28.358695
-71.067983
-73.515090
-45.156395
-137.008686
-63.084303
-63.493596
2.234166
-121.157363
-121.096703
77.823638
-30.006762
-30.221754
23.107435
-15.987435
-29.251890
36.881890
9.770000
0.000000
29.551415
-23.431415
20.170000
-14.050000
3.965289
-39.675236
-19.570053
-9.160000
-19.245289
-15.937688
-46.469300
22.731752
-26.090324
34.230324
6.020000
-6.920000
3.669223
7.850777
40.590000
-39.160000
-43.946784
-42.866784
-6.686060
-12.296060
-3.359947
-44.807383
31.970000
20.870000
0.000000
8.080000
3.743017
7.456983
27.490000
5.111389
-12.431389
4.973766
14.333766
3.102151
12.077849
-23.636530
0.866717
26.546047
-4.150751
14.330751
-10.336717
-15.147041
28.153004
8.604520
-20.233765
-13.715385
30.646784
-4.911399
-11.797926
18.717926
43.662271
-34.812271
-4.080000
-6.020000
61.888110
-49.668110
1.649300
-47.061890
-39.228881
-14.750000
18.830000
-17.864112
24.394112
-52.333082
70.983082
23.603017
-33.618881
-16.318881
-7.259300
-31.699300
40.980000
-29.580000
-6.220000
17.220000
-7.120000
-7.940000
-7.940000
-21.796530
59.730000
-26.270000
-21.380000
55.140000
21.716983
-22.736983
39.399261
-25.449261
-35.610386
-25.630386
11.920053
38.468110
3.338110
-5.100000
0.008421
10.188421
-21.525332
22.745332
-14.406073
14.406073
-78.361170
79.381170
2.143522
-51.208255
26.771613
-41.451666
-23.956229
-3.670000
-18.962074
-18.750000
-13.609187
-18.120000
-12.877688
-0.362312
8.797688
-21.380000
-49.090000
-21.380000
17.013522
-31.348255
51.408569
-28.932509
-40.859300
-22.844520
-15.724520
-0.643380
4.723380
-0.510000
25.729564
36.419564
-1.616730
-6.323270
-17.664112
21.663925
-16.363925
11.189261
-1.469261
25.836620
-14.260000
42.882691
-34.542691
-4.001700
-14.381700
-14.870000
39.953576
-30.673576
-3.670000
-10.876730
1.132074
19.230053
6.439947
-4.001700
-19.218300
-14.260000
-17.320000
-41.946718
41.406718
-7.491700
-27.558300
-13.332074
-43.338334
-15.197036
-6.560813
18.004996
24.851624
-14.470053
-17.950324
4.354089
16.153765
-12.211579
19.579947
-20.868334
39.768334
36.400527
-19.080527
1.612964
-34.516718
70.370014
-20.327175
-6.120000
35.470739
-8.070739
-16.886718
-35.129402
-43.679402
-28.109402
51.228299
-35.669268
5.820970
8.815385
-2.495385
12.783498
-17.793609
8.389360
6.973927
15.071870
3.268130
-69.460000
90.681170
-24.540844
-114.109402
-0.610000
-110.739754
-7.103082
39.503082
-31.643925
7.120000
55.173004
-48.943004
-10.796530
-1.326530
21.400000
-5.200000
42.553970
49.673970
-18.331579
-22.190000
-33.739300
-4.791638
-21.380000
79.421579
31.736510
-76.253124
15.280000
-21.709223
-49.826983
18.437735
-34.300130
37.680000
16.526030
5.100871
-10.325332
9.787440
3.862560
1.508611
1.830000
1.830000
4.360000
5.360000
29.643766
17.732509
-13.652509
32.328042
4.967041
8.508870
-28.798255
-14.770000
-65.099704
-21.139590
-15.228724
-14.127041
64.465233
-57.867131
-65.553004
-43.539360
30.513498
-39.276047
37.674996
-50.466718
-13.932964
-18.361563
-4.280000
39.788870
-36.828870
-36.399360
38.439360
-6.920000
-5.692560
-36.167440
-50.389261
61.834498
0.000000
28.964520
4.058611
-20.738362
-38.535332
-20.412741
-48.997735
28.987595
3.791563
-79.869704
-1.728585
-45.790000
26.597440
41.639261
-43.063766
-61.776784
33.458870
-7.017905
21.567905
0.140000
-14.400000
38.626983
-34.073004
-64.360000
-82.190000
7.520000
-18.180000
-17.088255
-14.896229
4.180000
9.160000
9.260000
9.160000
8.881890
-4.080000
-24.060000
-18.650000
23.440000
43.550000
51.732691
9.258255
-2.138255
2.452095
12.465030
-2.352565
-7.626391
20.095030
60.111717
-19.246687
0.131638
54.382691
13.750000
-91.809402
14.260000
53.162709
-40.532709
-11.444112
17.450386
-21.094668
5.983609
36.160000
57.758299
6.708611
3.277926
23.520000
0.000000
0.000000
-7.630000
-63.569626
22.517735
-15.391914
11.651784
-9.803923
61.743923
-24.440000
22.991170
5.528830
-7.003609
-34.848130
56.228130
54.791870
34.493124
-6.993124
6.128086
78.211870
11.993970
0.000000
-15.280000
39.661170
-7.510000
-65.524636
-98.900000
-7.913970
-10.180000
-36.350000
5.972459
-27.527167
-16.400000
-53.060000
-6.152741
78.576510
-67.161170
75.513377
25.463133
13.636949
50.296949
-12.220000
-80.613377
-52.963133
-11.200000
-58.933124
21.420000
-12.574636
28.528421
-19.999360
-0.042825
16.710000
-2.505018
44.100000
-6.074668
58.567996
-9.455484
-6.880373
-17.354516
-24.877624
-13.020053
-7.496978
21.188404
-40.062376
11.970661
-3.300000
-14.995933
26.633114
-0.247182
-2.482605
5.348394
15.024211
5.530053
-31.462168
-19.627467
27.619975
-7.858765
4.504238
0.975648
-18.008248
-3.320586
-15.613220
31.349699
-11.906880
0.247182
14.341745
-6.651745
-9.900000
38.170103
-12.880103
-5.500000
-2.930410
-0.546269
22.822498
-10.548358
6.989268
-2.673066
2.790683
5.683115
22.979268
-58.321551
62.121551
21.334565
-25.134565
-1.434516
-7.642673
32.257189
-5.632393
42.623572
-20.001179
0.367607
8.507395
13.690000
13.690000
19.329903
-7.139903
-16.255279
-42.505009
0.052556
13.530415
27.056565
4.099888
-44.686868
15.240097
-2.550097
-0.161276
5.661276
-52.823902
9.706880
2.787403
-22.687375
2.883376
-10.711179
18.901179
-16.052709
28.342709
-34.099430
51.741175
2.200000
13.294238
-8.894821
-8.894821
3.149895
2.850105
50.867595
3.667607
-7.390000
-0.966973
15.606868
7.748737
2.718870
5.826316
9.563684
-4.075938
4.914062
-18.465938
28.996868
-20.606868
-19.627467
3.250930
6.666004
7.868984
2.021016
21.648184
-7.058184
-18.307521
-5.017521
19.277477
-23.077477
-5.587477
-25.309430
6.650930
-24.107521
-4.500000
-11.755279
3.600000
-6.052556
17.042556
29.500970
-21.810970
-11.327966
-16.827966
-16.052034
53.322034
-19.432639
-10.642639
8.721761
-9.621761
9.126316
2.200000
-19.761613
-24.961613
-7.017274
15.007274
23.762832
-18.262832
-8.677978
-65.057595
-34.983902
31.517361
31.517361
-2.496391
-28.822498
38.774919
31.584919
57.254919
47.564919
-3.931235
11.849590
-4.759590
12.949590
32.034847
-13.454847
-54.113572
-64.503572
-21.293902
-41.890100
44.142633
10.199172
0.690828
55.280970
42.639699
16.219375
0.670625
-8.722397
12.832024
33.502700
5.894821
-27.207521
33.760666
41.450666
40.592700
-2.919306
7.319306
9.031546
3.960852
-29.699808
-22.999808
28.333754
24.406871
-35.050625
30.133203
-19.143203
-5.265134
-22.217665
-35.516669
-30.458599
-26.311592
6.897375
11.297375
-17.860625
-10.692376
31.372376
10.387624
19.820415
8.771971
-18.387375
9.221762
12.158238
-1.022608
-1.177392
52.467595
12.667625
-0.209897
-12.457728
-6.005003
1.558184
48.549888
-9.408611
37.592220
-3.021179
22.171651
-4.317274
-23.584554
47.660103
9.890000
-1.547327
9.755279
-10.271613
88.051351
-11.978486
4.530856
-25.290518
-40.252832
-12.101514
-16.540105
-37.733584
11.671971
79.920000
-24.126669
0.848358
-0.251642
21.693302
-34.220981
-7.218870
-3.760321
19.693902
-15.093902
-13.344565
-3.147327
9.214062
2.390221
9.190221
18.910100
10.828724
-9.699779
20.680221
-8.180506
35.060506
29.336124
-3.702523
28.970064
-15.270570
-22.861752
24.944297
2.717456
-5.019430
-8.471752
-10.269414
-16.269414
-11.491323
-4.473934
-16.381362
-22.686098
-38.360506
-10.151642
2.996098
15.594821
33.155648
-26.265648
5.218248
7.475648
-7.124604
-22.007456
-47.582700
11.720856
-30.458599
-24.468599
-5.751642
34.567477
-30.384238
19.937782
24.284238
-28.927782
7.448358
5.751642
-15.711016
-13.324721
-36.357189
24.422498
-6.434721
15.480828
-2.600000
21.880828
17.304062
-21.437782
-25.524045
-8.802099
-5.487901
-10.222272
1.832272
0.000000
24.180000
4.600000
0.000000
4.550000
0.000000
3.985924
7.204076
-0.700000
-1.194298
9.884298
15.464239
-9.625761
-35.321198
0.000000
-6.312696
3.496832
-27.338525
-12.890000
0.000000
-10.690000
-5.069976
-13.561222
-6.000000
12.414052
-3.000000
-5.314052
0.000000
-12.414052
0.000000
0.000000
0.000000
0.000000
-0.730138
-6.230138
4.600000
-22.360121
61.230121
-13.390000
0.000000
35.517683
-35.517683
-34.415310
15.225310
20.350885
-0.360885
5.700000
-3.400000
-51.973523
-48.573523
48.877209
-61.967209
-9.073662
-19.756338
-0.838436
12.529242
4.399194
-9.090000
20.378806
29.468806
3.800000
-30.657522
-26.857522
-7.768071
24.411929
-9.279797
-4.600000
-60.583579
-14.020674
12.857823
-0.300000
0.000000
-7.039962
37.296952
-39.236787
-0.300000
3.800000
3.200000
53.473133
57.273133
-14.343133
-11.143133
-57.775407
-56.375407
-5.700000
34.127407
39.827407
-19.685702
8.595702
11.790000
4.000000
2.928321
14.718321
-3.103115
11.876538
-17.638434
-48.845235
-12.019904
-33.558918
51.748918
-35.946190
-19.860822
14.490000
8.530447
16.820447
26.958071
24.390000
-15.600000
-31.165235
-6.775235
-9.590000
-7.090000
-14.190000
-14.690000
-10.990000
0.000000
47.764256
66.554256
6.636240
5.953760
-20.316048
9.157770
43.663818
18.181149
7.191149
-8.090000
0.000000
-24.388627
-16.298627
-24.390000
-24.390000
40.188449
44.588449
18.390000
5.207209
-5.100000
-43.996214
-8.223423
0.000000
-3.089580
-5.300000
38.029954
20.850373
-69.363523
8.701368
12.878632
12.618527
0.571473
0.000000
-24.390000
-12.980195
31.170195
-27.423822
-21.023822
-8.990000
7.790000
21.542292
12.552292
-23.222887
-9.085916
53.198804
6.573027
22.706973
-3.636243
-12.326243
-10.390000
4.067723
14.457723
-8.490000
-48.693810
-57.183810
-37.687209
73.118592
37.274256
-82.502848
4.046798
77.165390
-25.508295
-30.408295
27.575702
7.400000
-20.656190
-13.256190
9.786885
-38.855235
22.342292
12.620674
-1.730674
-0.971516
21.108484
11.864107
0.000000
-35.206523
42.022417
-29.399787
41.263894
89.220924
100.410924
37.562341
-30.932341
14.463027
-1.200000
-20.504765
-19.304765
-3.700000
6.296147
4.993853
19.271473
0.571473
9.590000
-6.248039
3.341961
48.630885
47.670002
2.066577
35.913426
42.309629
15.250373
-24.180000
-36.470000
-15.790000
21.491747
-20.491747
13.929242
-20.839242
88.220620
96.114662
50.930836
-30.647271
-52.996679
-46.833652
-33.059516
67.197851
-23.874384
34.164384
3.397708
0.000000
-4.700000
10.964800
-6.264800
0.000000
-4.100000
10.348039
59.870674
67.070674
-42.673523
-44.817464
33.683422
76.930924
-36.758632
-20.645247
-41.960195
0.669326
46.836933
47.506259
-3.700000
-37.296952
-4.700000
-14.321761
0.000000
-0.838436
-10.350279
21.475924
-22.434355
8.090000
0.000000
49.560000
49.560000
-1.400000
26.622092
25.222092
0.000000
-14.423822
-14.423822
-140.000000
-138.600000
0.000000
0.000000
-21.780000
-25.880000
12.353456
-4.263456
-0.400000
0.000000
-24.908527
17.557823
39.737823
-3.984819
-7.384819
-0.400000
-0.700000
17.890000
30.460760
48.350760
-40.347522
18.890000
0.000000
-9.890000
3.300000
14.000000
0.000000
-1.000000
23.771473
31.609430
-21.519430
-1.051844
12.338156
15.360890
-6.419110
42.240836
14.714121
8.596051
-35.430000
-14.590000
7.797159
30.527407
29.680000
-21.663874
31.685851
26.741671
-8.590000
0.000000
1.900000
-34.415310
33.512092
35.412092
-13.860836
-3.700000
-16.090000
44.617464
17.878984
-14.778984
-5.700000
0.000000
32.727851
6.804884
-29.349483
-27.090452
81.424662
-22.858926
15.276538
6.890000
-15.850321
-8.960321
-4.692841
12.290000
0.000000
-38.981747
-51.271747
37.562341
0.000000
-17.690000
-5.900000
-5.900000
-6.700000
11.876538
29.808484
26.608484
-22.847522
35.794765
17.847242
51.588844
-71.540840
-28.243456
-36.494820
-46.950367
14.942477
-8.803238
14.923351
44.848515
40.417851
-10.991808
-24.481808
-3.400000
-0.700000
-5.600000
-19.943133
3.050024
-4.500000
0.000000
9.290000
13.790000
3.050024
25.380000
8.377304
-20.729390
29.819390
-17.890000
-18.490000
-63.330000
69.478844
78.272477
14.942477
-25.190000
-6.700000
-2.174838
0.000000
0.000000
2.000000
0.000000
3.905600
12.269516
-4.290000
0.000000
-51.907995
56.007995
5.380000
0.310000
5.380000
2.446675
21.633325
2.446675
7.790000
9.990000
6.700000
5.600000
7.790000
11.090000
8.990000
35.665943
-7.185943
35.665943
-1.200000
1.200000
49.056600
47.856600
34.794637
35.994637
-68.361747
70.261747
-3.200000
0.000000
0.000000
33.683422
-34.487209
-38.496952
62.076952
-80.003741
80.003741
-27.524543
-1.438868
6.299124
-27.605714
-55.919954
74.803741
20.793422
-9.288806
-2.788806
-6.990000
-7.961516
6.249937
2.851844
-8.090000
0.000000
-1.800000
-3.400000
-43.738238
-40.338238
-4.517197
1.791149
-5.700000
1.000000
-23.093743
-17.393743
7.987253
8.987253
-21.221294
27.821294
-20.270760
-1.572459
-9.690000
29.864298
20.174298
-13.849937
14.024224
-7.515714
18.135679
13.035679
0.000000
-1.647432
-2.847432
-11.911283
-11.439814
-7.011896
11.751710
4.083105
8.206895
-7.090000
-7.490000
-3.800000
-10.890000
-7.890000
-15.380000
48.060840
55.150840
-10.300420
32.436574
-15.551564
-12.909526
-5.765949
3.664465
8.190000
3.426248
20.223305
5.600000
-15.448525
16.090000
-7.649937
-2.700000
-2.319240
0.380760
26.268632
12.286832
17.930981
31.720981
-14.140822
-28.339394
-8.465459
27.246023
-18.455346
-42.710262
2.300000
9.590000
-6.503238
-61.950840
-2.610420
27.540321
20.978984
3.700000
-28.181366
63.130195
-7.788611
-17.987834
5.700000
-7.790000
-6.200000
20.224224
4.815407
-20.976832
5.480887
-5.480887
-27.992833
28.998449
12.784384
-23.295407
23.295407
5.600000
20.523351
-9.890000
19.150000
-4.000000
84.653893
80.653893
14.546574
25.636574
-1.929195
10.990000
4.100000
-0.941037
-38.481227
-21.994076
-42.865645
-43.798527
-45.010262
54.617823
-58.693627
-47.228963
0.000000
-52.869586
-95.956214
0.950578
0.950578
-3.000000
-40.003174
-68.346600
21.492833
51.826184
-46.926184
15.653456
-23.490452
-6.500452
-23.197209
14.359289
-9.259289
-10.790000
10.283949
11.990000
12.189847
24.179847
0.000000
-51.907995
9.500000
-20.548963
30.338963
0.000000
46.348515
46.348515
0.000000
12.590000
-55.919954
17.797209
3.875948
0.000000
-1.800000
-28.339394
-12.340822
21.890000
2.424541
42.372848
-26.682848
-5.300000
-6.751566
-9.990000
-11.090000
15.864838
-2.474838
0.000000
56.930195
47.622417
47.963894
-16.084819
-52.830504
7.299194
18.638156
-3.166338
-0.625200
7.701872
1.388128
7.490000
-17.690000
47.127823
-78.266214
-11.090000
-6.700000
-43.607683
37.261473
18.880000
54.051149
7.960610
-49.430504
-8.833426
27.423822
4.700000
16.690000
-22.546787
-5.856787
1.474472
-10.967943
-2.695645
22.250890
-57.074637
-10.353202
8.638989
-20.547810
3.397708
14.487708
-57.786214
-21.816523
0.000000
-43.607683
-13.790000
-22.080000
72.746322
-3.700000
17.220138
0.000000
-33.953866
-0.661710
-20.643760
15.132887
53.420000
-78.893572
-29.111762
3.400000
-10.411896
1.500000
11.551132
-6.700000
0.000000
-27.634690
-34.334690
15.225310
15.448963
5.367825
-5.480887
-16.509787
-27.489113
-13.860628
-27.447825
18.116523
6.616134
24.363866
2.700000
-3.003238
-0.303238
-1.101808
7.390000
13.689124
12.335786
12.892747
-10.173186
-5.686257
-14.808944
-2.200000
-3.117197
-2.300000
5.640000
-62.860996
-60.560996
85.000000
-72.964316
24.324224
-29.544465
-11.406338
18.319526
25.045949
0.000000
-38.858130
-38.858130
7.390000
5.200000
-53.493627
-25.663866
24.363866
-7.154690
-20.480000
51.975407
-36.185407
0.000000
-16.783949
-16.783949
-18.350321
55.562848
-4.100000
-3.300000
-3.400000
-58.550840
-17.129537
42.409537
-1.202166
14.787834
25.923426
20.474384
-7.490000
62.718238
27.994084
17.894084
-11.090000
11.654465
-8.471056
-7.670096
-16.997617
-28.156767
-34.138021
-25.148021
-7.790000
35.784084
13.105407
-35.479586
-37.279586
17.090000
0.000000
37.562341
-27.859516
-6.775235
-2.214765
-4.316338
-15.146021
2.900000
3.600000
3.400000
-19.458926
0.000000
-7.390000
-48.693810
43.019208
1.906814
-26.963186
9.790000
-14.190000
-6.080760
3.502166
0.000000
25.921173
-64.955701
-20.915761
46.232440
-10.594355
-0.168085
13.016134
-54.933957
60.033957
-3.000000
30.423822
-28.177253
-36.703810
2.300000
18.550373
3.309113
-14.490000
2.911016
25.591872
-10.144355
-14.344355
0.000000
25.380000
-10.667943
44.478655
22.332341
-8.239537
-36.239118
-1.500000
-34.994820
-5.871222
32.870000
4.454028
23.883853
-17.981322
38.096042
16.790000
4.418778
72.798350
-8.890000
19.751929
19.751929
-0.500000
-39.503174
61.048130
54.748130
0.000000
12.290000
0.000000
11.790000
3.300000
-4.100000
21.947242
-1.204084
14.344355
0.000000
59.870674
6.987901
44.997693
67.387693
67.476952
-70.252794
-5.600000
22.311915
-13.790000
-9.684819
-14.884819
-14.884819
-25.732341
-67.044047
3.351279
4.938721
44.826184
-17.550398
-19.632682
11.390000
10.990000
15.448021
22.378192
1.800000
5.400000
81.803741
-6.500000
3.700000
-33.003174
5.600000
6.700000
0.000000
0.000000
-5.500000
6.300000
-1.245645
18.835645
0.000000
18.915454
-28.959101
3.100000
1.900000
-42.358806
-7.241366
-3.188611
14.458238
-12.755949
28.117707
-8.090000
68.123957
-14.790000
-8.790000
20.157825
-0.779521
-35.949101
37.540504
-1.230000
12.311283
25.413627
-12.223627
-22.089586
-7.690000
24.080000
-8.690000
-11.290000
-0.300000
-6.600000
-6.800000
-56.007995
9.190000
13.121915
41.161149
-22.980000
24.363866
5.581373
-9.990000
-3.300000
6.072640
-8.530138
-5.400000
-9.590000
-42.101624
-47.870471
-18.690000
-59.893380
-68.538165
-5.500000
1.965260
10.535260
55.183589
-46.943589
10.979223
-9.329223
14.432897
33.442534
-35.985431
-9.780000
10.299100
3.330900
30.776024
-23.196024
-4.105033
17.204967
6.710000
2.200000
-9.717694
-20.047694
-18.268198
34.948198
0.000000
-21.685197
3.966999
-0.550000
-30.061484
23.216287
-3.850000
0.000000
10.787707
-6.962293
-0.654695
-21.535305
-2.155556
-28.124063
-23.259140
-6.957570
-12.796380
13.808980
-26.740860
20.310000
-11.520000
-5.940000
-5.540000
13.333818
-1.463818
-18.715218
21.795218
8.840000
0.000000
-125.281269
-125.281269
33.530719
-40.890719
-43.395970
-49.665970
0.000000
-14.160502
23.510502
33.811192
-25.340000
46.918808
-45.500000
13.679146
-3.491028
-34.688118
-56.338165
-60.848165
31.456297
-11.776297
38.466024
4.840000
-1.430000
13.740000
-3.190000
90.000000
-87.470000
29.306782
30.406782
62.664108
-62.224108
0.000000
-28.809573
-18.757302
-11.050000
0.000000
-16.570000
-16.710000
-93.583063
-31.033669
-12.645211
-47.103711
-84.459373
-19.545759
-33.347205
68.885174
7.266999
6.070676
1.619324
34.339133
-13.129133
26.924753
-23.624753
-63.513193
22.689012
-12.899012
-18.959426
-5.329426
111.101269
12.169485
-59.896883
43.263870
-14.095218
21.200000
-13.410000
17.449324
-11.069324
-15.835247
2.189223
12.880676
0.000000
-35.067293
-41.766024
-12.346748
19.266748
16.412577
-11.220000
-5.500000
0.000000
-24.812897
0.957650
-4.400000
15.390000
0.000000
-17.186247
-24.889670
-44.385305
-64.269133
3.150988
-7.179012
23.919788
-20.619788
3.520000
10.000000
25.060000
-12.350000
-64.501513
-6.162440
-11.087891
-5.610000
-15.043327
-6.752109
-14.215033
5.043915
-48.578285
-66.564691
81.514691
-52.924691
-40.653703
9.640000
-25.930000
-42.027694
2.225218
-23.179069
-19.890000
-28.276748
-19.226883
37.476883
-12.640000
0.000000
-20.880000
-12.640000
-8.190719
23.580719
0.000000
18.784063
-11.094063
-16.380000
-18.410000
20.650000
-17.781715
39.431715
-1.414753
7.684753
53.363445
-49.953445
-29.634377
-27.104377
-31.260000
-29.230000
39.560000
-24.920999
42.290999
-16.050000
-5.940000
0.000000
-18.872925
29.742925
0.000000
5.720000
-44.343237
-47.863237
-10.411414
19.201414
-5.500000
8.570000
-13.417348
-16.802652
25.884569
-9.334569
-27.517694
3.850000
-2.090000
17.819573
-7.929573
-39.604695
59.064695
-9.890000
33.859216
-4.276172
-11.773044
45.949216
-4.080000
10.050000
-35.071624
0.944156
16.235844
0.000000
45.948165
-31.328165
6.667302
-4.400000
-2.554872
6.020000
10.211835
-6.600000
7.086348
3.672238
0.000000
-10.990000
-9.699498
18.529498
42.012863
34.476963
-61.979826
4.337167
18.335970
10.095970
-5.390000
0.885901
-16.388972
6.885863
-7.790000
-21.980000
-7.450709
-14.530487
-12.660704
-19.610000
-12.310000
-12.420000
-89.623063
19.553380
-6.380000
-24.010000
3.303828
34.950000
16.297650
-35.493380
17.897082
10.400471
-40.801835
-66.873589
34.781232
-63.649216
54.274963
-56.526219
-6.600000
-8.473044
-22.710000
-19.560000
-13.410000
-8.350000
-28.893380
-33.900000
0.000000
30.061484
6.175298
81.383063
-68.193063
59.330000
0.000000
-61.855174
68.885174
89.623063
-32.863818
-22.973818
8.790000
-3.410000
4.620000
-56.119471
61.619471
-56.119471
-5.390000
26.440000
12.753828
-16.414695
-54.959568
-0.375740
-5.500000
6.960000
-5.500000
-7.714765
5.610000
-17.055298
33.805298
59.583589
0.000000
33.400502
-0.440000
0.220000
0.220000
-25.830000
-36.800000
-13.012238
3.750999
-5.280000
-7.690000
-17.407205
-28.067205
-2.347205
5.500000
-30.616226
-4.400000
-36.979281
-25.673774
-22.975758
-31.819375
-22.699375
-48.809216
5.855218
-18.636226
-9.365298
7.379573
37.439788
-33.039788
-27.485623
34.845623
2.037891
-19.226883
5.240931
0.259069
17.949069
-5.759069
63.742570
-33.646999
20.647430
7.140000
-2.860000
68.589568
12.650000
-4.022306
-39.283329
-29.700676
-11.707044
36.791414
-6.857694
-7.470000
15.503117
-7.593117
7.910000
5.449375
-1.049375
-10.379670
-54.309216
-5.934377
14.604377
-4.180000
-35.375970
6.209281
26.990471
-11.540000
9.610000
-23.915435
26.285435
16.050000
31.980000
-22.310000
-25.445364
35.335364
59.667246
-11.210000
-46.325364
-22.038118
-54.901216
77.041216
-29.621216
-63.225852
-11.630000
-9.116956
-73.548808
-42.874789
-25.861764
-78.479568
-23.199735
-27.026769
-39.519146
-3.300000
-74.129544
-71.930110
-86.464691
-15.493812
-17.706535
-6.840487
-12.640000
10.552795
0.000000
-2.260000
-27.731835
-0.550000
4.793620
-14.945901
17.915901
-9.555901
-35.485305
15.312703
0.327297
0.000000
-21.217707
0.000000
1.251020
23.855991
-0.523288
5.890330
32.369426
-19.584009
-24.060000
-28.400000
57.656511
13.630000
-14.556348
-47.514256
25.560867
-3.080000
-2.860000
-14.463774
-44.638598
47.938598
5.288285
-46.706883
-13.520000
-17.880931
-16.113325
17.156999
-42.250000
46.539373
-48.301344
28.103870
-13.526673
4.657044
-21.535305
-54.255260
20.107297
-11.270867
69.949373
-11.855759
-33.605260
15.832795
-7.690000
-6.600000
-5.500000
-16.920000
-21.241835
-19.226883
30.780000
12.645211
15.110000
-18.674753
-26.099281
18.079281
-6.259735
10.549735
0.000000
-16.490000
-4.400000
-10.430000
-0.225758
20.995758
-23.009296
-1.629296
24.187348
-16.694242
-21.534242
41.539826
-21.009826
-70.980000
0.000000
-0.824377
6.794241
-37.095364
-10.990000
0.000000
0.000000
38.215844
0.000000
1.251020
25.542652
4.953117
12.416883
-19.839146
33.593870
-32.308598
-29.190471
7.690000
8.790000
1.650000
-19.780000
54.950000
0.000000
9.340000
-32.640000
0.000000
-14.400000
-22.495863
-15.728236
19.336769
-40.603531
15.110000
-86.464691
24.060000
11.131764
0.018236
18.610000
10.880000
-9.039291
-6.310574
-14.730000
-30.440000
-13.390999
-19.680000
-17.470000
14.510000
-22.352293
22.973818
58.959373
0.000000
-9.670000
-7.050000
19.304765
-7.714765
-42.142293
-5.453774
-0.716226
0.000000
28.751324
15.161324
-9.439037
-20.929037
-1.142010
-18.847990
-55.392010
-1.887468
11.990000
-11.257729
-11.257729
-2.000000
-24.342082
-34.832082
-22.180000
-36.189192
-17.742141
-13.422949
13.190000
-47.102010
-14.246589
-7.331091
-5.379118
-38.726103
-48.516103
-31.153730
-8.173730
9.111903
16.901903
-5.500000
-23.236589
-5.000000
-23.122010
-45.143730
43.990000
-43.990000
-5.806270
-6.500000
2.224937
-12.765063
-37.304342
-42.604342
-14.672337
-16.990000
-18.307663
9.852430
9.781388
-84.860214
-49.579171
-44.124012
-25.666442
-15.080000
-4.145000
-4.145000
-23.527423
-48.507423
-25.162337
-26.129128
-10.939128
8.490000
-14.990000
-2.000000
-3.472139
-19.962139
-4.500000
3.500000
37.418452
32.418452
-0.124937
-1.124937
-30.691903
-22.701903
-0.700000
-17.589796
16.689796
-25.740459
-30.840459
-22.879547
-11.289547
-66.739682
-44.235943
-30.317859
-30.550490
-15.773501
-37.710369
-19.314342
6.111903
-29.383113
2.216499
-5.403113
-18.393113
-14.990000
0.000000
-43.942139
30.927651
-4.059080
-45.118165
12.534603
-31.660216
-47.604342
-5.000000
-34.422522
1.080526
1.569080
73.569878
12.990000
11.437651
43.492254
11.490000
-10.698856
-11.390000
-49.411835
-3.216918
-12.916410
22.512254
-4.880216
-8.870122
-19.670216
40.541856
-12.132786
-11.044012
28.963082
27.371144
8.957214
-37.748956
-31.248956
-15.490000
-30.880000
-9.990000
-2.551370
6.238630
-9.752141
-3.652141
10.281144
4.157214
0.000000
-2.000000
-3.500000
8.659080
12.559080
0.000000
5.010900
-32.926589
-26.153685
-63.294506
-47.931729
-33.887033
-35.610606
-44.386780
-7.090000
-15.280000
-3.221044
-8.358909
-40.661729
6.101776
11.547637
31.537637
-4.603850
-38.608266
-12.730872
-10.464542
-25.542337
-16.877468
-1.000000
-69.050110
-66.630110
-7.066729
1.066729
-28.079796
1.500000
-4.400000
-31.921835
-8.990000
3.148165
-51.542337
9.773082
-13.890000
-33.134012
-16.144012
-21.527859
-40.852337
-31.045943
-14.555943
-30.618266
-17.460490
0.416535
6.416535
-3.439037
12.573465
2.732082
-6.000000
-6.000000
-25.378224
25.176887
1.468403
-9.158403
-13.388224
16.626433
-40.761729
-34.353589
1.468403
6.768956
12.682349
23.672349
-4.721068
-1.721068
-30.769118
-50.710488
4.995000
4.995000
42.236219
-35.419037
-21.111068
-27.980000
32.815829
11.186887
-13.465063
-25.455063
-0.398224
3.073590
19.206499
14.206499
17.863685
-15.963685
5.986188
-9.990000
-33.196499
-26.000000
-5.252071
-3.500000
-7.990000
-18.005331
-22.005331
35.299878
59.279878
91.398064
3.988001
-14.242071
4.204556
-1.677222
-23.071347
-7.327491
-8.990000
-32.401924
-40.332082
13.498653
-9.481347
-32.662349
-41.352349
20.488653
23.522473
-33.466188
-24.380000
-4.000000
14.206499
6.268932
8.368932
22.309878
0.000000
-5.552577
-6.037423
5.500000
-2.700000
-24.269118
-5.380216
-19.570216
-3.949128
-18.528266
-37.256442
-21.555921
39.680521
-6.890204
-6.200000
-26.980000
-14.390000
-60.760000
26.680453
4.700453
10.926433
-13.390000
1.936433
23.428452
38.670453
-20.305172
-33.601068
18.259397
-2.370122
43.156395
-41.826043
-39.966737
-9.496534
-17.642577
-14.992136
-3.197864
-30.797663
-7.289547
-43.535921
-59.270521
-4.730935
20.419541
26.460000
26.460000
0.630935
-2.960459
-47.197358
-6.500000
-39.970000
36.208432
1.181754
-18.280000
