 No., BrcContingencyIndex, fbusCont, tbusCont, #ofPVtoPQ
 1 1 1 16 41
 2 2 2 17 43
 3 3 3 10 49
 4 4 4 7 49
 5 5 4 11 53
 6 6 4 14 28
 7 7 4 16 43
 8 8 4 22 44
 9 9 5 7 50
 10 10 5 10 45
 11 11 6 8 43
 12 12 6 9 53
 13 13 6 15 49
 14 14 6 31 42
 15 15 7 12 32
 16 16 7 13 47
 17 17 7 19 46
 18 18 7 21 52
 19 19 7 29 46
 20 20 8 18 43
 21 21 10 171 55
 22 22 11 16 45
 23 23 11 17 37
 24 24 11 111 30
 25 25 12 140 58
 26 26 13 29 45
 27 27 14 17 37
 28 28 15 18 44
 29 29 15 165 58
 30 30 16 73 56
 31 31 17 74 54
 32 32 18 20 50
 33 33 18 75 29
 34 34 18 76 31
 35 35 18 101 47
 36 36 19 124 52
 37 37 20 67 46
 38 38 22 112 51
 39 39 23 37 54
 40 40 23 46 48
 41 41 23 53 48
 42 42 24 54 47
 43 43 25 41 43
 44 44 25 53 54
 45 45 25 54 52
 46 46 26 38 52
 47 47 27 28 29
 48 48 27 33 43
 49 49 27 48 29
 50 50 27 74 28
 51 51 28 47 30
 52 52 28 88 25
 53 53 29 30 64
 54 54 29 45 51
 55 55 29 48 36
 56 56 30 46 51
 57 57 30 49 29
 58 58 31 32 48
 59 59 31 39 38
 60 60 32 36 53
 61 61 34 35 48
 62 62 34 51 50
 63 63 34 183 44
 64 64 35 183 42
 65 65 37 38 56
 66 66 38 55 49
 67 67 39 40 32
 68 68 40 44 50
 69 69 41 42 52
 70 70 41 80 50
 71 71 42 47 45
 72 72 42 54 45
 73 73 43 44 49
 74 74 43 99 47
 75 75 44 50 48
 76 76 45 46 52
 77 77 45 49 30
 78 78 48 49 50
 79 79 50 51 51
 80 80 50 98 45
 81 81 50 100 40
 82 82 52 53 48
 83 84 56 74 47
 84 87 59 63 59
 85 88 59 82 33
 86 89 60 85 43
 87 90 60 104 47
 88 91 61 62 58
 89 92 61 64 52
 90 94 61 184 43
 91 95 62 82 54
 92 97 63 71 43
 93 98 63 91 49
 94 99 63 94 51
 95 100 63 96 49
 96 101 64 69 46
 97 102 64 79 44
 98 103 64 93 45
 99 104 64 95 49
 100 105 65 90 44
 101 106 65 91 46
 102 107 66 68 50
 103 108 66 152 36
 104 109 67 138 40
 105 110 68 78 45
 106 111 69 83 43
 107 112 70 73 55
 108 113 70 107 57
 109 115 71 86 46
 110 116 73 87 41
 111 117 74 108 51
 112 118 75 76 35
 113 119 76 105 44
 114 120 77 84 47
 115 121 77 85 53
 116 122 78 103 35
 117 123 79 88 30
 118 124 80 81 52
 119 125 80 96 52
 120 126 81 93 50
 121 127 83 84 45
 122 128 83 103 35
 123 129 84 184 53
 124 130 85 86 50
 125 131 86 108 52
 126 132 87 88 48
 127 133 87 94 43
 128 134 89 94 56
 129 135 89 102 52
 130 136 90 104 36
 131 137 92 100 53
 132 138 92 106 45
 133 139 93 94 50
 134 140 95 96 42
 135 141 95 102 41
 136 142 98 99 47
 137 143 99 101 42
 138 144 100 101 52
 139 145 103 104 44
 140 146 105 106 50
 141 149 107 108 41
 142 150 111 112 52
 143 151 111 123 33
 144 152 111 124 40
 145 153 113 114 56
 146 154 113 151 44
 147 155 114 131 52
 148 156 115 116 42
 149 157 115 133 49
 150 158 116 138 38
 151 159 117 140 39
 152 160 117 143 45
 153 162 118 126 49
 154 163 118 142 40
 155 164 120 125 46
 156 165 120 130 31
 157 167 121 151 56
 158 168 123 124 35
 159 169 123 140 33
 160 170 123 144 42
 161 171 124 139 35
 162 172 125 126 46
 163 173 125 135 40
 164 174 125 186 34
 165 175 126 186 35
 166 176 127 128 50
 167 177 127 157 36
 168 178 128 145 50
 169 179 129 143 47
 170 180 129 148 45
 171 181 130 132 52
 172 182 130 154 46
 173 183 131 132 51
 174 184 131 147 47
 175 185 131 151 51
 176 186 132 148 46
 177 187 132 150 51
 178 188 133 134 45
 179 189 133 182 38
 180 190 134 182 35
 181 192 135 142 35
 182 194 139 140 47
 183 195 139 166 46
 184 196 139 174 46
 185 197 140 167 44
 186 198 141 144 42
 187 199 141 178 52
 188 200 143 144 43
 189 201 143 149 55
 190 202 144 147 37
 191 204 147 148 53
 192 205 147 154 51
 193 206 150 151 46
 194 207 150 152 32
 195 209 155 166 65
 196 210 156 179 49
 197 211 157 158 44
 198 212 158 176 46
 199 213 159 160 46
 200 214 159 165 55
 201 215 159 176 48
 202 216 160 168 52
 203 217 160 177 48
 204 218 161 162 53
 205 219 161 166 46
 206 220 162 179 54
 207 221 163 164 47
 208 222 163 172 61
 209 223 164 167 48
 210 224 166 167 49
 211 225 168 169 51
 212 226 170 171 57
 213 227 170 174 50
 214 228 172 173 55
 215 229 173 175 49
 216 230 174 175 48
 217 231 176 177 41
 218 232 178 179 52
 219 233 187 202 56
 220 234 187 423 52
 221 235 188 434 37
 222 236 188 437 31
 223 239 190 355 52
 224 240 190 376 52
 225 243 192 193 50
 226 244 192 194 52
 227 245 192 308 44
 228 247 193 332 53
 229 248 194 248 53
 230 249 194 256 53
 231 250 194 332 55
 232 251 195 285 62
 233 252 195 514 59
 234 255 198 351 49
 235 256 198 425 61
 236 259 200 428 58
 237 260 200 533 56
 238 261 201 219 47
 239 262 201 255 41
 240 263 202 239 37
 241 264 202 332 51
 242 269 206 224 60
 243 270 206 384 56
 244 272 208 326 33
 245 273 208 342 48
 246 274 209 211 58
 247 275 209 334 61
 248 276 210 282 40
 249 277 210 353 54
 250 278 211 233 52
 251 279 211 333 55
 252 280 211 386 52
 253 281 212 305 55
 254 282 212 511 56
 255 283 213 333 59
 256 284 213 343 33
 257 285 213 415 35
 258 286 213 458 46
 259 287 213 473 32
 260 288 214 442 59
 261 289 214 533 55
 262 290 214 2249 46
 263 291 215 273 57
 264 292 215 279 58
 265 293 216 447 50
 266 294 216 1120 49
 267 297 218 219 46
 268 298 218 340 50
 269 299 219 227 39
 270 300 220 437 32
 271 301 220 510 52
 272 304 222 262 52
 273 305 222 361 51
 274 306 223 372 34
 275 307 223 613 42
 276 308 224 425 60
 277 309 225 510 53
 278 310 225 2218 46
 279 311 226 227 36
 280 312 226 348 51
 281 320 233 341 48
 282 325 236 384 45
 283 326 236 385 46
 284 327 237 373 61
 285 328 237 516 64
 286 329 238 361 50
 287 330 238 492 50
 288 331 239 284 49
 289 332 240 340 41
 290 333 240 401 34
 291 335 241 287 43
 292 336 241 503 45
 293 337 242 324 53
 294 338 242 440 54
 295 339 243 306 48
 296 340 243 309 53
 297 341 244 486 56
 298 342 244 520 56
 299 343 245 253 37
 300 344 245 254 56
 301 345 245 281 55
 302 346 245 299 49
 303 347 245 396 31
 304 349 246 304 55
 305 351 246 471 51
 306 353 248 474 53
 307 354 249 294 58
 308 355 249 474 56
 309 359 253 352 31
 310 360 254 338 56
 311 361 255 336 50
 312 362 255 369 55
 313 363 256 320 51
 314 364 257 363 46
 315 365 257 458 50
 316 366 258 265 60
 317 367 258 1753 62
 318 369 260 365 50
 319 370 260 493 51
 320 371 261 272 35
 321 372 261 353 34
 322 373 262 438 52
 323 374 263 323 52
 324 375 263 411 56
 325 376 264 516 48
 326 377 264 537 51
 327 378 265 283 50
 328 380 266 408 53
 329 381 266 525 60
 330 382 267 280 35
 331 383 267 519 36
 332 385 269 332 57
 333 386 269 511 54
 334 388 272 353 34
 335 389 273 304 58
 336 390 274 281 54
 337 391 274 288 49
 338 392 275 280 35
 339 393 275 534 59
 340 396 277 293 32
 341 397 277 406 56
 342 398 278 526 54
 343 399 278 534 57
 344 400 279 441 38
 345 401 281 472 51
 346 402 282 291 48
 347 403 282 471 52
 348 404 283 350 54
 349 405 283 1787 57
 350 406 284 308 47
 351 407 285 286 63
 352 408 286 337 48
 353 409 286 473 32
 354 410 287 318 56
 355 411 288 352 42
 356 412 289 299 49
 357 413 289 472 51
 358 414 290 294 43
 359 415 290 336 54
 360 416 291 429 54
 361 417 293 296 32
 362 418 294 346 50
 363 419 294 524 49
 364 421 295 425 52
 365 422 295 537 50
 366 423 296 519 59
 367 424 297 298 56
 368 425 297 353 59
 369 426 298 525 56
 370 427 300 430 53
 371 428 300 658 52
 372 429 300 708 53
 373 430 303 442 55
 374 431 303 2124 55
 375 432 305 345 47
 376 433 305 460 62
 377 434 305 512 54
 378 435 306 493 52
 379 436 307 462 59
 380 437 307 508 47
 381 439 309 520 60
 382 440 310 312 57
 383 441 310 420 55
 384 443 310 477 53
 385 444 311 312 60
 386 445 311 372 39
 387 446 312 323 55
 388 448 314 381 45
 389 449 314 387 43
 390 450 315 341 42
 391 451 315 2249 53
 392 454 317 468 50
 393 455 317 514 50
 394 456 318 467 55
 395 458 320 348 51
 396 459 321 451 58
 397 461 321 467 70
 398 462 321 485 45
 399 463 321 506 55
 400 465 322 351 35
 401 466 322 389 48
 402 467 322 452 49
 403 468 322 455 63
 404 470 322 478 52
 405 471 322 490 47
 406 472 324 538 56
 407 473 325 371 35
 408 474 325 375 36
 409 475 326 364 27
 410 480 334 395 60
 411 481 335 369 40
 412 482 335 2331 45
 413 483 336 347 53
 414 484 337 377 33
 415 485 337 379 57
 416 486 338 394 52
 417 488 342 445 46
 418 489 342 624 32
 419 490 342 710 33
 420 491 343 377 33
 421 492 344 346 45
 422 493 344 381 43
 423 494 344 523 55
 424 495 345 347 55
 425 496 347 386 45
 426 497 350 526 50
 427 498 352 406 55
 428 499 353 429 52
 429 500 354 370 51
 430 502 356 360 56
 431 503 356 432 54
 432 504 357 509 48
 433 505 357 523 49
 434 507 359 375 35
 435 508 359 378 57
 436 509 359 393 60
 437 510 361 374 53
 438 512 363 477 45
 439 513 364 439 33
 440 514 365 416 51
 441 515 365 440 61
 442 516 366 484 55
 443 517 366 504 34
 444 518 366 578 45
 445 519 367 370 57
 446 520 367 445 41
 447 521 368 376 61
 448 523 371 378 56
 449 524 373 393 60
 450 525 374 395 56
 451 526 374 428 57
 452 527 379 432 57
 453 528 380 410 54
 454 529 380 1602 55
 455 532 385 389 44
 456 533 387 415 39
 457 538 394 532 57
 458 539 396 526 50
 459 544 401 434 36
 460 550 408 417 49
 461 551 409 532 32
 462 552 409 660 43
 463 553 410 525 53
 464 554 411 412 48
 465 555 411 423 53
 466 556 411 426 45
 467 557 412 413 50
 468 558 413 612 48
 469 559 413 643 52
 470 560 416 451 50
 471 561 417 447 48
 472 563 420 477 52
 473 565 424 612 41
 474 566 424 722 50
 475 567 425 438 50
 476 568 425 492 50
 477 569 425 536 63
 478 570 426 535 56
 479 572 430 613 58
 480 573 439 676 48
 481 574 441 527 54
 482 579 448 482 39
 483 580 452 504 52
 484 581 455 464 55
 485 582 455 502 58
 486 583 456 490 48
 487 584 456 494 49
 488 586 457 476 54
 489 587 457 514 37
 490 588 460 535 57
 491 589 461 508 39
 492 590 461 515 46
 493 591 462 465 55
 494 592 463 497 63
 495 593 463 514 53
 496 594 464 515 53
 497 595 465 494 58
 498 596 468 531 52
 499 599 476 507 55
 500 601 477 501 52
 501 603 478 531 53
 502 606 482 1078 32
 503 607 482 2043 48
 504 610 484 494 50
 505 611 485 489 47
 506 612 486 507 57
 507 613 489 500 46
 508 614 489 505 55
 509 615 490 491 46
 510 616 491 494 51
 511 618 493 500 45
 512 619 493 505 48
 513 621 497 506 57
 514 623 501 515 50
 515 624 503 515 45
 516 625 509 512 53
 517 626 511 524 50
 518 628 519 526 58
 519 630 536 538 60
 520 631 539 540 56
 521 632 539 559 51
 522 633 539 633 35
 523 634 539 737 50
 524 635 539 776 48
 525 636 540 544 44
 526 637 540 634 35
 527 638 540 650 52
 528 639 540 652 48
 529 640 540 653 52
 530 642 542 712 54
 531 643 542 737 60
 532 644 542 751 36
 533 645 543 560 43
 534 646 543 617 56
 535 647 543 740 53
 536 648 544 696 46
 537 649 545 546 50
 538 650 545 587 56
 539 651 545 727 46
 540 652 545 756 36
 541 653 546 575 44
 542 654 546 725 52
 543 655 546 730 30
 544 656 546 739 52
 545 657 546 755 51
 546 658 547 631 52
 547 659 547 672 53
 548 660 547 751 36
 549 661 548 573 45
 550 662 548 660 43
 551 664 549 671 57
 552 665 549 760 57
 553 667 551 746 36
 554 668 551 750 29
 555 669 551 757 48
 556 670 551 784 37
 557 671 552 553 34
 558 672 552 588 36
 559 673 552 643 34
 560 674 552 771 52
 561 675 553 658 53
 562 676 554 703 51
 563 677 554 744 56
 564 678 555 693 47
 565 679 555 785 49
 566 680 556 559 48
 567 681 556 674 46
 568 682 556 781 49
 569 683 557 558 50
 570 684 557 690 52
 571 685 557 733 49
 572 686 558 579 50
 573 687 560 617 37
 574 690 563 569 35
 575 691 563 571 35
 576 692 564 598 49
 577 693 564 655 49
 578 694 564 669 46
 579 695 565 654 40
 580 696 565 655 51
 581 697 565 664 47
 582 698 565 762 47
 583 699 566 568 35
 584 700 566 571 36
 585 701 567 700 29
 586 702 567 716 39
 587 703 568 569 54
 588 704 568 672 55
 589 705 568 712 51
 590 706 569 656 44
 591 707 569 712 44
 592 708 570 666 51
 593 709 570 733 49
 594 710 572 694 50
 595 711 572 722 50
 596 712 573 594 36
 597 713 573 613 35
 598 715 575 741 48
 599 716 576 721 46
 600 717 576 732 52
 601 718 577 581 50
 602 719 577 685 54
 603 720 578 661 46
 604 721 579 582 48
 605 723 581 755 51
 606 724 581 765 48
 607 725 582 688 46
 608 726 582 749 47
 609 727 583 607 57
 610 728 583 619 54
 611 729 584 585 52
 612 730 584 697 60
 613 731 585 778 57
 614 732 586 762 51
 615 733 586 765 47
 616 734 587 628 52
 617 735 588 595 38
 618 736 588 643 37
 619 737 589 717 29
 620 738 589 753 31
 621 739 590 755 54
 622 740 590 780 56
 623 741 591 596 56
 624 742 591 667 49
 625 743 592 593 34
 626 744 592 738 38
 627 745 593 772 51
 628 746 594 713 39
 629 747 595 771 52
 630 748 596 742 56
 631 750 598 675 50
 632 752 600 669 48
 633 753 600 727 49
 634 754 601 630 48
 635 755 601 708 51
 636 756 602 604 35
 637 757 602 615 35
 638 758 603 604 33
 639 759 603 706 40
 640 760 605 615 34
 641 761 605 626 35
 642 762 606 670 50
 643 763 606 926 53
 644 764 607 670 55
 645 766 609 677 37
 646 767 609 680 35
 647 768 610 668 46
 648 769 610 694 44
 649 770 611 683 45
 650 771 611 750 43
 651 772 612 613 49
 652 773 612 769 45
 653 774 613 627 36
 654 775 614 626 30
 655 776 614 707 30
 656 777 615 665 30
 657 778 615 774 47
 658 779 616 618 54
 659 780 616 619 53
 660 781 617 620 61
 661 782 618 620 56
 662 783 619 756 53
 663 784 621 622 32
 664 785 621 746 29
 665 786 622 624 31
 666 787 623 663 52
 667 788 623 712 53
 668 789 625 690 48
 669 790 625 1348 40
 670 791 627 691 40
 671 792 628 699 53
 672 793 628 727 60
 673 794 629 667 53
 674 795 629 763 50
 675 796 630 645 50
 676 797 631 645 57
 677 798 632 634 32
 678 799 632 649 46
 679 800 633 634 38
 680 801 633 645 48
 681 802 635 637 52
 682 803 635 732 50
 683 804 635 742 56
 684 805 636 740 53
 685 806 636 744 53
 686 807 637 743 56
 687 808 638 639 36
 688 809 638 650 53
 689 810 639 650 50
 690 811 639 653 48
 691 812 640 644 50
 692 813 640 653 53
 693 814 641 644 33
 694 815 641 645 40
 695 816 641 647 51
 696 817 642 678 41
 697 818 642 785 44
 698 819 644 645 54
 699 820 644 650 50
 700 821 644 686 53
 701 822 644 734 56
 702 823 645 650 48
 703 824 646 770 43
 704 825 646 773 50
 705 826 647 649 46
 706 827 648 651 48
 707 828 648 652 51
 708 829 651 776 49
 709 830 654 655 49
 710 831 655 701 50
 711 832 656 773 41
 712 833 657 1444 50
 713 834 657 1486 54
 714 835 659 703 33
 715 836 659 703 48
 716 837 661 769 44
 717 838 662 663 58
 718 839 662 760 49
 719 840 662 782 45
 720 841 663 778 53
 721 842 663 780 53
 722 843 664 689 61
 723 844 665 676 32
 724 845 665 706 40
 725 846 666 707 53
 726 847 667 703 52
 727 848 668 696 47
 728 849 670 1469 50
 729 850 671 754 55
 730 852 674 695 47
 731 853 675 758 49
 732 854 677 679 51
 733 855 678 679 45
 734 856 678 684 29
 735 857 678 731 39
 736 858 678 750 46
 737 859 679 683 42
 738 860 679 684 30
 739 861 679 685 53
 740 862 680 688 50
 741 863 680 701 50
 742 865 686 770 53
 743 866 687 745 39
 744 867 687 747 35
 745 868 688 689 57
 746 869 688 1359 45
 747 870 689 749 45
 748 871 689 1402 46
 749 872 691 692 40
 750 873 692 718 42
 751 874 693 694 47
 752 875 695 696 46
 753 876 697 766 56
 754 877 698 702 34
 755 878 698 704 35
 756 879 699 703 53
 757 880 700 710 32
 758 881 702 703 34
 759 882 703 704 33
 760 883 705 709 41
 761 884 705 728 50
 762 885 706 707 33
 763 886 707 772 49
 764 887 709 716 49
 765 888 709 720 45
 766 889 711 714 58
 767 890 711 727 54
 768 891 711 729 51
 769 892 713 720 48
 770 893 714 724 54
 771 894 715 739 54
 772 895 715 1190 55
 773 896 716 717 47
 774 897 716 750 32
 775 898 716 785 31
 776 899 717 719 48
 777 900 717 728 43
 778 901 717 736 41
 779 902 718 719 50
 780 903 721 755 50
 781 904 723 726 48
 782 905 723 748 53
 783 906 724 730 57
 784 907 725 748 52
 785 908 726 727 49
 786 909 726 729 52
 787 910 726 743 52
 788 911 731 754 47
 789 912 734 735 60
 790 913 735 737 59
 791 914 736 777 37
 792 915 738 1430 28
 793 916 740 752 43
 794 917 740 779 35
 795 918 741 752 45
 796 919 744 768 53
 797 920 745 784 38
 798 921 747 777 38
 799 922 750 753 52
 800 923 754 759 47
 801 924 755 781 49
 802 925 757 774 46
 803 926 758 759 35
 804 927 763 764 52
 805 929 764 778 54
 806 930 766 778 58
 807 931 768 779 51
 808 932 770 771 51
 809 933 775 1133 31
 810 934 775 1414 29
 811 935 778 783 36
 812 936 782 783 36
 813 943 792 1240 56
 814 944 792 1525 50
 815 946 794 1334 41
 816 947 794 1385 37
 817 948 795 1108 36
 818 949 795 1520 38
 819 950 796 797 37
 820 952 796 1011 33
 821 953 796 1103 39
 822 954 796 1419 41
 823 958 797 1004 35
 824 959 797 1379 32
 825 961 798 799 48
 826 963 798 1163 33
 827 965 799 996 51
 828 970 802 1087 35
 829 971 802 1586 35
 830 973 804 1345 33
 831 974 804 1426 32
 832 977 807 1328 49
 833 978 807 1479 49
 834 979 808 971 40
 835 980 808 1227 38
 836 981 809 904 34
 837 982 809 1216 35
 838 985 812 860 50
 839 986 812 918 51
 840 987 813 877 49
 841 988 813 1054 47
 842 989 814 1462 34
 843 990 814 1488 34
 844 991 815 928 35
 845 992 815 1156 35
 846 993 815 1315 45
 847 995 817 1079 47
 848 996 817 1477 48
 849 998 819 954 34
 850 999 819 993 35
 851 1000 820 838 55
 852 1001 820 1393 54
 853 1002 821 822 54
 854 1004 821 920 51
 855 1005 821 1076 34
 856 1006 821 1199 46
 857 1009 822 919 33
 858 1010 822 924 52
 859 1011 822 1355 53
 860 1015 825 1232 42
 861 1016 825 1566 55
 862 1017 826 1003 58
 863 1018 826 1566 53
 864 1019 827 911 41
 865 1020 827 1337 43
 866 1022 829 1268 51
 867 1023 829 1489 39
 868 1024 830 883 52
 869 1025 830 1334 33
 870 1028 833 1230 56
 871 1029 833 1553 52
 872 1030 834 886 32
 873 1031 834 991 49
 874 1032 834 1175 52
 875 1033 834 1178 52
 876 1034 834 1467 36
 877 1035 835 1020 40
 878 1036 835 1106 47
 879 1037 836 890 36
 880 1038 836 1105 33
 881 1040 837 1097 36
 882 1041 837 1552 43
 883 1042 838 966 52
 884 1045 840 887 41
 885 1046 840 1562 42
 886 1053 849 1320 31
 887 1054 849 1426 36
 888 1055 850 1087 32
 889 1056 850 1594 35
 890 1057 851 1066 41
 891 1058 851 1328 35
 892 1059 851 1538 52
 893 1060 852 1560 34
 894 1061 852 1589 34
 895 1064 855 997 36
 896 1065 855 1573 40
 897 1068 857 1169 33
 898 1069 857 1293 32
 899 1071 858 1162 49
 900 1073 858 1205 54
 901 1074 858 1372 52
 902 1076 859 1113 49
 903 1078 859 1358 52
 904 1079 859 1362 33
 905 1080 860 1556 52
 906 1081 861 1107 52
 907 1082 861 1585 41
 908 1083 862 947 49
 909 1084 862 1561 45
 910 1087 865 1432 49
 911 1088 865 1575 39
 912 1089 866 1196 48
 913 1090 866 1531 46
 914 1093 869 888 49
 915 1094 869 914 44
 916 1095 870 1214 52
 917 1096 870 1411 41
 918 1097 870 1418 51
 919 1098 871 896 33
 920 1099 871 1418 54
 921 1100 872 1020 39
 922 1101 872 1384 47
 923 1103 874 1098 35
 924 1104 874 1552 42
 925 1106 876 1323 52
 926 1107 876 1389 56
 927 1108 877 1050 38
 928 1109 878 879 42
 929 1110 878 1320 32
 930 1111 878 1543 47
 931 1112 879 1325 52
 932 1113 879 1426 36
 933 1114 882 1470 59
 934 1115 882 1503 54
 935 1116 883 1490 55
 936 1118 885 890 35
 937 1119 885 1476 41
 938 1120 886 1294 38
 939 1121 887 1178 33
 940 1122 888 996 49
 941 1123 889 1076 34
 942 1124 889 1207 34
 943 1125 891 1057 35
 944 1126 891 1459 33
 945 1127 892 893 41
 946 1129 892 1206 39
 947 1130 892 1448 41
 948 1131 893 1312 33
 949 1132 893 1449 42
 950 1133 894 1077 50
 951 1134 894 1514 51
 952 1135 895 986 40
 953 1136 895 1424 47
 954 1137 896 1083 31
 955 1139 898 1289 46
 956 1140 898 2089 35
 957 1142 900 1230 48
 958 1143 900 1482 52
 959 1144 901 961 37
 960 1145 901 1561 55
 961 1147 903 916 51
 962 1148 903 1184 55
 963 1149 904 1201 36
 964 1150 905 906 51
 965 1151 905 1372 52
 966 1152 905 1569 33
 967 1153 906 1095 52
 968 1154 906 1570 45
 969 1158 909 1058 50
 970 1159 909 1245 54
 971 1160 910 1156 35
 972 1161 910 1251 35
 973 1162 911 979 54
 974 1163 911 1478 52
 975 1164 912 965 50
 976 1165 912 1025 33
 977 1166 912 1293 57
 978 1167 912 1294 53
 979 1168 912 1420 33
 980 1169 912 1572 55
 981 1170 913 1454 34
 982 1171 913 1577 31
 983 1172 914 1279 34
 984 1175 915 1095 49
 985 1176 915 1236 54
 986 1179 916 1095 52
 987 1180 917 1413 29
 988 1181 917 1426 27
 989 1182 918 1503 51
 990 1183 919 974 49
 991 1184 919 1049 53
 992 1185 919 1077 53
 993 1186 920 1102 32
 994 1187 920 1343 43
 995 1188 920 1575 37
 996 1189 921 1207 34
 997 1190 921 1344 48
 998 1191 921 1513 55
 999 1193 924 1071 50
 1000 1195 926 1190 51
 1001 1197 928 1220 35
 1002 1198 929 1139 45
 1003 1199 929 1240 49
 1004 1200 929 1410 48
 1005 1206 936 1235 51
 1006 1207 936 1565 50
 1007 1209 938 1095 33
 1008 1210 938 1531 33
 1009 1211 939 1416 52
 1010 1212 939 1513 55
 1011 1217 943 1274 36
 1012 1218 943 1539 34
 1013 1221 947 1229 50
 1014 1222 948 1199 41
 1015 1223 948 1256 52
 1016 1224 949 1087 51
 1017 1225 949 1422 55
 1018 1229 953 1075 42
 1019 1230 953 1184 41
 1020 1231 954 968 35
 1021 1239 961 1282 34
 1022 1240 962 978 55
 1023 1241 962 1581 45
 1024 1242 963 1331 35
 1025 1243 963 1460 52
 1026 1244 964 1338 49
 1027 1245 964 1345 37
 1028 1246 965 973 32
 1029 1247 966 967 50
 1030 1248 966 1149 34
 1031 1249 966 1215 50
 1032 1251 967 982 53
 1033 1252 967 1268 52
 1034 1254 967 1502 50
 1035 1255 968 979 36
 1036 1256 968 1025 49
 1037 1260 971 1382 41
 1038 1261 972 1235 51
 1039 1262 972 1384 51
 1040 1263 973 979 34
 1041 1266 974 1431 46
 1042 1267 975 1354 38
 1043 1268 975 1366 39
 1044 1271 978 998 32
 1045 1272 978 1024 35
 1046 1273 978 1293 54
 1047 1274 978 1318 39
 1048 1275 978 1478 53
 1049 1276 979 1319 41
 1050 1277 979 1501 57
 1051 1279 981 1292 47
 1052 1280 981 1402 37
 1053 1281 982 1470 55
 1054 1284 985 1058 52
 1055 1285 985 1306 52
 1056 1286 986 1307 40
 1057 1292 991 1501 52
 1058 1293 992 1183 39
 1059 1294 992 1459 39
 1060 1295 993 994 35
 1061 1296 994 1289 35
 1062 1297 994 1407 35
 1063 1298 995 1017 46
 1064 1299 995 1112 51
 1065 1300 995 1145 45
 1066 1301 995 1378 34
 1067 1302 995 1539 49
 1068 1303 996 1401 34
 1069 1304 997 1111 41
 1070 1305 997 1127 37
 1071 1306 997 1222 35
 1072 1307 998 1572 31
 1073 1308 999 1241 51
 1074 1309 999 1311 54
 1075 1313 1003 1491 54
 1076 1314 1004 1008 35
 1077 1319 1008 1552 35
 1078 1321 1011 1552 39
 1079 1322 1012 1193 47
 1080 1323 1012 1553 53
 1081 1327 1017 1191 47
 1082 1328 1018 1192 31
 1083 1329 1018 1401 34
 1084 1332 1020 1522 35
 1085 1337 1024 1025 35
 1086 1338 1024 1308 34
 1087 1341 1026 1153 34
 1088 1342 1026 1583 48
 1089 1346 1030 1031 35
 1090 1347 1030 1524 35
 1091 1348 1031 1216 35
 1092 1356 1039 1040 34
 1093 1357 1039 1216 35
 1094 1358 1040 1524 34
 1095 1361 1043 1142 38
 1096 1362 1043 1217 36
 1097 1363 1044 1217 54
 1098 1364 1044 1523 51
 1099 1365 1045 1306 51
 1100 1366 1045 1536 52
 1101 1370 1049 1450 52
 1102 1371 1050 1147 32
 1103 1372 1051 1071 47
 1104 1373 1051 1440 49
 1105 1374 1052 1436 47
 1106 1375 1052 1439 47
 1107 1376 1053 1083 31
 1108 1377 1053 1223 39
 1109 1378 1053 1243 35
 1110 1379 1053 1266 45
 1111 1380 1054 1161 35
 1112 1381 1054 1436 46
 1113 1382 1054 1450 36
 1114 1383 1055 1079 40
 1115 1384 1055 1489 41
 1116 1386 1057 1083 45
 1117 1387 1059 1237 34
 1118 1388 1059 1331 35
 1119 1393 1065 1284 44
 1120 1394 1065 1549 49
 1121 1395 1066 1425 34
 1122 1396 1066 1589 34
 1123 1399 1069 1390 36
 1124 1400 1069 1546 35
 1125 1401 1070 1326 35
 1126 1402 1070 1356 35
 1127 1403 1074 1133 29
 1128 1404 1074 1552 34
 1129 1405 1075 1335 49
 1130 1406 1078 1120 40
 1131 1408 1081 1184 51
 1132 1409 1081 1385 47
 1133 1410 1082 1099 34
 1134 1411 1082 1119 34
 1135 1412 1082 1266 39
 1136 1413 1084 1138 33
 1137 1414 1084 1343 34
 1138 1416 1086 1244 50
 1139 1417 1086 1328 36
 1140 1418 1087 1557 34
 1141 1419 1088 1182 53
 1142 1420 1088 1219 35
 1143 1421 1088 1593 39
 1144 1422 1089 1431 53
 1145 1423 1089 1574 43
 1146 1430 1094 1491 52
 1147 1431 1094 1545 49
 1148 1432 1095 1511 48
 1149 1433 1095 1532 48
 1150 1434 1096 1220 35
 1151 1435 1096 1403 34
 1152 1436 1096 1492 34
 1153 1437 1096 1495 36
 1154 1439 1097 1098 38
 1155 1440 1097 1120 31
 1156 1442 1098 1419 39
 1157 1444 1099 1237 34
 1158 1446 1101 1232 50
 1159 1447 1101 1374 55
 1160 1448 1102 1585 33
 1161 1449 1103 1571 34
 1162 1450 1104 1190 46
 1163 1451 1104 1359 43
 1164 1452 1105 1167 33
 1165 1453 1106 1166 56
 1166 1454 1106 1170 54
 1167 1455 1107 1108 54
 1168 1456 1107 1343 35
 1169 1457 1108 1451 50
 1170 1460 1111 1535 42
 1171 1461 1112 1275 53
 1172 1462 1113 1511 52
 1173 1463 1114 1267 47
 1174 1464 1114 1354 35
 1175 1466 1114 1483 42
 1176 1467 1115 1181 51
 1177 1468 1115 1484 44
 1178 1469 1115 1500 43
 1179 1473 1119 1271 34
 1180 1474 1120 1301 50
 1181 1475 1120 1571 31
 1182 1476 1121 1231 53
 1183 1477 1121 1553 42
 1184 1478 1122 1143 43
 1185 1479 1122 1169 33
 1186 1480 1122 1283 34
 1187 1481 1123 1342 56
 1188 1482 1123 1528 59
 1189 1484 1127 1452 38
 1190 1488 1131 1232 45
 1191 1489 1131 1383 46
 1192 1490 1132 1195 61
 1193 1491 1132 1532 51
 1194 1492 1133 1430 36
 1195 1495 1138 1368 39
 1196 1496 1138 1435 46
 1197 1497 1138 1525 35
 1198 1498 1138 1600 49
 1199 1499 1139 1229 49
 1200 1500 1139 1451 48
 1201 1501 1140 1188 51
 1202 1502 1140 1257 52
 1203 1503 1140 1357 51
 1204 1505 1140 1598 56
 1205 1506 1141 1189 50
 1206 1507 1141 1191 35
 1207 1508 1141 1191 35
 1208 1510 1141 1397 52
 1209 1511 1142 1426 35
 1210 1512 1143 1745 40
 1211 1513 1144 1212 47
 1212 1514 1144 1595 49
 1213 1515 1145 1274 35
 1214 1516 1146 1318 39
 1215 1517 1146 1581 35
 1216 1518 1147 1485 39
 1217 1519 1148 1382 32
 1218 1520 1148 1576 33
 1219 1522 1149 1313 53
 1220 1524 1151 1216 39
 1221 1525 1151 1417 45
 1222 1527 1153 1490 36
 1223 1529 1155 1228 50
 1224 1530 1155 1357 51
 1225 1532 1158 1222 39
 1226 1533 1158 1453 37
 1227 1536 1161 1358 47
 1228 1537 1162 1485 51
 1229 1538 1163 1536 33
 1230 1541 1166 1452 50
 1231 1542 1167 1453 33
 1232 1544 1170 1389 51
 1233 1545 1171 1269 47
 1234 1546 1171 1556 54
 1235 1548 1175 1580 50
 1236 1551 1179 1384 40
 1237 1552 1179 1522 36
 1238 1554 1181 1190 56
 1239 1555 1182 1448 38
 1240 1556 1182 1449 35
 1241 1557 1182 1463 51
 1242 1558 1183 1194 35
 1243 1559 1183 1315 42
 1244 1560 1183 1460 55
 1245 1561 1183 1488 35
 1246 1562 1184 1236 53
 1247 1563 1185 1367 36
 1248 1564 1185 1489 48
 1249 1567 1188 1256 51
 1250 1568 1189 1380 52
 1251 1571 1192 1209 48
 1252 1572 1192 1282 39
 1253 1574 1192 1578 47
 1254 1575 1193 1576 50
 1255 1576 1194 1534 33
 1256 1577 1195 1278 35
 1257 1578 1196 1353 48
 1258 1581 1200 1355 52
 1259 1582 1200 1517 55
 1260 1583 1201 1202 52
 1261 1584 1201 1373 35
 1262 1585 1201 1527 50
 1263 1586 1202 1338 49
 1264 1587 1202 1523 42
 1265 1588 1203 1325 46
 1266 1589 1203 1345 54
 1267 1590 1203 1524 50
 1268 1591 1204 1279 34
 1269 1592 1204 1536 33
 1270 1593 1205 1380 51
 1271 1594 1206 1599 52
 1272 1596 1209 1479 44
 1273 1599 1212 1213 50
 1274 1601 1212 1582 36
 1275 1603 1213 1336 47
 1276 1604 1213 1593 32
 1277 1605 1213 1594 59
 1278 1606 1214 1504 37
 1279 1607 1215 1249 49
 1280 1608 1217 1348 44
 1281 1609 1217 1444 50
 1282 1611 1219 1505 41
 1283 1613 1223 1250 35
 1284 1616 1226 1261 41
 1285 1617 1226 1383 40
 1286 1618 1227 1260 35
 1287 1619 1228 1368 48
 1288 1620 1230 1498 55
 1289 1621 1231 1499 58
 1290 1622 1233 1312 53
 1291 1623 1233 1363 52
 1292 1624 1233 1382 51
 1293 1625 1233 1526 53
 1294 1626 1233 1599 48
 1295 1627 1234 1347 50
 1296 1628 1234 1564 51
 1297 1630 1239 1535 40
 1298 1631 1239 1565 38
 1299 1632 1241 1518 56
 1300 1634 1243 1251 35
 1301 1635 1244 1311 52
 1302 1636 1244 1326 43
 1303 1637 1244 1330 41
 1304 1638 1244 1546 37
 1305 1639 1245 1291 49
 1306 1641 1245 1425 34
 1307 1644 1248 1375 49
 1308 1645 1248 1390 49
 1309 1646 1249 1427 49
 1310 1647 1250 1251 40
 1311 1648 1250 1271 46
 1312 1649 1250 1290 47
 1313 1650 1250 1310 35
 1314 1651 1250 1403 34
 1315 1652 1251 1487 34
 1316 1654 1253 1514 49
 1317 1655 1253 1544 49
 1318 1658 1257 1508 54
 1319 1659 1259 1336 50
 1320 1660 1259 1563 53
 1321 1661 1260 1261 36
 1322 1663 1262 1337 42
 1323 1664 1262 1528 49
 1324 1666 1265 1313 49
 1325 1667 1265 1503 50
 1326 1668 1267 1292 51
 1327 1669 1269 1543 47
 1328 1673 1275 1545 50
 1329 1674 1276 1392 39
 1330 1675 1276 1536 36
 1331 1676 1277 1339 46
 1332 1677 1277 1500 49
 1333 1678 1278 1569 33
 1334 1679 1283 1454 35
 1335 1681 1284 1417 48
 1336 1682 1285 1298 33
 1337 1683 1285 1408 45
 1338 1685 1290 1495 34
 1339 1686 1291 1435 33
 1340 1687 1293 1467 44
 1341 1688 1293 1577 35
 1342 1689 1294 1577 33
 1343 1690 1295 1328 58
 1344 1691 1295 1475 52
 1345 1693 1298 1418 50
 1346 1694 1301 1342 52
 1347 1695 1303 1507 55
 1348 1696 1303 1598 51
 1349 1699 1307 1538 37
 1350 1700 1308 1420 33
 1351 1701 1309 1562 42
 1352 1702 1309 1802 46
 1353 1703 1310 1462 32
 1354 1704 1311 1329 53
 1355 1708 1319 1580 50
 1356 1711 1323 1360 54
 1357 1712 1329 1538 36
 1358 1713 1329 1587 42
 1359 1714 1330 1587 42
 1360 1717 1335 1374 56
 1361 1718 1339 1503 48
 1362 1720 1343 1344 50
 1363 1721 1343 1574 51
 1364 1722 1344 1520 36
 1365 1723 1346 1426 39
 1366 1724 1346 1527 51
 1367 1725 1346 1579 38
 1368 1726 1347 1553 46
 1369 1727 1351 1452 36
 1370 1728 1351 1494 49
 1371 1730 1353 1539 48
 1372 1731 1356 1390 35
 1373 1732 1360 1476 53
 1374 1734 1362 1570 33
 1375 1735 1363 1499 43
 1376 1737 1366 1502 44
 1377 1738 1367 1432 48
 1378 1739 1369 1533 48
 1379 1740 1369 1601 51
 1380 1743 1373 1524 36
 1381 1744 1375 1376 33
 1382 1745 1375 1445 35
 1383 1746 1376 1392 35
 1384 1747 1376 1538 34
 1385 1749 1378 1540 34
 1386 1750 1379 1388 33
 1387 1752 1382 1383 48
 1388 1753 1383 1482 48
 1389 1754 1383 1576 33
 1390 1755 1384 1565 50
 1391 1757 1388 1552 34
 1392 1758 1389 1537 51
 1393 1760 1393 1394 49
 1394 1761 1394 1502 50
 1395 1763 1397 1443 50
 1396 1764 1398 1416 51
 1397 1765 1398 1544 47
 1398 1772 1407 1581 35
 1399 1773 1408 1411 39
 1400 1774 1410 1601 51
 1401 1776 1413 1556 28
 1402 1777 1414 1430 33
 1403 1778 1415 1453 41
 1404 1779 1415 1537 51
 1405 1780 1416 1440 42
 1406 1781 1416 1514 50
 1407 1783 1417 1548 55
 1408 1785 1421 1422 57
 1409 1786 1421 1423 51
 1410 1787 1423 1463 54
 1411 1788 1424 1445 34
 1412 1789 1426 1489 49
 1413 1790 1427 1431 40
 1414 1791 1427 1432 34
 1415 1792 1430 1595 50
 1416 1793 1431 1432 35
 1417 1794 1431 1489 51
 1418 1797 1435 1475 50
 1419 1798 1435 1518 31
 1420 1801 1439 1513 46
 1421 1804 1443 1540 36
 1422 1811 1461 1533 36
 1423 1812 1461 1600 35
 1424 1814 1469 1470 54
 1425 1815 1469 1515 54
 1426 1818 1477 1574 46
 1427 1819 1483 1503 47
 1428 1820 1484 1502 51
 1429 1821 1486 1549 37
 1430 1822 1487 1492 34
 1431 1823 1490 1491 55
 1432 1825 1494 1537 50
 1433 1828 1498 1526 50
 1434 1829 1502 1503 49
 1435 1830 1502 1515 49
 1436 1831 1504 1534 49
 1437 1833 1505 1557 30
 1438 1834 1506 1508 43
 1439 1835 1506 1517 38
 1440 1836 1507 1517 33
 1441 1844 1540 1583 51
 1442 1846 1548 1579 48
 1443 1847 1560 1578 50
 1444 1849 1563 1564 50
 1445 1850 1565 1573 51
 1446 1853 1580 1581 54
 1447 1854 1582 1586 36
 1448 1857 1602 1729 55
 1449 1858 1602 2001 51
 1450 1860 1603 1759 54
 1451 1861 1603 2103 55
 1452 1863 1606 1673 40
 1453 1864 1606 2095 38
 1454 1865 1607 1809 43
 1455 1866 1607 2226 38
 1456 1867 1608 1687 51
 1457 1868 1608 1826 51
 1458 1869 1609 1700 46
 1459 1870 1609 1823 52
 1460 1871 1609 2087 52
 1461 1873 1610 1623 33
 1462 1874 1610 1987 33
 1463 1875 1612 1641 55
 1464 1876 1612 1662 54
 1465 1877 1613 1859 35
 1466 1878 1613 1921 35
 1467 1881 1616 1848 54
 1468 1882 1616 2071 44
 1469 1883 1617 1618 49
 1470 1884 1617 1840 35
 1471 1886 1618 1619 35
 1472 1887 1618 1651 33
 1473 1889 1619 1777 48
 1474 1890 1619 1839 33
 1475 1893 1620 1897 48
 1476 1894 1620 2059 35
 1477 1895 1622 1894 38
 1478 1896 1622 2076 47
 1479 1897 1623 1830 36
 1480 1898 1623 1832 55
 1481 1899 1623 2383 29
 1482 1900 1624 1734 32
 1483 1901 1624 1889 33
 1484 1902 1624 1898 33
 1485 1903 1624 2383 35
 1486 1908 1628 2107 42
 1487 1909 1628 2112 35
 1488 1910 1629 1659 52
 1489 1911 1629 1823 47
 1490 1914 1632 1664 49
 1491 1915 1632 1693 45
 1492 1916 1633 1874 50
 1493 1917 1633 1906 49
 1494 1918 1634 1860 48
 1495 1919 1634 2113 51
 1496 1921 1635 1743 34
 1497 1922 1635 1810 50
 1498 1923 1637 1748 54
 1499 1925 1637 1932 47
 1500 1927 1638 1990 50
 1501 1928 1638 2044 59
 1502 1929 1638 2070 48
 1503 1930 1639 1735 47
 1504 1931 1639 2103 56
 1505 1932 1640 1903 63
 1506 1933 1640 2015 56
 1507 1934 1641 2020 53
 1508 1939 1644 1761 39
 1509 1940 1644 1971 41
 1510 1941 1645 1650 48
 1511 1942 1645 1776 52
 1512 1943 1646 1655 45
 1513 1944 1646 1674 40
 1514 1946 1647 1731 49
 1515 1947 1647 1767 33
 1516 1952 1649 1752 42
 1517 1953 1649 1884 46
 1518 1954 1649 1948 59
 1519 1955 1649 1956 51
 1520 1956 1650 1930 44
 1521 1957 1650 1931 53
 1522 1958 1650 2068 34
 1523 1959 1650 2077 46
 1524 1960 1651 1916 35
 1525 1961 1652 1663 51
 1526 1962 1652 1804 53
 1527 1963 1653 1918 45
 1528 1964 1653 2018 38
 1529 1965 1654 1669 46
 1530 1966 1654 1950 49
 1531 1967 1655 1901 50
 1532 1968 1656 1673 41
 1533 1969 1656 1917 44
 1534 1970 1657 2002 54
 1535 1971 1657 2106 49
 1536 1972 1658 1693 47
 1537 1973 1658 1845 46
 1538 1974 1658 1913 36
 1539 1975 1658 2078 48
 1540 1976 1659 1985 52
 1541 1979 1661 1667 39
 1542 1980 1661 1804 38
 1543 1981 1662 1788 61
 1544 1982 1662 1826 51
 1545 1983 1663 1992 50
 1546 1985 1664 1775 58
 1547 1986 1664 2020 51
 1548 1987 1666 1667 51
 1549 1988 1666 1983 44
 1550 1989 1667 2038 30
 1551 1993 1669 1700 52
 1552 1994 1669 1758 51
 1553 1998 1673 1986 47
 1554 1999 1674 1854 46
 1555 2000 1674 1893 45
 1556 2001 1674 1918 49
 1557 2002 1675 1684 42
 1558 2003 1675 1917 41
 1559 2004 1676 1864 40
 1560 2005 1676 1945 37
 1561 2010 1680 1681 33
 1562 2011 1680 1921 36
 1563 2012 1680 1960 35
 1564 2014 1680 2012 35
 1565 2015 1681 1834 34
 1566 2016 1681 1859 33
 1567 2017 1681 1904 47
 1568 2018 1681 2096 41
 1569 2019 1682 1683 37
 1570 2020 1682 2029 36
 1571 2021 1683 1684 35
 1572 2022 1684 2015 35
 1573 2025 1686 1720 51
 1574 2026 1686 1827 53
 1575 2027 1686 1962 53
 1576 2029 1687 1983 47
 1577 2030 1688 1835 31
 1578 2031 1688 2086 40
 1579 2036 1691 1861 32
 1580 2037 1691 1874 45
 1581 2039 1694 1832 52
 1582 2040 1694 1963 56
 1583 2044 1701 1912 39
 1584 2045 1701 1922 41
 1585 2046 1703 1788 43
 1586 2047 1703 1951 55
 1587 2048 1704 1956 44
 1588 2049 1704 2112 40
 1589 2050 1705 1814 55
 1590 2051 1705 1974 56
 1591 2055 1709 2046 51
 1592 2056 1709 2112 49
 1593 2060 1712 1760 59
 1594 2061 1712 1762 57
 1595 2064 1715 1748 52
 1596 2065 1715 2022 53
 1597 2066 1716 1739 35
 1598 2067 1716 1847 45
 1599 2070 1717 1967 53
 1600 2071 1717 2108 33
 1601 2072 1719 2085 42
 1602 2073 1719 2087 36
 1603 2074 1720 2071 49
 1604 2077 1723 1731 34
 1605 2078 1723 1838 34
 1606 2079 1724 1795 49
 1607 2080 1724 1906 43
 1608 2082 1726 1727 38
 1609 2083 1726 1756 46
 1610 2084 1726 1766 46
 1611 2085 1727 1825 43
 1612 2088 1729 1787 55
 1613 2089 1730 1884 32
 1614 2090 1730 1981 52
 1615 2092 1733 1735 49
 1616 2093 1733 1737 56
 1617 2094 1734 1767 33
 1618 2096 1734 1830 33
 1619 2098 1737 1993 52
 1620 2100 1739 1959 35
 1621 2101 1739 1969 54
 1622 2104 1742 1743 50
 1623 2105 1742 1963 49
 1624 2106 1744 1901 45
 1625 2107 1744 1906 49
 1626 2108 1744 1999 32
 1627 2109 1745 2043 50
 1628 2110 1746 1862 51
 1629 2111 1746 2085 37
 1630 2113 1747 2041 48
 1631 2114 1747 2044 47
 1632 2115 1747 2056 48
 1633 2118 1748 2055 35
 1634 2119 1748 2061 47
 1635 2120 1748 2114 51
 1636 2124 1752 1783 42
 1637 2125 1753 1772 44
 1638 2128 1756 1794 55
 1639 2130 1758 1822 52
 1640 2131 1759 1801 54
 1641 2132 1760 1863 35
 1642 2133 1760 1888 50
 1643 2134 1760 1964 51
 1644 2135 1761 1855 39
 1645 2136 1761 1883 48
 1646 2137 1761 2234 43
 1647 2139 1766 1935 55
 1648 2144 1772 1801 53
 1649 2147 1776 1777 52
 1650 2148 1776 1942 34
 1651 2149 1778 1782 47
 1652 2150 1778 1919 42
 1653 2153 1781 1920 46
 1654 2154 1781 2077 44
 1655 2155 1782 1783 41
 1656 2156 1784 1919 43
 1657 2157 1784 2067 35
 1658 2161 1789 1790 44
 1659 2162 1789 1919 50
 1660 2163 1790 2113 48
 1661 2166 1794 1796 55
 1662 2167 1795 1894 48
 1663 2168 1796 1843 48
 1664 2169 1796 1878 50
 1665 2173 1802 2092 53
 1666 2175 1807 1829 35
 1667 2176 1807 1839 35
 1668 2177 1809 1964 43
 1669 2179 1810 2090 39
 1670 2181 1812 1865 33
 1671 2182 1812 1865 33
 1672 2185 1814 1969 57
 1673 2186 1814 2069 54
 1674 2189 1818 1819 37
 1675 2190 1818 2068 37
 1676 2191 1819 1885 54
 1677 2193 1822 1828 54
 1678 2195 1822 1952 54
 1679 2196 1823 1910 53
 1680 2197 1823 2084 51
 1681 2198 1824 1906 53
 1682 2199 1824 1926 50
 1683 2200 1825 2101 40
 1684 2201 1827 1985 51
 1685 2202 1828 2098 55
 1686 2203 1829 1942 34
 1687 2204 1830 1838 34
 1688 2205 1831 1846 37
 1689 2206 1831 1864 40
 1690 2207 1833 1976 42
 1691 2208 1833 2047 44
 1692 2209 1834 1960 36
 1693 2210 1835 1944 36
 1694 2211 1836 1975 53
 1695 2212 1836 2102 57
 1696 2213 1837 1962 54
 1697 2214 1837 2102 53
 1698 2215 1839 2010 56
 1699 2216 1839 2100 32
 1700 2217 1840 2010 56
 1701 2220 1843 2000 52
 1702 2222 1845 1939 56
 1703 2223 1845 1945 34
 1704 2224 1846 1992 46
 1705 2225 1846 2080 54
 1706 2226 1847 1925 52
 1707 2227 1848 1939 52
 1708 2229 1850 1945 47
 1709 2230 1850 1991 49
 1710 2232 1853 1926 53
 1711 2233 1853 1986 44
 1712 2234 1854 1924 49
 1713 2235 1855 2101 42
 1714 2236 1856 1986 51
 1715 2237 1856 2047 46
 1716 2239 1860 1862 46
 1717 2240 1861 2093 58
 1718 2241 1863 2023 45
 1719 2244 1865 1963 48
 1720 2245 1865 2090 50
 1721 2249 1869 1877 55
 1722 2250 1869 1978 53
 1723 2251 1873 1881 54
 1724 2253 1873 2013 47
 1725 2254 1873 2070 48
 1726 2255 1875 1876 51
 1727 2256 1875 1877 56
 1728 2257 1876 1878 51
 1729 2258 1877 1880 53
 1730 2260 1878 1935 53
 1731 2261 1880 1932 48
 1732 2262 1880 1947 48
 1733 2263 1880 2050 48
 1734 2264 1881 2000 47
 1735 2265 1881 2033 48
 1736 2266 1881 2035 50
 1737 2267 1881 2079 50
 1738 2269 1882 2273 51
 1739 2270 1882 2333 49
 1740 2271 1883 2064 41
 1741 2272 1883 2244 54
 1742 2273 1883 2278 59
 1743 2274 1884 2061 51
 1744 2276 1885 1934 51
 1745 2279 1888 1943 56
 1746 2281 1889 1987 37
 1747 2282 1891 1892 48
 1748 2283 1891 2021 47
 1749 2284 1892 2041 45
 1750 2285 1893 1923 47
 1751 2286 1895 1900 36
 1752 2287 1895 1927 48
 1753 2289 1897 1988 55
 1754 2291 1898 2014 35
 1755 2292 1900 1903 32
 1756 2293 1900 2073 34
 1757 2294 1901 1924 35
 1758 2295 1902 2002 53
 1759 2296 1902 2073 53
 1760 2299 1906 1907 54
 1761 2301 1906 1959 34
 1762 2302 1907 1914 34
 1763 2303 1907 1929 46
 1764 2306 1910 2097 52
 1765 2307 1911 1996 51
 1766 2308 1911 2112 46
 1767 2309 1912 2096 35
 1768 2310 1913 2086 30
 1769 2312 1914 1975 38
 1770 2313 1914 2038 34
 1771 2314 1916 2100 35
 1772 2316 1920 2072 48
 1773 2317 1921 1922 53
 1774 2318 1921 1995 48
 1775 2319 1922 2012 36
 1776 2320 1922 2080 54
 1777 2321 1923 2076 49
 1778 2322 1925 1933 52
 1779 2323 1927 2073 36
 1780 2324 1929 2018 50
 1781 2325 1930 2074 46
 1782 2326 1931 1977 50
 1783 2327 1933 2095 45
 1784 2328 1934 1988 49
 1785 2333 1943 1993 54
 1786 2334 1944 2049 34
 1787 2336 1947 1948 56
 1788 2338 1950 1951 51
 1789 2339 1952 1953 51
 1790 2340 1953 2093 60
 1791 2341 1955 1956 56
 1792 2342 1955 2033 49
 1793 2347 1965 2048 35
 1794 2348 1965 2084 50
 1795 2349 1966 2090 48
 1796 2350 1966 2114 52
 1797 2351 1967 1987 50
 1798 2352 1968 2048 48
 1799 2353 1968 2113 51
 1800 2354 1970 1999 31
 1801 2355 1970 2038 44
 1802 2356 1971 2047 40
 1803 2358 1974 1976 51
 1804 2359 1977 2037 31
 1805 2360 1978 2013 51
 1806 2364 1981 1987 46
 1807 2366 1987 2014 35
 1808 2367 1988 2108 29
 1809 2368 1989 1991 51
 1810 2369 1989 2049 34
 1811 2370 1990 2079 52
 1812 2371 1995 2078 47
 1813 2372 1996 2085 47
 1814 2373 2001 2023 50
 1815 2384 2021 2056 46
 1816 2385 2021 2058 58
 1817 2386 2022 2035 44
 1818 2387 2022 2037 49
 1819 2389 2029 2064 41
 1820 2391 2034 2050 49
 1821 2392 2034 2058 48
 1822 2395 2037 2055 50
 1823 2396 2038 2106 38
 1824 2399 2046 2069 58
 1825 2403 2059 2091 31
 1826 2404 2067 2107 36
 1827 2405 2072 2074 47
 1828 2409 2088 2089 38
 1829 2410 2088 2092 35
 1830 2411 2090 2091 46
 1831 2412 2097 2099 53
 1832 2413 2098 2099 54
 1833 2415 2116 2166 58
 1834 2416 2116 2167 47
 1835 2417 2117 2216 39
 1836 2418 2117 2235 38
 1837 2419 2118 2131 60
 1838 2420 2118 2134 63
 1839 2421 2119 2123 46
 1840 2422 2119 2220 34
 1841 2424 2119 2368 37
 1842 2425 2119 2368 37
 1843 2427 2120 2245 49
 1844 2428 2120 2365 45
 1845 2430 2121 2158 41
 1846 2431 2121 2199 33
 1847 2432 2121 2380 37
 1848 2434 2123 2306 48
 1849 2435 2124 2129 55
 1850 2436 2124 2250 49
 1851 2437 2124 2308 52
 1852 2438 2125 2229 42
 1853 2439 2125 2377 37
 1854 2440 2126 2132 53
 1855 2441 2126 2194 55
 1856 2442 2127 2284 51
 1857 2443 2127 2290 58
 1858 2445 2129 2193 55
 1859 2447 2131 2306 38
 1860 2448 2132 2196 53
 1861 2451 2134 2194 55
 1862 2453 2135 2164 35
 1863 2454 2135 2268 34
 1864 2455 2136 2251 54
 1865 2456 2136 2282 51
 1866 2457 2137 2142 53
 1867 2459 2137 2348 49
 1868 2460 2138 2139 54
 1869 2461 2138 2169 53
 1870 2462 2138 2173 50
 1871 2463 2138 2377 56
 1872 2464 2139 2255 60
 1873 2465 2139 2304 57
 1874 2467 2140 2349 36
 1875 2468 2140 2349 36
 1876 2469 2141 2345 53
 1877 2470 2141 2357 55
 1878 2471 2142 2316 58
 1879 2472 2143 2187 57
 1880 2473 2143 2294 46
 1881 2477 2147 2169 50
 1882 2478 2147 2233 56
 1883 2481 2150 2229 50
 1884 2482 2150 2322 43
 1885 2483 2151 2164 33
 1886 2484 2151 2323 34
 1887 2485 2152 2260 60
 1888 2486 2152 2290 59
 1889 2488 2154 2200 46
 1890 2489 2154 2303 50
 1891 2490 2155 2360 34
 1892 2491 2155 2362 48
 1893 2492 2156 2157 43
 1894 2493 2156 2366 39
 1895 2494 2157 2158 37
 1896 2495 2157 2214 42
 1897 2496 2157 2351 46
 1898 2497 2158 2213 37
 1899 2498 2159 2160 54
 1900 2499 2159 2165 51
 1901 2500 2159 2251 35
 1902 2501 2159 2284 55
 1903 2502 2159 2375 39
 1904 2503 2160 2279 55
 1905 2504 2161 2298 38
 1906 2505 2161 2375 41
 1907 2508 2165 2233 59
 1908 2509 2165 2263 62
 1909 2510 2165 2296 62
 1910 2511 2165 2328 46
 1911 2512 2166 2168 51
 1912 2513 2166 2171 55
 1913 2514 2166 2282 55
 1914 2516 2166 2338 54
 1915 2517 2167 2169 51
 1916 2518 2167 2286 51
 1917 2519 2167 2287 52
 1918 2521 2168 2263 59
 1919 2522 2168 2275 55
 1920 2524 2169 2299 34
 1921 2526 2170 2205 50
 1922 2527 2170 2206 60
 1923 2528 2170 2241 55
 1924 2529 2170 2275 55
 1925 2530 2170 2327 36
 1926 2531 2170 2367 52
 1927 2532 2171 2330 53
 1928 2533 2172 2173 36
 1929 2534 2172 2180 34
 1930 2535 2172 2341 52
 1931 2536 2172 2356 56
 1932 2537 2173 2179 52
 1933 2538 2173 2332 34
 1934 2539 2174 2257 57
 1935 2540 2174 2267 59
 1936 2544 2177 2232 43
 1937 2545 2177 2352 57
 1938 2546 2178 2199 31
 1939 2547 2178 2209 36
 1940 2548 2179 2299 57
 1941 2549 2180 2332 35
 1942 2553 2184 2286 51
 1943 2554 2184 2296 55
 1944 2556 2186 2188 52
 1945 2557 2186 2193 58
 1946 2558 2186 2309 57
 1947 2559 2187 2221 47
 1948 2560 2187 2225 51
 1949 2561 2187 2352 58
 1950 2562 2188 2221 51
 1951 2563 2188 2324 49
 1952 2566 2191 2228 36
 1953 2567 2191 2250 52
 1954 2568 2191 2276 54
 1955 2569 2191 2335 40
 1956 2570 2192 2237 53
 1957 2571 2192 2274 54
 1958 2572 2195 2196 36
 1959 2573 2195 2212 55
 1960 2574 2195 2336 47
 1961 2575 2195 2368 48
 1962 2576 2196 2204 53
 1963 2577 2196 2220 55
 1964 2579 2197 2274 48
 1965 2580 2197 2333 47
 1966 2581 2198 2258 51
 1967 2582 2198 2272 40
 1968 2583 2200 2361 47
 1969 2586 2203 2205 58
 1970 2588 2203 2328 53
 1971 2589 2204 2210 58
 1972 2590 2206 2356 47
 1973 2592 2208 2255 52
 1974 2593 2208 2341 53
 1975 2594 2209 2351 38
 1976 2595 2210 2316 57
 1977 2596 2211 2214 40
 1978 2597 2211 2224 37
 1979 2598 2212 2295 53
 1980 2599 2213 2224 38
 1981 2600 2215 2217 53
 1982 2601 2215 2278 50
 1983 2602 2216 2218 44
 1984 2603 2217 2237 47
 1985 2604 2218 2245 45
 1986 2607 2221 2223 54
 1987 2608 2221 2238 51
 1988 2609 2222 2227 37
 1989 2610 2222 2352 41
 1990 2611 2223 2240 57
 1991 2612 2224 2318 37
 1992 2613 2225 2276 57
 1993 2614 2226 2362 41
 1994 2615 2227 2339 36
 1995 2616 2228 2267 57
 1996 2617 2229 2230 50
 1997 2618 2230 2355 39
 1998 2619 2231 2236 60
 1999 2620 2231 2334 61
 2000 2621 2232 2292 46
 2001 2622 2232 2362 41
 2002 2623 2233 2259 36
 2003 2624 2233 2259 36
 2004 2625 2234 2361 45
 2005 2626 2235 2257 37
 2006 2627 2236 2359 48
 2007 2629 2237 2273 52
 2008 2630 2238 2298 39
 2009 2631 2239 2268 46
 2010 2632 2239 2380 33
 2011 2633 2240 2335 51
 2012 2634 2241 2338 44
 2013 2635 2242 2246 61
 2014 2636 2242 2280 57
 2015 2637 2243 2309 52
 2016 2638 2243 2324 52
 2017 2639 2244 2310 46
 2018 2641 2246 2258 58
 2019 2643 2249 2262 54
 2020 2646 2254 2323 35
 2021 2647 2254 2380 36
 2022 2648 2256 2283 52
 2023 2649 2256 2287 60
 2024 2650 2257 2258 55
 2025 2651 2257 2260 44
 2026 2652 2257 2262 50
 2027 2653 2258 2261 42
 2028 2654 2260 2261 56
 2029 2655 2260 2271 53
 2030 2656 2260 2331 53
 2031 2658 2261 2272 57
 2032 2659 2261 2365 43
 2033 2660 2264 2270 49
 2034 2661 2264 2271 41
 2035 2662 2265 2355 43
 2036 2663 2265 2378 39
 2037 2664 2270 2272 48
 2038 2665 2273 2274 51
 2039 2666 2273 2310 49
 2040 2669 2279 2280 58
 2041 2670 2281 2334 57
 2042 2671 2281 2338 58
 2043 2672 2283 2326 54
 2044 2674 2288 2344 58
 2045 2675 2288 2345 39
 2046 2678 2292 2308 47
 2047 2679 2293 2327 36
 2048 2680 2293 2330 52
 2049 2681 2294 2336 41
 2050 2682 2295 2379 53
 2051 2683 2300 2304 60
 2052 2684 2300 2353 50
 2053 2685 2300 2354 59
 2054 2686 2303 2343 61
 2055 2691 2317 2329 33
 2056 2692 2317 2350 38
 2057 2693 2318 2321 40
 2058 2695 2321 2323 35
 2059 2696 2322 2323 52
 2060 2697 2323 2329 45
 2061 2698 2323 2380 34
 2062 2699 2324 2359 45
 2063 2700 2324 2379 60
 2064 2701 2326 2367 50
 2065 2702 2339 2340 60
 2066 2703 2339 2342 50
 2067 2704 2339 2343 62
 2068 2705 2342 2343 35
 2069 2706 2342 2344 57
 2070 2707 2342 2347 35
 2071 2708 2342 2347 39
 2072 2709 2348 2379 60
 2073 2710 2350 2366 36
 2074 2711 2353 2378 56
 2075 2712 2354 2377 55
 2076 2713 2357 2358 63
 2077 2714 2357 2363 63
 2078 2715 2357 2372 54
 2079 2716 2357 2372 54
 2080 2717 2358 2361 64
 2081 2718 2360 2363 53
 2082 2719 2361 2362 49
 2083 2722 2377 2378 40
 2084 2723 2380 2381 53
 2085 2725 355 1 43
 2086 2726 354 2 41
 2087 2727 219 3 36
 2088 2728 220 3 51
 2089 2729 245 4 53
 2090 2730 246 4 54
 2091 2731 5 6 54
 2092 2732 309 5 57
 2093 2733 309 5 49
 2094 2734 310 6 56
 2095 2735 321 7 66
 2096 2736 322 7 67
 2097 2737 332 9 56
 2098 2738 346 10 51
 2099 2739 347 10 50
 2100 2740 352 11 54
 2101 2741 353 11 57
 2102 2742 359 12 56
 2103 2743 360 12 61
 2104 2744 365 13 62
 2105 2745 366 13 54
 2106 2746 367 14 50
 2107 2747 368 14 59
 2108 2748 374 15 60
 2109 2749 16 18 40
 2110 2750 17 18 43
 2111 2751 425 19 59
 2112 2752 447 20 46
 2113 2753 448 20 43
 2114 2754 502 21 58
 2115 2755 526 22 57
 2116 2756 527 22 57
 2117 2757 540 23 50
 2118 2758 545 24 49
 2119 2759 564 25 58
 2120 2760 568 26 52
 2121 2761 29 32 48
 2122 2762 613 29 51
 2123 2763 615 33 44
 2124 2764 617 35 56
 2125 2765 644 36 51
 2126 2766 645 36 51
 2127 2767 663 37 53
 2128 2769 679 40 31
 2129 2770 41 43 33
 2130 2771 689 42 52
 2131 2772 706 47 36
 2132 2773 707 47 30
 2133 2774 717 48 40
 2134 2775 716 49 36
 2135 2776 726 50 52
 2136 2777 727 51 51
 2137 2778 754 52 47
 2138 2779 778 55 51
 2139 2780 796 56 40
 2140 2781 821 59 56
 2141 2782 834 60 40
 2142 2783 836 60 47
 2143 2784 66 67 46
 2144 2785 911 67 37
 2145 2786 912 67 33
 2146 2787 978 68 49
 2147 2788 979 68 48
 2148 2789 995 69 55
 2149 2790 996 69 44
 2150 2791 1059 71 58
 2151 2793 73 75 35
 2152 2794 74 76 37
 2153 2795 1095 77 55
 2154 2796 1096 77 39
 2155 2797 1106 78 43
 2156 2798 1114 80 44
 2157 2799 1115 81 45
 2158 2800 1138 82 55
 2159 2801 1139 82 56
 2160 2802 1141 83 47
 2161 2803 1192 84 46
 2162 2804 1182 85 51
 2163 2805 1184 86 51
 2164 2806 1213 87 52
 2165 2807 1217 89 53
 2166 2808 1244 90 53
 2167 2809 1343 91 56
 2168 2810 1382 92 48
 2169 2811 1384 92 53
 2170 2812 1418 93 52
 2171 2813 1426 96 42
 2172 2815 1502 98 58
 2173 2816 1504 100 52
 2174 2817 1505 101 42
 2175 2818 1524 102 52
 2176 2819 103 106 31
 2177 2820 1536 103 47
 2178 2821 1538 104 47
 2179 2822 1552 107 48
 2180 2823 1553 107 59
 2181 2824 1603 111 35
 2182 2825 1623 113 51
 2183 2826 1624 113 39
 2184 2827 1647 114 41
 2185 2828 1649 115 34
 2186 2829 1650 116 37
 2187 2830 1655 117 49
 2188 2831 1680 118 51
 2189 2832 1686 120 52
 2190 2833 1687 120 44
 2191 2834 1747 121 50
 2192 2835 1748 121 57
 2193 2836 1760 123 41
 2194 2837 1762 123 55
 2195 2838 1764 123 42
 2196 2839 1761 124 44
 2197 2840 1763 124 34
 2198 2841 1775 125 58
 2199 2842 126 127 56
 2200 2843 1814 129 47
 2201 2844 1822 130 46
 2202 2845 1823 130 46
 2203 2846 131 133 44
 2204 2847 1839 131 57
 2205 2848 132 134 49
 2206 2849 1840 132 58
 2207 2850 1845 135 52
 2208 2851 1846 135 50
 2209 2852 1880 138 38
 2210 2853 1881 138 38
 2211 2854 1882 140 51
 2212 2855 1902 141 54
 2213 2856 1903 141 51
 2214 2857 1904 142 52
 2215 2859 143 145 45
 2216 2860 1907 144 55
 2217 2861 1906 145 53
 2218 2862 1919 147 52
 2219 2863 1920 148 53
 2220 2864 1925 149 56
 2221 2865 1987 150 47
 2222 2866 1988 151 48
 2223 2867 2090 152 43
 2224 2868 2112 154 49
 2225 2869 2113 154 32
 2226 2870 2134 155 63
 2227 2871 156 158 49
 2228 2872 2157 157 50
 2229 2873 2165 159 57
 2230 2874 2166 160 49
 2231 2875 2170 161 47
 2232 2876 2169 162 54
 2233 2877 163 165 68
 2234 2878 2188 163 54
 2235 2879 2186 164 50
 2236 2880 2187 165 61
 2237 2881 2195 166 54
 2238 2882 2196 167 54
 2239 2883 2258 169 55
 2240 2884 2260 170 54
 2241 2885 2261 171 50
 2242 2886 2339 172 63
 2243 2887 2340 173 63
 2244 2888 2357 174 66
 2245 2889 2357 175 64
 2246 2890 2377 176 53
 2247 2891 2378 176 54
 2248 2892 2380 178 50
 2249 2893 2381 179 51
 2250 2894 1764 1760 51
 2251 2895 1763 1761 44
