  1  1  1.0262331
  2  1  1.92
  13  1  3.768366
  14  1  0.20841831
  15  1  2.0295527
  16  1  1.5
  18  1  3.1194067
  21  1  3.1194067
  22  1  1.6743912
  23  1  6.1955256
  1  1  1.0262331
  2  1  1.92
  13  1  3.768366
  14  1  0.20841831
  15  1  2.0295527
  16  1  1.5
  18  1  3.1194067
  21  1  3.1194067
  22  1  1.6743912
  23  1  6.1955256
  1  1  1.0262331
  2  1  1.92
  13  1  3.768366
  14  1  0.20841831
  15  1  2.0295527
  16  1  1.5
  18  1  3.1194067
  21  1  3.1194067
  22  1  1.6743912
  23  1  6.1955256
  1  1  1.0262331
  2  1  1.92
  13  1  3.768366
  14  1  0.20841831
  15  1  2.0295527
  16  1  1.5
  18  1  3.1194067
  21  1  3.1194067
  22  1  1.6743912
  23  1  6.1955256
