  1  1  1.5778513
  2  1  1.92
  7  1  2.878642
  13  1  4.8988204
  14  1  0.26494104
  15  1  2.0730317
  16  1  1.5
  18  1  3.6628942
  21  1  3.6628942
  22  1  2.122225
  1  1  1.5778513
  2  1  1.92
  7  1  2.878642
  13  1  4.8988204
  14  1  0.26494104
  15  1  2.0730317
  16  1  1.5
  18  1  3.6628942
  21  1  3.6628942
  22  1  2.122225
  1  1  1.5778513
  2  1  1.92
  7  1  2.878642
  13  1  4.8988204
  14  1  0.26494104
  15  1  2.0730317
  16  1  1.5
  18  1  3.6628942
  21  1  3.6628942
  22  1  2.122225
  1  1  1.5778513
  2  1  1.92
  7  1  2.878642
  13  1  4.8988204
  14  1  0.26494104
  15  1  2.0730317
  16  1  1.5
  18  1  3.6628942
  21  1  3.6628942
  22  1  2.122225
